0 0.270703 0.888889 0.017969 0.016667
0 0.271484 0.872222 0.017969 0.016667
0 0.272005 0.856481 0.017969 0.016667
0 0.272786 0.839815 0.017969 0.016667
0 0.273307 0.823611 0.017969 0.016667
0 0.273828 0.807407 0.017969 0.016667
0 0.274349 0.791204 0.017969 0.016667
0 0.275130 0.775463 0.017969 0.016667
0 0.275651 0.759722 0.017969 0.016667
0 0.292578 0.759259 0.017969 0.016667
0 0.292318 0.775000 0.017969 0.016667
0 0.291536 0.791204 0.017969 0.016667
0 0.291016 0.807407 0.017969 0.016667
0 0.290495 0.823611 0.017969 0.016667
0 0.289974 0.839352 0.017969 0.016667
0 0.289193 0.855556 0.017969 0.016667
0 0.288932 0.873148 0.017969 0.016667
0 0.288151 0.887963 0.017969 0.016667
0 0.308724 0.888889 0.017969 0.016667
0 0.308984 0.872685 0.017969 0.016667
0 0.310026 0.856481 0.017969 0.016667
0 0.310286 0.839352 0.017969 0.016667
0 0.310807 0.823611 0.017969 0.016667
0 0.311328 0.806944 0.017969 0.016667
0 0.312109 0.790741 0.017969 0.016667
0 0.312370 0.776389 0.017969 0.016667
0 0.313151 0.759722 0.017969 0.016667
0 0.330078 0.759259 0.017969 0.016667
0 0.329818 0.775000 0.017969 0.016667
0 0.329036 0.790741 0.017969 0.016667
0 0.328516 0.806481 0.017969 0.016667
0 0.328255 0.822685 0.017969 0.016667
0 0.327734 0.838889 0.017969 0.016667
0 0.327214 0.855556 0.017969 0.016667
0 0.326693 0.872685 0.017969 0.016667
0 0.326693 0.888426 0.017969 0.016667
0 0.345703 0.888426 0.017969 0.016667
0 0.346484 0.872222 0.017969 0.016667
0 0.347005 0.855556 0.017969 0.016667
0 0.347526 0.839352 0.017969 0.016667
0 0.347786 0.823148 0.017969 0.016667
0 0.348047 0.806944 0.017969 0.016667
0 0.348568 0.791204 0.017969 0.016667
0 0.349089 0.775000 0.017969 0.016667
0 0.349609 0.759722 0.017969 0.016667
0 0.366797 0.759259 0.017969 0.016667
0 0.366536 0.775463 0.017969 0.016667
0 0.366016 0.790278 0.017969 0.016667
0 0.365495 0.806481 0.017969 0.016667
0 0.365495 0.823148 0.017969 0.016667
0 0.365234 0.838889 0.017969 0.016667
0 0.364714 0.855556 0.017969 0.016667
0 0.364193 0.871759 0.017969 0.016667
0 0.363932 0.888426 0.017969 0.016667
0 0.383984 0.888426 0.017969 0.016667
0 0.384766 0.872685 0.017969 0.016667
0 0.384505 0.856019 0.017969 0.016667
0 0.385026 0.838889 0.017969 0.016667
0 0.385286 0.822685 0.017969 0.016667
0 0.385807 0.806944 0.017969 0.016667
0 0.386328 0.790278 0.017969 0.016667
0 0.386328 0.774537 0.017969 0.016667
0 0.386589 0.757870 0.017969 0.016667
0 0.403776 0.757870 0.017969 0.016667
0 0.403776 0.774074 0.017969 0.016667
0 0.402995 0.789815 0.017969 0.016667
0 0.402995 0.806944 0.017969 0.016667
0 0.402995 0.821759 0.017969 0.016667
0 0.402734 0.838889 0.017969 0.016667
0 0.402214 0.855093 0.017969 0.016667
0 0.402214 0.872222 0.017969 0.016667
0 0.401953 0.888426 0.017969 0.016667
0 0.422005 0.887963 0.017969 0.016667
0 0.422526 0.871759 0.017969 0.016667
0 0.422786 0.854630 0.017969 0.016667
0 0.422526 0.838426 0.017969 0.016667
0 0.423047 0.822222 0.017969 0.016667
0 0.422786 0.806019 0.017969 0.016667
0 0.422786 0.806019 0.017969 0.016667
0 0.423568 0.789815 0.017969 0.016667
0 0.423828 0.774074 0.017969 0.016667
0 0.423828 0.757870 0.017969 0.016667
0 0.440234 0.757407 0.017969 0.016667
0 0.440495 0.773148 0.017969 0.016667
0 0.440495 0.789352 0.017969 0.016667
0 0.440495 0.805556 0.017969 0.016667
0 0.439974 0.822222 0.017969 0.016667
0 0.440755 0.838426 0.017969 0.016667
0 0.440234 0.854167 0.017969 0.016667
0 0.440495 0.871296 0.017969 0.016667
0 0.439974 0.887500 0.017969 0.016667
0 0.457943 0.887500 0.017969 0.016667
0 0.458464 0.870833 0.017969 0.016667
0 0.458203 0.854167 0.017969 0.016667
0 0.458984 0.837963 0.017969 0.016667
0 0.456901 0.807407 0.017969 0.016667
0 0.456901 0.791667 0.017969 0.016667
0 0.457161 0.775000 0.017969 0.016667
0 0.456901 0.759722 0.017969 0.016667
0 0.474870 0.759722 0.017969 0.016667
0 0.475130 0.775463 0.017969 0.016667
0 0.474870 0.791204 0.017969 0.016667
0 0.476172 0.837963 0.017969 0.016667
0 0.476693 0.854167 0.017969 0.016667
0 0.476172 0.871296 0.017969 0.016667
0 0.475911 0.887963 0.017969 0.016667
0 0.493620 0.887037 0.017969 0.016667
0 0.493620 0.871296 0.017969 0.016667
0 0.493359 0.854630 0.017969 0.016667
0 0.493620 0.838426 0.017969 0.016667
0 0.492318 0.806944 0.017969 0.016667
0 0.492318 0.791204 0.017969 0.016667
0 0.492057 0.775000 0.017969 0.016667
0 0.492318 0.758796 0.017969 0.016667
0 0.516276 0.756481 0.017969 0.016667
0 0.516536 0.773148 0.017969 0.016667
0 0.516536 0.789815 0.017969 0.016667
0 0.517057 0.805556 0.017969 0.016667
0 0.516797 0.822222 0.017969 0.016667
0 0.517057 0.838889 0.017969 0.016667
0 0.517057 0.855556 0.017969 0.016667
0 0.517057 0.871759 0.017969 0.016667
0 0.517057 0.887963 0.017969 0.016667
0 0.537630 0.887963 0.017969 0.016667
0 0.537630 0.871759 0.017969 0.016667
0 0.537370 0.855556 0.017969 0.016667
0 0.537109 0.838426 0.017969 0.016667
0 0.536849 0.822222 0.017969 0.016667
0 0.536849 0.805556 0.017969 0.016667
0 0.536589 0.788889 0.017969 0.016667
0 0.536589 0.772685 0.017969 0.016667
0 0.536328 0.756944 0.017969 0.016667
0 0.553516 0.756944 0.017969 0.016667
0 0.554036 0.772685 0.017969 0.016667
0 0.554297 0.788889 0.017969 0.016667
0 0.554818 0.804630 0.017969 0.016667
0 0.554557 0.822222 0.017969 0.016667
0 0.554557 0.838426 0.017969 0.016667
0 0.555078 0.854630 0.017969 0.016667
0 0.555078 0.872222 0.017969 0.016667
0 0.555339 0.888426 0.017969 0.016667
0 0.575911 0.888889 0.017969 0.016667
0 0.575651 0.871296 0.017969 0.016667
0 0.575651 0.855556 0.017969 0.016667
0 0.574870 0.838426 0.017969 0.016667
0 0.574870 0.822222 0.017969 0.016667
0 0.574609 0.805556 0.017969 0.016667
0 0.574089 0.788889 0.017969 0.016667
0 0.574089 0.772685 0.017969 0.016667
0 0.573568 0.757407 0.017969 0.016667
0 0.590755 0.756481 0.017969 0.016667
0 0.591276 0.773611 0.017969 0.016667
0 0.591797 0.789352 0.017969 0.016667
0 0.591536 0.806019 0.017969 0.016667
0 0.592318 0.822222 0.017969 0.016667
0 0.592839 0.837963 0.017969 0.016667
0 0.593099 0.855556 0.017969 0.016667
0 0.593359 0.871296 0.017969 0.016667
0 0.593620 0.888426 0.017969 0.016667
0 0.614974 0.888426 0.017969 0.016667
0 0.614974 0.871759 0.017969 0.016667
0 0.614714 0.855556 0.017969 0.016667
0 0.614453 0.838426 0.017969 0.016667
0 0.613932 0.821759 0.017969 0.016667
0 0.613151 0.805093 0.017969 0.016667
0 0.613151 0.789815 0.017969 0.016667
0 0.612630 0.773148 0.017969 0.016667
0 0.612370 0.756944 0.017969 0.016667
0 0.629557 0.757870 0.017969 0.016667
0 0.630339 0.773611 0.017969 0.016667
0 0.630859 0.789352 0.017969 0.016667
0 0.630859 0.806481 0.017969 0.016667
0 0.630859 0.821759 0.017969 0.016667
0 0.631641 0.838426 0.017969 0.016667
0 0.632161 0.855093 0.017969 0.016667
0 0.632682 0.870833 0.017969 0.016667
0 0.632682 0.887963 0.017969 0.016667
0 0.652995 0.887500 0.017969 0.016667
0 0.652734 0.871296 0.017969 0.016667
0 0.652214 0.855093 0.017969 0.016667
0 0.651693 0.838426 0.017969 0.016667
0 0.651172 0.822222 0.017969 0.016667
0 0.650391 0.805556 0.017969 0.016667
0 0.649870 0.790741 0.017969 0.016667
0 0.649870 0.774537 0.017969 0.016667
0 0.649349 0.758333 0.017969 0.016667
0 0.666536 0.757870 0.017969 0.016667
0 0.667057 0.774537 0.017969 0.016667
0 0.667318 0.790741 0.017969 0.016667
0 0.667839 0.806019 0.017969 0.016667
0 0.668359 0.823148 0.017969 0.016667
0 0.669141 0.839352 0.017969 0.016667
0 0.669922 0.855556 0.017969 0.016667
0 0.670182 0.871296 0.017969 0.016667
0 0.670443 0.888426 0.017969 0.016667
0 0.691276 0.893056 0.017969 0.016667
0 0.691016 0.877315 0.017969 0.016667
0 0.689714 0.860185 0.017969 0.016667
0 0.689193 0.843519 0.017969 0.016667
0 0.688411 0.827315 0.017969 0.016667
0 0.687891 0.795370 0.017969 0.016667
0 0.687891 0.809722 0.017969 0.016667
0 0.687109 0.779167 0.017969 0.016667
0 0.686068 0.763426 0.017969 0.016667
0 0.685807 0.747222 0.017969 0.016667
0 0.685026 0.731944 0.017969 0.016667
0 0.684766 0.716204 0.017969 0.016667
0 0.683984 0.700926 0.017969 0.016667
0 0.683464 0.685185 0.017969 0.016667
0 0.683203 0.669907 0.017969 0.016667
0 0.682422 0.654167 0.017969 0.016667
0 0.682161 0.639815 0.017969 0.016667
0 0.681120 0.624537 0.017969 0.016667
0 0.681120 0.609259 0.017969 0.016667
0 0.680599 0.595370 0.017969 0.016667
0 0.680078 0.581019 0.017969 0.016667
0 0.679297 0.566667 0.017969 0.016667
0 0.679036 0.552315 0.017969 0.016667
0 0.678776 0.538426 0.017969 0.016667
0 0.678255 0.525000 0.017969 0.016667
0 0.677865 0.510648 0.017708 0.015741
0 0.658594 0.513889 0.017708 0.015741
0 0.658594 0.528704 0.017708 0.015741
0 0.659115 0.542593 0.017708 0.015741
0 0.659375 0.555556 0.017708 0.015741
0 0.659896 0.569907 0.017708 0.015741
0 0.660677 0.584722 0.017708 0.015741
0 0.660937 0.598148 0.017708 0.015741
0 0.661198 0.612963 0.017708 0.015741
0 0.661458 0.627315 0.017708 0.015741
0 0.662500 0.643056 0.017708 0.015741
0 0.663021 0.658796 0.017708 0.015741
0 0.663542 0.674074 0.017708 0.015741
0 0.664062 0.689352 0.017708 0.015741
0 0.664583 0.705093 0.017708 0.015741
0 0.665365 0.720833 0.017708 0.015741
0 0.665625 0.736111 0.017708 0.015741
0 0.648438 0.735648 0.017708 0.015741
0 0.647917 0.720370 0.017708 0.015741
0 0.647656 0.704630 0.017708 0.015741
0 0.646875 0.688889 0.017708 0.015741
0 0.646354 0.674074 0.017708 0.015741
0 0.645833 0.658333 0.017708 0.015741
0 0.645573 0.642593 0.017708 0.015741
0 0.644010 0.626852 0.017708 0.015741
0 0.644010 0.611574 0.017708 0.015741
0 0.643229 0.597222 0.017708 0.015741
0 0.642969 0.582870 0.017708 0.015741
0 0.642448 0.568056 0.017708 0.015741
0 0.641927 0.552315 0.017708 0.015741
0 0.641927 0.537037 0.017708 0.015741
0 0.624219 0.552315 0.017708 0.015741
0 0.624479 0.567130 0.017708 0.015741
0 0.624740 0.582407 0.017708 0.015741
0 0.625000 0.597222 0.017708 0.015741
0 0.625521 0.612037 0.017708 0.015741
0 0.626042 0.626852 0.017708 0.015741
0 0.626563 0.642130 0.017708 0.015741
0 0.626823 0.657870 0.017708 0.015741
0 0.627344 0.673148 0.017708 0.015741
0 0.628125 0.688889 0.017708 0.015741
0 0.628125 0.704167 0.017708 0.015741
0 0.628646 0.719907 0.017708 0.015741
0 0.628906 0.735185 0.017708 0.015741
0 0.611719 0.735648 0.017708 0.015741
0 0.611458 0.719907 0.017708 0.015741
0 0.610938 0.704167 0.017708 0.015741
0 0.610677 0.688426 0.017708 0.015741
0 0.610417 0.673148 0.017708 0.015741
0 0.609896 0.657407 0.017708 0.015741
0 0.609375 0.641667 0.017708 0.015741
0 0.609115 0.626852 0.017708 0.015741
0 0.608854 0.612037 0.017708 0.015741
0 0.608854 0.597222 0.017708 0.015741
0 0.608073 0.582870 0.017708 0.015741
0 0.607812 0.566667 0.017708 0.015741
0 0.607552 0.551852 0.017708 0.015741
0 0.586458 0.553704 0.017708 0.015741
0 0.586979 0.568519 0.017708 0.015741
0 0.586719 0.582870 0.017708 0.015741
0 0.587500 0.598148 0.017708 0.015741
0 0.587760 0.612037 0.017708 0.015741
0 0.588281 0.628241 0.017708 0.015741
0 0.588542 0.643056 0.017708 0.015741
0 0.589063 0.659259 0.017708 0.015741
0 0.588802 0.673148 0.017708 0.015741
0 0.589323 0.689815 0.017708 0.015741
0 0.589583 0.705093 0.017708 0.015741
0 0.590104 0.720833 0.017708 0.015741
0 0.590365 0.737037 0.017708 0.015741
0 0.573177 0.736111 0.017708 0.015741
0 0.573177 0.720370 0.017708 0.015741
0 0.572656 0.705093 0.017708 0.015741
0 0.572396 0.689352 0.017708 0.015741
0 0.572135 0.673611 0.017708 0.015741
0 0.572135 0.658333 0.017708 0.015741
0 0.571354 0.643056 0.017708 0.015741
0 0.571094 0.628241 0.017708 0.015741
0 0.571094 0.612963 0.017708 0.015741
0 0.571094 0.598148 0.017708 0.015741
0 0.570573 0.582870 0.017708 0.015741
0 0.570833 0.567593 0.017708 0.015741
0 0.570052 0.554167 0.017708 0.015741
0 0.551562 0.553704 0.017708 0.015741
0 0.551042 0.568056 0.017708 0.015741
0 0.551042 0.583333 0.017708 0.015741
0 0.551042 0.597685 0.017708 0.015741
0 0.551562 0.612500 0.017708 0.015741
0 0.551302 0.627778 0.017708 0.015741
0 0.551562 0.643056 0.017708 0.015741
0 0.551562 0.658333 0.017708 0.015741
0 0.552083 0.673611 0.017708 0.015741
0 0.552604 0.688889 0.017708 0.015741
0 0.552344 0.705093 0.017708 0.015741
0 0.553125 0.720370 0.017708 0.015741
0 0.553125 0.736111 0.017708 0.015741
0 0.536198 0.736111 0.017708 0.015741
0 0.536198 0.720370 0.017708 0.015741
0 0.535937 0.704167 0.017708 0.015741
0 0.535417 0.688889 0.017708 0.015741
0 0.535156 0.673611 0.017708 0.015741
0 0.534896 0.658333 0.017708 0.015741
0 0.535156 0.643056 0.017708 0.015741
0 0.534896 0.627315 0.017708 0.015741
0 0.534896 0.612963 0.017708 0.015741
0 0.534635 0.597685 0.017708 0.015741
0 0.535156 0.582407 0.017708 0.015741
0 0.534635 0.568519 0.017708 0.015741
0 0.534375 0.553241 0.017708 0.015741
0 0.515625 0.553704 0.017708 0.015741
0 0.515625 0.568519 0.017708 0.015741
0 0.515625 0.582870 0.017708 0.015741
0 0.515885 0.597222 0.017708 0.015741
0 0.515365 0.612963 0.017708 0.015741
0 0.515625 0.627315 0.017708 0.015741
0 0.515625 0.643056 0.017708 0.015741
0 0.515885 0.658333 0.017708 0.015741
0 0.516146 0.673148 0.017708 0.015741
0 0.515625 0.688889 0.017708 0.015741
0 0.516146 0.705556 0.017708 0.015741
0 0.516146 0.720370 0.017708 0.015741
0 0.516406 0.736111 0.017708 0.015741
0 0.498698 0.718981 0.017708 0.015741
0 0.499479 0.703704 0.017708 0.015741
0 0.498958 0.688426 0.017708 0.015741
0 0.499219 0.672685 0.017708 0.015741
0 0.499479 0.657407 0.017708 0.015741
0 0.499479 0.642593 0.017708 0.015741
0 0.498958 0.626852 0.017708 0.015741
0 0.498958 0.612500 0.017708 0.015741
0 0.498958 0.597222 0.017708 0.015741
0 0.498958 0.582407 0.017708 0.015741
0 0.498958 0.567593 0.017708 0.015741
0 0.499219 0.553241 0.017708 0.015741
0 0.479687 0.553704 0.017708 0.015741
0 0.480208 0.568981 0.017708 0.015741
0 0.479427 0.583333 0.017708 0.015741
0 0.479948 0.597685 0.017708 0.015741
0 0.479427 0.612963 0.017708 0.015741
0 0.479427 0.627778 0.017708 0.015741
0 0.479687 0.643056 0.017708 0.015741
0 0.479167 0.658333 0.017708 0.015741
0 0.478906 0.673148 0.017708 0.015741
0 0.479167 0.687963 0.017708 0.015741
0 0.479167 0.703241 0.017708 0.015741
0 0.479167 0.719444 0.017708 0.015741
0 0.461979 0.719444 0.017708 0.015741
0 0.462240 0.704167 0.017708 0.015741
0 0.462760 0.688426 0.017708 0.015741
0 0.462760 0.672685 0.017708 0.015741
0 0.462760 0.657870 0.017708 0.015741
0 0.462760 0.642593 0.017708 0.015741
0 0.462760 0.627315 0.017708 0.015741
0 0.463021 0.612037 0.017708 0.015741
0 0.463021 0.597222 0.017708 0.015741
0 0.463021 0.582870 0.017708 0.015741
0 0.463542 0.567593 0.017708 0.015741
0 0.463542 0.554167 0.017708 0.015741
0 0.443490 0.554167 0.017708 0.015741
0 0.442708 0.568056 0.017708 0.015741
0 0.443229 0.582870 0.017708 0.015741
0 0.442969 0.596759 0.017708 0.015741
0 0.442448 0.612500 0.017708 0.015741
0 0.442188 0.627778 0.017708 0.015741
0 0.442188 0.642130 0.017708 0.015741
0 0.441927 0.657407 0.017708 0.015741
0 0.441667 0.672685 0.017708 0.015741
0 0.441667 0.687963 0.017708 0.015741
0 0.441667 0.703704 0.017708 0.015741
0 0.441146 0.719444 0.017708 0.015741
0 0.441146 0.735648 0.017708 0.015741
0 0.424479 0.735185 0.017708 0.015741
0 0.424479 0.719444 0.017708 0.015741
0 0.424479 0.703704 0.017708 0.015741
0 0.424740 0.688426 0.017708 0.015741
0 0.425260 0.672222 0.017708 0.015741
0 0.425521 0.657407 0.017708 0.015741
0 0.425521 0.643056 0.017708 0.015741
0 0.425521 0.627315 0.017708 0.015741
0 0.426042 0.612963 0.017708 0.015741
0 0.426042 0.598611 0.017708 0.015741
0 0.426563 0.582870 0.017708 0.015741
0 0.426823 0.568519 0.017708 0.015741
0 0.426563 0.553704 0.017708 0.015741
0 0.407552 0.553704 0.017708 0.015741
0 0.407031 0.568056 0.017708 0.015741
0 0.406510 0.582870 0.017708 0.015741
0 0.406771 0.597685 0.017708 0.015741
0 0.406250 0.612500 0.017708 0.015741
0 0.406510 0.627315 0.017708 0.015741
0 0.389323 0.627778 0.017708 0.015741
0 0.390104 0.597222 0.017708 0.015741
0 0.389323 0.611574 0.017708 0.015741
0 0.390625 0.582407 0.017708 0.015741
0 0.390365 0.568056 0.017708 0.015741
0 0.391146 0.553241 0.017708 0.015741
0 0.371875 0.554167 0.017708 0.015741
0 0.371354 0.568519 0.017708 0.015741
0 0.371094 0.582870 0.017708 0.015741
0 0.370573 0.598611 0.017708 0.015741
0 0.370312 0.613426 0.017708 0.015741
0 0.369792 0.627778 0.017708 0.015741
0 0.369792 0.643056 0.017708 0.015741
0 0.369010 0.657870 0.017708 0.015741
0 0.368490 0.672685 0.017708 0.015741
0 0.368229 0.688889 0.017708 0.015741
0 0.367969 0.704630 0.017708 0.015741
0 0.367708 0.719907 0.017708 0.015741
0 0.367708 0.735648 0.017708 0.015741
0 0.350000 0.735648 0.017708 0.015741
0 0.350000 0.720370 0.017708 0.015741
0 0.350521 0.705093 0.017708 0.015741
0 0.351562 0.688889 0.017708 0.015741
0 0.351302 0.673611 0.017708 0.015741
0 0.352083 0.657870 0.017708 0.015741
0 0.352083 0.643056 0.017708 0.015741
0 0.352604 0.627778 0.017708 0.015741
0 0.353125 0.612500 0.017708 0.015741
0 0.353385 0.597685 0.017708 0.015741
0 0.354167 0.583333 0.017708 0.015741
0 0.354687 0.554167 0.017708 0.015741
0 0.353906 0.568056 0.017708 0.015741
0 0.335938 0.553704 0.017708 0.015741
0 0.335677 0.568519 0.017708 0.015741
0 0.335417 0.582870 0.017708 0.015741
0 0.334896 0.598148 0.017708 0.015741
0 0.334635 0.613426 0.017708 0.015741
0 0.334375 0.628241 0.017708 0.015741
0 0.333594 0.643981 0.017708 0.015741
0 0.333333 0.658333 0.017708 0.015741
0 0.332552 0.673611 0.017708 0.015741
0 0.332031 0.688889 0.017708 0.015741
0 0.331510 0.704167 0.017708 0.015741
0 0.330990 0.720833 0.017708 0.015741
0 0.330729 0.736111 0.017708 0.015741
0 0.313542 0.736111 0.017708 0.015741
0 0.314323 0.720833 0.017708 0.015741
0 0.314583 0.705093 0.017708 0.015741
0 0.315365 0.689815 0.017708 0.015741
0 0.315625 0.673611 0.017708 0.015741
0 0.315885 0.657407 0.017708 0.015741
0 0.316146 0.643519 0.017708 0.015741
0 0.317188 0.627778 0.017708 0.015741
0 0.317188 0.613889 0.017708 0.015741
0 0.317708 0.598611 0.017708 0.015741
0 0.318490 0.583796 0.017708 0.015741
0 0.319271 0.568981 0.017708 0.015741
0 0.319531 0.553704 0.017708 0.015741
0 0.300000 0.554630 0.017708 0.015741
0 0.299219 0.568519 0.017708 0.015741
0 0.298698 0.584259 0.017708 0.015741
0 0.298438 0.598148 0.017708 0.015741
0 0.298177 0.614815 0.017708 0.015741
0 0.297135 0.629630 0.017708 0.015741
0 0.296615 0.644444 0.017708 0.015741
0 0.296094 0.659259 0.017708 0.015741
0 0.295312 0.674537 0.017708 0.015741
0 0.295573 0.689352 0.017708 0.015741
0 0.294792 0.705556 0.017708 0.015741
0 0.293750 0.720833 0.017708 0.015741
0 0.294010 0.736574 0.017708 0.015741
0 0.276823 0.737037 0.017708 0.015741
0 0.277344 0.721296 0.017708 0.015741
0 0.277604 0.706019 0.017708 0.015741
0 0.278385 0.674537 0.017708 0.015741
0 0.277865 0.689352 0.017708 0.015741
0 0.279427 0.658796 0.017708 0.015741
0 0.279948 0.643981 0.017708 0.015741
0 0.280469 0.629167 0.017708 0.015741
0 0.281250 0.613889 0.017708 0.015741
0 0.281771 0.599074 0.017708 0.015741
0 0.282031 0.583796 0.017708 0.015741
0 0.282552 0.568981 0.017708 0.015741
0 0.283594 0.554630 0.017708 0.015741
0 0.283854 0.536574 0.017708 0.015741
0 0.284896 0.521296 0.017708 0.015741
0 0.301302 0.521296 0.017708 0.015741
0 0.300781 0.536574 0.017708 0.015741
0 0.319792 0.536574 0.017708 0.015741
0 0.320312 0.521296 0.017708 0.015741
0 0.374609 0.506481 0.015885 0.013889
0 0.375130 0.489352 0.015885 0.013889
0 0.375651 0.476852 0.015885 0.013889
0 0.394141 0.476389 0.015885 0.013889
0 0.393099 0.489352 0.015885 0.013889
0 0.392839 0.507407 0.015885 0.013889
0 0.410026 0.507407 0.015885 0.013889
0 0.410547 0.488889 0.015885 0.013889
0 0.411068 0.476389 0.015885 0.013889
0 0.428255 0.476852 0.015885 0.013889
0 0.427734 0.488889 0.015885 0.013889
0 0.427734 0.505093 0.015885 0.013889
0 0.427995 0.519444 0.015885 0.013889
0 0.445182 0.519444 0.015885 0.013889
0 0.444922 0.505556 0.015885 0.013889
0 0.445182 0.489352 0.015885 0.013889
0 0.445443 0.476852 0.015885 0.013889
0 0.464193 0.476389 0.015885 0.013889
0 0.463672 0.489352 0.015885 0.013889
0 0.463411 0.506019 0.015885 0.013889
0 0.463411 0.518981 0.015885 0.013889
0 0.479297 0.518981 0.015885 0.013889
0 0.479297 0.505556 0.015885 0.013889
0 0.479818 0.488426 0.015885 0.013889
0 0.479818 0.476389 0.015885 0.013889
0 0.498047 0.476852 0.015885 0.013889
0 0.497526 0.488889 0.015885 0.013889
0 0.498307 0.505556 0.015885 0.013889
0 0.498047 0.518981 0.015885 0.013889
0 0.514714 0.518981 0.015885 0.013889
0 0.514974 0.505556 0.015885 0.013889
0 0.514974 0.489352 0.015885 0.013889
0 0.514974 0.476852 0.015885 0.013889
0 0.532943 0.476389 0.015885 0.013889
0 0.533203 0.488426 0.015885 0.013889
0 0.533464 0.504630 0.015885 0.013889
0 0.533464 0.518519 0.015885 0.013889
0 0.550651 0.518981 0.015885 0.013889
0 0.550651 0.504630 0.015885 0.013889
0 0.550651 0.486806 0.015885 0.013426
0 0.550130 0.476157 0.015885 0.013426
0 0.567839 0.476620 0.015885 0.013426
0 0.568359 0.488657 0.015885 0.013426
0 0.568880 0.505324 0.015885 0.013426
0 0.569141 0.519213 0.015885 0.013426
0 0.585286 0.518750 0.015885 0.013426
0 0.585547 0.505324 0.015885 0.013426
0 0.585026 0.487731 0.015885 0.013426
0 0.584766 0.475694 0.015885 0.013426
0 0.278906 0.486806 0.017188 0.014352
0 0.279687 0.474306 0.017188 0.014352
0 0.281250 0.462731 0.017188 0.014352
0 0.282552 0.450231 0.017188 0.014352
0 0.283073 0.438194 0.017188 0.014352
0 0.284115 0.426157 0.017188 0.014352
0 0.285417 0.414583 0.017188 0.014352
0 0.286458 0.402546 0.017188 0.014352
0 0.287760 0.389583 0.017188 0.014352
0 0.288802 0.378009 0.017188 0.014352
0 0.289453 0.367824 0.017448 0.013426
0 0.290755 0.356713 0.017448 0.013426
0 0.292057 0.346065 0.017448 0.013426
0 0.293099 0.335417 0.017448 0.013426
0 0.294141 0.324306 0.017448 0.013426
0 0.295182 0.314120 0.016406 0.011574
0 0.309505 0.314583 0.016406 0.011574
0 0.308984 0.323843 0.016406 0.011574
0 0.307682 0.335417 0.016406 0.011574
0 0.306901 0.345139 0.016406 0.011574
0 0.305599 0.357176 0.016406 0.011574
0 0.304818 0.366898 0.016406 0.011574
0 0.304297 0.378009 0.016406 0.011574
0 0.303255 0.389120 0.016406 0.011574
0 0.302734 0.400231 0.016406 0.011574
0 0.301693 0.410880 0.016406 0.011574
0 0.300911 0.422454 0.016406 0.011574
0 0.299349 0.434028 0.016406 0.011574
0 0.298568 0.445602 0.016406 0.011574
0 0.297786 0.457176 0.016406 0.011574
0 0.297005 0.468750 0.016406 0.011574
0 0.296224 0.481250 0.016406 0.011574
0 0.295182 0.493519 0.017448 0.012963
0 0.313411 0.493056 0.017448 0.012963
0 0.314453 0.481019 0.017448 0.012963
0 0.314974 0.468056 0.017448 0.012963
0 0.316406 0.456713 0.017188 0.011574
0 0.317188 0.445602 0.017188 0.011574
0 0.317448 0.434028 0.017188 0.011574
0 0.318490 0.422917 0.017188 0.011574
0 0.319010 0.411343 0.017188 0.011574
0 0.320052 0.399769 0.017188 0.011574
0 0.320573 0.388657 0.017188 0.011574
0 0.321615 0.378472 0.017188 0.011574
0 0.322656 0.366898 0.017188 0.011574
0 0.323568 0.356019 0.016406 0.012037
0 0.324349 0.345833 0.016406 0.012037
0 0.324870 0.335185 0.016406 0.012037
0 0.326042 0.325000 0.015625 0.012037
0 0.326562 0.313889 0.015625 0.011111
0 0.341146 0.314352 0.015625 0.011111
0 0.340625 0.324074 0.015625 0.011111
0 0.339844 0.334722 0.015625 0.011111
0 0.339062 0.345370 0.015625 0.011111
0 0.338542 0.356019 0.015625 0.011111
0 0.337500 0.367593 0.015625 0.011111
0 0.336979 0.377778 0.015625 0.011111
0 0.336198 0.389352 0.015625 0.011111
0 0.335417 0.400463 0.015625 0.011111
0 0.334635 0.411111 0.015625 0.011111
0 0.334115 0.422685 0.015625 0.011111
0 0.333333 0.433796 0.015625 0.011111
0 0.332682 0.444907 0.016406 0.012037
0 0.331901 0.456944 0.016406 0.012037
0 0.330859 0.468519 0.016406 0.012037
0 0.331380 0.480787 0.017969 0.012500
0 0.330599 0.493287 0.017969 0.012500
0 0.350000 0.467824 0.016667 0.012500
0 0.350521 0.456250 0.016667 0.012500
0 0.351302 0.444676 0.016667 0.012500
0 0.351302 0.434028 0.016667 0.012500
0 0.352604 0.422454 0.016667 0.012500
0 0.353125 0.411806 0.016667 0.012500
0 0.353385 0.399769 0.016667 0.012500
0 0.354167 0.388426 0.015625 0.012037
0 0.354687 0.378241 0.015625 0.012037
0 0.355469 0.367130 0.015625 0.012037
0 0.355729 0.356481 0.015625 0.012037
0 0.356250 0.345370 0.015625 0.012037
0 0.357031 0.335185 0.015625 0.012037
0 0.357552 0.324537 0.015625 0.012037
0 0.358203 0.313889 0.015365 0.011111
0 0.372786 0.314352 0.015365 0.011111
0 0.372005 0.324537 0.015365 0.011111
0 0.371224 0.334722 0.015365 0.011111
0 0.371484 0.345833 0.015365 0.011111
0 0.370703 0.356019 0.015365 0.011111
0 0.370703 0.366667 0.015365 0.011111
0 0.369661 0.378241 0.015365 0.011111
0 0.369401 0.388426 0.015365 0.011111
0 0.368880 0.400000 0.015885 0.012037
0 0.368620 0.410648 0.015885 0.012037
0 0.367578 0.422222 0.015885 0.012037
0 0.367318 0.434259 0.015885 0.012037
0 0.366797 0.444907 0.015885 0.012037
0 0.366016 0.456019 0.015885 0.012037
0 0.365495 0.468056 0.015885 0.012037
0 0.383724 0.467593 0.015885 0.012037
0 0.384245 0.456019 0.015885 0.012037
0 0.384766 0.444444 0.015885 0.012037
0 0.385807 0.422222 0.015885 0.012037
0 0.385026 0.431944 0.015885 0.012037
0 0.386068 0.411574 0.015885 0.012037
0 0.386849 0.399537 0.015885 0.012037
0 0.387370 0.388426 0.015885 0.012037
0 0.387370 0.377778 0.015885 0.012037
0 0.387370 0.366667 0.015885 0.012037
0 0.388151 0.355556 0.015885 0.012037
0 0.388411 0.343981 0.015885 0.012037
0 0.388672 0.334259 0.015885 0.012037
0 0.389193 0.325000 0.015885 0.012037
0 0.405078 0.303704 0.015885 0.012037
0 0.404297 0.314352 0.015885 0.012037
0 0.404297 0.324074 0.015885 0.012037
0 0.403516 0.334259 0.015885 0.012037
0 0.403255 0.345833 0.015885 0.012037
0 0.402995 0.356481 0.015885 0.012037
0 0.402474 0.367130 0.015885 0.012037
0 0.402474 0.377778 0.015885 0.012037
0 0.402214 0.388889 0.015885 0.012037
0 0.401693 0.400000 0.015885 0.012037
0 0.401432 0.410648 0.015885 0.012037
0 0.400911 0.422222 0.015885 0.012037
0 0.400391 0.433333 0.015885 0.012037
0 0.400130 0.444907 0.015885 0.012037
0 0.400391 0.455556 0.015885 0.012037
0 0.399349 0.468056 0.015885 0.012037
0 0.415495 0.467593 0.015885 0.012037
0 0.415755 0.455093 0.015885 0.012037
0 0.415755 0.444444 0.015885 0.012037
0 0.415495 0.432870 0.015885 0.012037
0 0.416016 0.421296 0.015885 0.012037
0 0.416536 0.410648 0.015885 0.012037
0 0.416536 0.400000 0.015885 0.012037
0 0.417318 0.387963 0.015885 0.012037
0 0.417578 0.377315 0.015885 0.012037
0 0.417318 0.366667 0.015885 0.012037
0 0.417839 0.356019 0.015885 0.012037
0 0.418359 0.345370 0.015885 0.012037
0 0.418620 0.334259 0.015885 0.012037
0 0.418359 0.324537 0.015885 0.012037
0 0.419141 0.313889 0.015885 0.012037
0 0.418880 0.303704 0.015885 0.012037
0 0.433464 0.324074 0.015885 0.012037
0 0.433464 0.334259 0.015885 0.012037
0 0.433464 0.345370 0.015885 0.012037
0 0.433203 0.355556 0.015885 0.012037
0 0.432943 0.366204 0.015885 0.012037
0 0.432422 0.377315 0.015885 0.012037
0 0.431901 0.387500 0.015885 0.012037
0 0.432161 0.399074 0.015885 0.012037
0 0.431120 0.410185 0.015885 0.012037
0 0.431901 0.421296 0.015885 0.012037
0 0.431120 0.432870 0.015885 0.012037
0 0.430859 0.443981 0.015885 0.012037
0 0.430599 0.456019 0.015885 0.012037
0 0.430339 0.467130 0.015885 0.012037
0 0.448047 0.466667 0.015885 0.012037
0 0.448568 0.454630 0.015885 0.012037
0 0.448568 0.443981 0.015885 0.012037
0 0.448568 0.420833 0.015885 0.012037
0 0.447786 0.431019 0.015885 0.012037
0 0.449089 0.409722 0.015885 0.012037
0 0.449349 0.397685 0.015885 0.012037
0 0.449089 0.387963 0.015885 0.012037
0 0.449089 0.376389 0.015885 0.012037
0 0.449089 0.365741 0.015885 0.012037
0 0.450130 0.355093 0.015885 0.012037
0 0.449609 0.344444 0.015885 0.012037
0 0.450130 0.333796 0.015885 0.012037
0 0.450391 0.324074 0.015885 0.012037
0 0.450130 0.313426 0.015885 0.012037
0 0.464193 0.313426 0.015885 0.012037
0 0.464714 0.324074 0.015885 0.012037
0 0.464714 0.334259 0.015885 0.012037
0 0.464714 0.344907 0.015885 0.012037
0 0.464714 0.356019 0.015885 0.012037
0 0.464453 0.365741 0.015885 0.012037
0 0.464453 0.376389 0.015885 0.012037
0 0.464453 0.387500 0.015885 0.012037
0 0.464453 0.399074 0.015885 0.012037
0 0.464193 0.410185 0.015885 0.012037
0 0.463932 0.421296 0.015885 0.012037
0 0.463672 0.431481 0.015885 0.012037
0 0.463672 0.443981 0.015885 0.012037
0 0.463411 0.454630 0.015885 0.012037
0 0.463672 0.466667 0.015885 0.012037
0 0.480339 0.465741 0.015885 0.012037
0 0.481120 0.453704 0.015885 0.012037
0 0.480599 0.442130 0.015885 0.012037
0 0.480859 0.431481 0.015885 0.012037
0 0.481120 0.420833 0.015885 0.012037
0 0.481380 0.409259 0.015885 0.012037
0 0.481120 0.398148 0.015885 0.012037
0 0.480599 0.387037 0.015885 0.012037
0 0.480599 0.377315 0.015885 0.012037
0 0.481380 0.366667 0.015885 0.012037
0 0.481641 0.355556 0.015885 0.012037
0 0.481641 0.344444 0.015885 0.012037
0 0.481380 0.333796 0.015885 0.012037
0 0.481641 0.323611 0.015885 0.012037
0 0.481641 0.313426 0.015885 0.012037
0 0.481901 0.302778 0.015885 0.012037
0 0.496224 0.323611 0.015885 0.012037
0 0.496484 0.333796 0.015885 0.012037
0 0.496224 0.344907 0.015885 0.012037
0 0.496484 0.354167 0.015885 0.012037
0 0.496484 0.365741 0.015885 0.012037
0 0.495964 0.375926 0.015885 0.012037
0 0.495964 0.387037 0.015885 0.012037
0 0.496224 0.397685 0.015885 0.012037
0 0.495964 0.409722 0.015885 0.012037
0 0.496224 0.420370 0.015885 0.012037
0 0.496224 0.431481 0.015885 0.012037
0 0.496745 0.443056 0.015885 0.012037
0 0.495964 0.454167 0.015885 0.012037
0 0.495964 0.466204 0.015885 0.012037
0 0.517578 0.465278 0.015885 0.012037
0 0.517839 0.452315 0.015885 0.012037
0 0.517839 0.441667 0.015885 0.012037
0 0.517057 0.430556 0.015885 0.012037
0 0.517057 0.408796 0.015885 0.012037
0 0.516536 0.418519 0.015885 0.012037
0 0.516536 0.397685 0.015885 0.012037
0 0.516797 0.387037 0.015885 0.012037
0 0.516276 0.366204 0.015885 0.012037
0 0.516536 0.354167 0.015885 0.012037
0 0.515755 0.365278 0.015885 0.012037
0 0.516276 0.344444 0.015885 0.012037
0 0.516016 0.333796 0.015885 0.012037
0 0.515755 0.322222 0.015885 0.012037
0 0.515755 0.312500 0.015885 0.012037
0 0.516016 0.302315 0.015885 0.012037
0 0.531380 0.323148 0.015885 0.012037
0 0.531641 0.332870 0.015885 0.012037
0 0.531641 0.343056 0.015885 0.012037
0 0.531901 0.353704 0.015885 0.012037
0 0.532422 0.365278 0.015885 0.012037
0 0.532422 0.375000 0.015885 0.012037
0 0.532161 0.387037 0.015885 0.012037
0 0.532943 0.397222 0.015885 0.012037
0 0.532943 0.408796 0.015885 0.012037
0 0.533464 0.419907 0.015885 0.012037
0 0.533464 0.431481 0.015885 0.012037
0 0.533724 0.442593 0.015885 0.012037
0 0.533984 0.453704 0.015885 0.012037
0 0.533984 0.465278 0.015885 0.012037
0 0.554818 0.464815 0.015885 0.012037
0 0.554818 0.454167 0.015885 0.012037
0 0.553776 0.442593 0.015885 0.012037
0 0.554036 0.431019 0.015885 0.012037
0 0.553516 0.419444 0.015885 0.012037
0 0.552995 0.407870 0.015885 0.012037
0 0.552995 0.396759 0.015885 0.012037
0 0.552995 0.386111 0.015885 0.012037
0 0.552214 0.375463 0.015885 0.012037
0 0.551693 0.364352 0.015885 0.012037
0 0.551693 0.353704 0.015885 0.012037
0 0.551432 0.342130 0.015885 0.012037
0 0.550911 0.332407 0.015885 0.012037
0 0.550911 0.322222 0.015885 0.012037
0 0.550651 0.312037 0.015885 0.012037
0 0.550391 0.301852 0.015885 0.012037
0 0.550391 0.291204 0.015885 0.012037
0 0.549609 0.281944 0.015885 0.012037
0 0.549349 0.271296 0.015885 0.012037
0 0.548828 0.261574 0.015885 0.012037
0 0.548568 0.250926 0.015885 0.012037
0 0.548568 0.241667 0.015885 0.012037
0 0.548568 0.232407 0.015885 0.012037
0 0.548047 0.222685 0.015885 0.012037
0 0.561849 0.221759 0.015885 0.012037
0 0.563151 0.241667 0.015885 0.012037
0 0.561849 0.230093 0.015885 0.012037
0 0.563151 0.250926 0.015885 0.012037
0 0.563411 0.259722 0.015885 0.012037
0 0.563672 0.270370 0.015885 0.012037
0 0.563932 0.279630 0.015885 0.012037
0 0.564193 0.290741 0.015885 0.012037
0 0.564974 0.300463 0.015885 0.012037
0 0.565234 0.311111 0.015885 0.012037
0 0.565234 0.321296 0.015885 0.012037
0 0.566016 0.332407 0.015885 0.012037
0 0.566016 0.342593 0.015885 0.012037
0 0.566276 0.353241 0.015885 0.012037
0 0.566536 0.364352 0.015885 0.012037
0 0.567318 0.375000 0.015885 0.012037
0 0.567578 0.386111 0.015885 0.012037
0 0.568620 0.397685 0.015885 0.012037
0 0.568099 0.407407 0.015885 0.012037
0 0.568620 0.418981 0.015885 0.012037
0 0.569141 0.430093 0.015885 0.012037
0 0.569141 0.441667 0.015885 0.012037
0 0.569922 0.452778 0.015885 0.012037
0 0.570182 0.464352 0.015885 0.012037
0 0.585807 0.463426 0.015885 0.012037
0 0.585026 0.451389 0.015885 0.012037
0 0.585026 0.440741 0.015885 0.012037
0 0.583464 0.418056 0.015885 0.012037
0 0.583984 0.427778 0.015885 0.012037
0 0.582943 0.406944 0.015885 0.012037
0 0.583464 0.395833 0.015885 0.012037
0 0.582682 0.385185 0.015885 0.012037
0 0.582161 0.375000 0.015885 0.012037
0 0.581380 0.363426 0.015885 0.012037
0 0.581380 0.353241 0.015885 0.012037
0 0.580599 0.342130 0.015885 0.012037
0 0.580339 0.320833 0.015885 0.012037
0 0.580078 0.330093 0.015885 0.012037
0 0.579036 0.290278 0.015885 0.012037
0 0.578516 0.280093 0.015885 0.012037
0 0.578255 0.269907 0.015885 0.012037
0 0.577474 0.260185 0.015885 0.012037
0 0.577474 0.250463 0.015885 0.012037
0 0.575911 0.231019 0.015885 0.012037
0 0.575911 0.220833 0.015885 0.012037
0 0.575391 0.230093 0.015885 0.012037
0 0.592057 0.220370 0.015885 0.012037
0 0.592839 0.230556 0.015885 0.012037
0 0.593099 0.239815 0.015885 0.012037
0 0.593099 0.249537 0.015885 0.012037
0 0.593880 0.259722 0.015885 0.012037
0 0.594141 0.269907 0.015885 0.012037
0 0.595182 0.279630 0.015885 0.012037
0 0.595703 0.290278 0.015885 0.012037
0 0.596745 0.300463 0.015885 0.012037
0 0.596745 0.310185 0.015885 0.012037
0 0.597266 0.320833 0.015885 0.012037
0 0.597526 0.330556 0.015885 0.012037
0 0.598307 0.341204 0.015885 0.012037
0 0.598307 0.351389 0.015885 0.012037
0 0.598828 0.362963 0.015885 0.012037
0 0.599609 0.373611 0.015885 0.012037
0 0.600391 0.384259 0.015885 0.012037
0 0.601172 0.395370 0.015885 0.012037
0 0.601432 0.406019 0.015885 0.012037
0 0.602214 0.417130 0.015885 0.012037
0 0.602474 0.428241 0.015885 0.012037
0 0.602995 0.440278 0.015885 0.012037
0 0.603776 0.450926 0.015885 0.012037
0 0.604297 0.462963 0.015885 0.012037
0 0.619922 0.463426 0.015885 0.012037
0 0.619141 0.450926 0.015885 0.012037
0 0.618359 0.439815 0.015885 0.012037
0 0.618099 0.428704 0.015885 0.012037
0 0.617318 0.417130 0.015885 0.012037
0 0.616797 0.405556 0.015885 0.012037
0 0.616016 0.394444 0.015885 0.012037
0 0.615234 0.383796 0.015885 0.012037
0 0.614453 0.373148 0.015885 0.012037
0 0.613932 0.362500 0.015885 0.012037
0 0.613411 0.351389 0.015885 0.012037
0 0.612891 0.340741 0.015885 0.012037
0 0.612370 0.330556 0.015885 0.012037
0 0.611849 0.320833 0.015885 0.012037
0 0.611068 0.309722 0.015885 0.012037
0 0.610807 0.299537 0.015885 0.012037
0 0.610286 0.289815 0.015885 0.012037
0 0.609766 0.280093 0.015885 0.012037
0 0.609245 0.269444 0.015885 0.012037
0 0.608464 0.259259 0.015885 0.012037
0 0.608203 0.249537 0.015885 0.012037
0 0.607422 0.240278 0.015885 0.012037
0 0.606901 0.230093 0.015885 0.012037
0 0.606641 0.220370 0.015885 0.012037
0 0.623307 0.226852 0.015885 0.012037
0 0.623568 0.236574 0.015885 0.012037
0 0.624089 0.246296 0.015885 0.012037
0 0.624349 0.256944 0.015885 0.012037
0 0.624870 0.265278 0.015885 0.012037
0 0.625911 0.276389 0.015885 0.012037
0 0.626693 0.286111 0.015885 0.012037
0 0.626953 0.296759 0.015885 0.012037
0 0.627995 0.306481 0.015885 0.012037
0 0.628516 0.317130 0.015885 0.012037
0 0.628776 0.326852 0.015885 0.012037
0 0.629557 0.337500 0.015885 0.012037
0 0.630339 0.348148 0.015885 0.012037
0 0.630859 0.359259 0.015885 0.012037
0 0.631380 0.369907 0.015885 0.012037
0 0.632161 0.381019 0.015885 0.012037
0 0.632943 0.391204 0.015885 0.012037
0 0.633464 0.402778 0.015885 0.012037
0 0.634245 0.413889 0.015885 0.012037
0 0.635286 0.425000 0.015885 0.012037
0 0.636068 0.436111 0.015885 0.012037
0 0.636849 0.448148 0.015885 0.012037
0 0.637370 0.459722 0.015885 0.012037
0 0.638411 0.471296 0.015885 0.012037
0 0.638672 0.482870 0.015885 0.012037
0 0.639974 0.495370 0.015885 0.012037
0 0.655599 0.494907 0.016406 0.012037
0 0.654818 0.482870 0.016406 0.012037
0 0.654036 0.470833 0.016406 0.012037
0 0.653255 0.459722 0.016406 0.012037
0 0.652214 0.447222 0.016406 0.012037
0 0.651432 0.436574 0.016406 0.012037
0 0.649089 0.412963 0.016406 0.012037
0 0.650130 0.423611 0.016406 0.012037
0 0.648568 0.402315 0.016406 0.012037
0 0.648307 0.391204 0.016406 0.012037
0 0.647786 0.379167 0.016406 0.012037
0 0.646745 0.369444 0.016406 0.012037
0 0.645964 0.358796 0.016406 0.012037
0 0.644922 0.348148 0.016406 0.012037
0 0.644661 0.337500 0.016406 0.012037
0 0.643880 0.327315 0.016406 0.012037
0 0.643359 0.316667 0.016406 0.012037
0 0.642318 0.306019 0.016406 0.012037
0 0.641276 0.296296 0.016406 0.012037
0 0.640755 0.286574 0.016406 0.012037
0 0.640234 0.275926 0.016406 0.012037
0 0.639453 0.266204 0.016406 0.012037
0 0.638932 0.256019 0.016406 0.012037
0 0.638932 0.245833 0.016406 0.012037
0 0.637630 0.236111 0.016406 0.012037
0 0.637109 0.226852 0.016406 0.012037
0 0.652344 0.225926 0.015104 0.012037
0 0.652865 0.236111 0.015104 0.012037
0 0.653906 0.245833 0.015104 0.012037
0 0.654687 0.255556 0.015104 0.012037
0 0.655469 0.266204 0.015104 0.012037
0 0.655990 0.275000 0.015104 0.012037
0 0.657552 0.286574 0.015104 0.012037
0 0.658073 0.295833 0.015104 0.012037
0 0.658854 0.306019 0.015104 0.012037
0 0.659635 0.316204 0.015104 0.012037
0 0.660937 0.326852 0.015104 0.012037
0 0.661719 0.336574 0.015104 0.012037
0 0.662500 0.347685 0.015104 0.012037
0 0.663281 0.358333 0.015104 0.012037
0 0.664323 0.369444 0.015104 0.012037
0 0.664844 0.379630 0.015104 0.012037
0 0.666406 0.390741 0.016146 0.012037
0 0.667188 0.401389 0.016146 0.012037
0 0.667708 0.412963 0.016146 0.012037
0 0.668750 0.424074 0.016146 0.012037
0 0.669792 0.435648 0.016146 0.012037
0 0.671094 0.447222 0.016667 0.012037
0 0.672135 0.458796 0.016667 0.012037
0 0.673177 0.470370 0.016667 0.012037
0 0.674219 0.482407 0.017188 0.012963
0 0.675260 0.494907 0.017188 0.012963
0 0.297266 0.283333 0.015885 0.011111
0 0.297786 0.273611 0.015885 0.011111
0 0.299089 0.263889 0.015885 0.011111
0 0.299870 0.253704 0.015885 0.011111
0 0.300911 0.243981 0.015885 0.011111
0 0.301693 0.234259 0.015885 0.011111
0 0.302214 0.225000 0.015885 0.011111
0 0.304297 0.215741 0.015885 0.011111
0 0.304557 0.206019 0.015885 0.011111
0 0.304297 0.193519 0.015885 0.011111
0 0.305339 0.185185 0.015885 0.011111
0 0.305859 0.175463 0.015885 0.011111
0 0.320443 0.175463 0.015885 0.011111
0 0.319661 0.185185 0.015885 0.011111
0 0.319141 0.193981 0.015885 0.011111
0 0.318359 0.206019 0.015885 0.011111
0 0.317318 0.214815 0.015885 0.011111
0 0.316276 0.225463 0.015885 0.011111
0 0.316016 0.233796 0.015885 0.011111
0 0.314974 0.243519 0.015885 0.011111
0 0.314453 0.254167 0.015885 0.011111
0 0.314193 0.263426 0.015885 0.011111
0 0.312891 0.273148 0.015885 0.011111
0 0.311849 0.283796 0.015885 0.011111
0 0.328776 0.283333 0.015885 0.011111
0 0.330599 0.263889 0.015885 0.011111
0 0.330599 0.252778 0.015885 0.011111
0 0.329557 0.273611 0.015885 0.011111
0 0.331901 0.243519 0.015885 0.011111
0 0.332682 0.223148 0.015885 0.011111
0 0.331901 0.231944 0.015885 0.011111
0 0.333724 0.213889 0.015885 0.011111
0 0.334505 0.206481 0.015885 0.011111
0 0.335026 0.193981 0.015885 0.011111
0 0.336068 0.184259 0.015885 0.011111
0 0.336849 0.175000 0.015885 0.011111
0 0.350911 0.174537 0.015885 0.011111
0 0.350130 0.184722 0.015885 0.011111
0 0.349349 0.193519 0.015885 0.011111
0 0.348698 0.204861 0.015104 0.009722
0 0.347917 0.215046 0.015104 0.009722
0 0.347396 0.224306 0.015104 0.009722
0 0.346875 0.234491 0.015104 0.009722
0 0.346094 0.243287 0.015104 0.009722
0 0.344792 0.253009 0.015104 0.009722
0 0.344271 0.263194 0.015104 0.009722
0 0.344010 0.272917 0.015104 0.009722
0 0.343750 0.282639 0.015104 0.009722
0 0.360417 0.283102 0.015104 0.009722
0 0.360938 0.272917 0.015104 0.009722
0 0.361719 0.253009 0.015104 0.009722
0 0.362500 0.243287 0.015104 0.009722
0 0.361198 0.263657 0.015104 0.009722
0 0.362760 0.233565 0.015104 0.009722
0 0.363281 0.224306 0.015104 0.009722
0 0.363802 0.214583 0.015104 0.009722
0 0.364844 0.204861 0.015104 0.009722
0 0.364063 0.193287 0.015104 0.009722
0 0.364844 0.184028 0.015104 0.009722
0 0.365625 0.174306 0.015104 0.009722
0 0.379427 0.174769 0.015104 0.009722
0 0.379427 0.184491 0.015104 0.009722
0 0.378646 0.204861 0.015104 0.009722
0 0.378385 0.192361 0.015104 0.009722
0 0.378385 0.215046 0.015104 0.009722
0 0.377865 0.223843 0.015104 0.009722
0 0.377083 0.233565 0.015104 0.009722
0 0.376302 0.243287 0.015104 0.009722
0 0.376042 0.253472 0.015104 0.009722
0 0.375781 0.263194 0.015104 0.009722
0 0.375000 0.272917 0.015104 0.009722
0 0.374219 0.283565 0.015104 0.009722
0 0.391146 0.283565 0.015104 0.009722
0 0.391927 0.272917 0.015104 0.009722
0 0.392188 0.263194 0.015104 0.009722
0 0.392448 0.253472 0.015104 0.009722
0 0.392969 0.244213 0.015104 0.009722
0 0.393229 0.233565 0.015104 0.009722
0 0.394271 0.214583 0.015104 0.009722
0 0.394271 0.205324 0.015104 0.009722
0 0.393229 0.223380 0.015104 0.009722
0 0.393229 0.193750 0.015104 0.009722
0 0.393750 0.184028 0.015104 0.009722
0 0.394010 0.173380 0.015104 0.009722
0 0.408073 0.174769 0.015104 0.009722
0 0.408333 0.183565 0.015104 0.009722
0 0.407552 0.193287 0.015104 0.009722
0 0.408333 0.204861 0.015104 0.009722
0 0.408073 0.214583 0.015104 0.009722
0 0.407552 0.224769 0.015104 0.009722
0 0.407031 0.233102 0.015104 0.009722
0 0.406771 0.243287 0.015104 0.009722
0 0.406771 0.253472 0.015104 0.009722
0 0.406250 0.263194 0.015104 0.009722
0 0.405729 0.272454 0.015104 0.009722
0 0.405729 0.282639 0.015104 0.009722
0 0.419792 0.283102 0.015104 0.009722
0 0.420573 0.272454 0.015104 0.009722
0 0.421094 0.253009 0.015104 0.009722
0 0.420052 0.262269 0.015104 0.009722
0 0.421354 0.242824 0.015104 0.009722
0 0.421094 0.232176 0.015104 0.009722
0 0.421354 0.223843 0.015104 0.009722
0 0.421615 0.214120 0.015104 0.009722
0 0.422396 0.204398 0.015104 0.009722
0 0.422396 0.193750 0.015104 0.009722
0 0.422135 0.183565 0.015104 0.009722
0 0.422917 0.174306 0.015104 0.009722
0 0.437240 0.174306 0.015104 0.009722
0 0.436979 0.183565 0.015104 0.009722
0 0.436458 0.193287 0.015104 0.009722
0 0.435937 0.204861 0.015104 0.009722
0 0.435677 0.214120 0.015104 0.009722
0 0.435156 0.223843 0.015104 0.009722
0 0.435417 0.233565 0.015104 0.009722
0 0.435417 0.243287 0.015104 0.009722
0 0.435156 0.253009 0.015104 0.009722
0 0.434896 0.263194 0.015104 0.009722
0 0.434375 0.273380 0.015104 0.009722
0 0.434375 0.283102 0.015104 0.009722
0 0.450521 0.282639 0.015104 0.009722
0 0.450781 0.272454 0.015104 0.009722
0 0.451042 0.262269 0.015104 0.009722
0 0.451302 0.253009 0.015104 0.009722
0 0.451562 0.242824 0.015104 0.009722
0 0.451823 0.223843 0.015104 0.009722
0 0.451562 0.214120 0.015104 0.009722
0 0.451302 0.222917 0.015104 0.009722
0 0.450781 0.192824 0.015104 0.009722
0 0.451562 0.203472 0.015104 0.009722
0 0.451823 0.183565 0.015104 0.009722
0 0.451562 0.174306 0.015104 0.009722
0 0.465625 0.173843 0.015104 0.009722
0 0.465625 0.183565 0.015104 0.009722
0 0.465625 0.192824 0.015104 0.009722
0 0.465625 0.204398 0.015104 0.009722
0 0.465625 0.214583 0.015104 0.009722
0 0.465885 0.223843 0.015104 0.009722
0 0.465625 0.233565 0.015104 0.009722
0 0.465885 0.243750 0.015104 0.009722
0 0.465365 0.253009 0.015104 0.009722
0 0.465365 0.262731 0.015104 0.009722
0 0.465104 0.272917 0.015104 0.009722
0 0.464844 0.282176 0.015104 0.009722
0 0.481250 0.282639 0.015104 0.009722
0 0.482292 0.272917 0.015104 0.009722
0 0.481771 0.262731 0.015104 0.009722
0 0.481771 0.251620 0.015104 0.009722
0 0.481771 0.242361 0.015104 0.009722
0 0.482292 0.233102 0.015104 0.009722
0 0.482031 0.223843 0.015104 0.009722
0 0.482292 0.213657 0.015104 0.009722
0 0.482552 0.204861 0.015104 0.009722
0 0.481510 0.192361 0.015104 0.009722
0 0.481771 0.183565 0.015104 0.009722
0 0.481771 0.174306 0.015104 0.009722
0 0.496354 0.173843 0.015104 0.009722
0 0.496354 0.183102 0.015104 0.009722
0 0.496094 0.192824 0.015104 0.009722
0 0.495573 0.204861 0.015104 0.009722
0 0.495573 0.213657 0.015104 0.009722
0 0.495573 0.223380 0.015104 0.009722
0 0.496094 0.232639 0.015104 0.009722
0 0.495833 0.242824 0.015104 0.009722
0 0.496094 0.252083 0.015104 0.009722
0 0.496354 0.262269 0.015104 0.009722
0 0.496094 0.272454 0.015104 0.009722
0 0.495573 0.282639 0.015104 0.009722
0 0.515365 0.281713 0.015104 0.009722
0 0.515625 0.271991 0.015104 0.009722
0 0.515365 0.261343 0.015104 0.009722
0 0.515625 0.252083 0.015104 0.009722
0 0.515625 0.242361 0.015104 0.009722
0 0.515104 0.232639 0.015104 0.009722
0 0.515104 0.222454 0.015104 0.009722
0 0.514583 0.203935 0.015104 0.009722
0 0.514323 0.211806 0.015104 0.009722
0 0.514062 0.191898 0.015104 0.009722
0 0.513281 0.182639 0.015104 0.009722
0 0.513542 0.173380 0.015104 0.009722
0 0.527865 0.172454 0.015104 0.009722
0 0.528125 0.183102 0.015104 0.009722
0 0.528125 0.191435 0.015104 0.009722
0 0.528385 0.203935 0.015104 0.009722
0 0.529687 0.213657 0.015104 0.009722
0 0.529427 0.223380 0.015104 0.009722
0 0.529687 0.242824 0.015104 0.009722
0 0.528906 0.231250 0.015104 0.009722
0 0.530208 0.252083 0.015104 0.009722
0 0.530208 0.262269 0.015104 0.009722
0 0.530469 0.271991 0.015104 0.009722
0 0.530469 0.282176 0.015104 0.009722
0 0.388281 0.689815 0.017708 0.015741
0 0.388021 0.704630 0.017708 0.015741
0 0.387760 0.719907 0.017708 0.015741
0 0.387500 0.735648 0.017708 0.015741
0 0.404948 0.734722 0.017708 0.015741
0 0.405208 0.719907 0.017708 0.015741
0 0.405469 0.704167 0.017708 0.015741
0 0.405729 0.687963 0.017708 0.015741
