0 0.247135 0.937500 0.020313 0.020370
0 0.265625 0.938426 0.020313 0.020370
0 0.266406 0.919907 0.020313 0.020370
0 0.247917 0.919907 0.020313 0.020370
0 0.248698 0.902315 0.020313 0.020370
0 0.267708 0.901852 0.020313 0.020370
0 0.268229 0.885648 0.020313 0.020370
0 0.249479 0.884722 0.020313 0.020370
0 0.250260 0.866667 0.020313 0.020370
0 0.269010 0.867130 0.020313 0.020370
0 0.269531 0.849537 0.020313 0.020370
0 0.251042 0.849537 0.020313 0.020370
0 0.251563 0.831944 0.020313 0.020370
0 0.270052 0.832407 0.020313 0.020370
0 0.271354 0.815278 0.020313 0.020370
0 0.252344 0.814815 0.020313 0.020370
0 0.252865 0.798148 0.020313 0.020370
0 0.271875 0.797685 0.020313 0.020370
0 0.293229 0.798148 0.020313 0.020370
0 0.311849 0.799306 0.019531 0.018981
0 0.311328 0.815972 0.019531 0.018981
0 0.310547 0.833102 0.019531 0.018981
0 0.292578 0.815509 0.019531 0.018981
0 0.292057 0.833102 0.019531 0.018981
0 0.291276 0.850231 0.019531 0.018981
0 0.310286 0.851157 0.019531 0.018981
0 0.309505 0.867824 0.019531 0.018981
0 0.290755 0.868287 0.019531 0.018981
0 0.289974 0.884954 0.019531 0.018981
0 0.308724 0.885417 0.019531 0.018981
0 0.307943 0.904398 0.019531 0.018981
0 0.289453 0.903935 0.019531 0.018981
0 0.288411 0.920602 0.019531 0.018981
0 0.307682 0.921528 0.019531 0.018981
0 0.306641 0.939120 0.019531 0.018981
0 0.288151 0.939120 0.019531 0.018981
0 0.327995 0.940046 0.019531 0.018981
0 0.328776 0.922454 0.019531 0.018981
0 0.347005 0.940509 0.019531 0.018981
0 0.347526 0.922454 0.019531 0.018981
0 0.329297 0.904861 0.019531 0.018981
0 0.329557 0.887269 0.019531 0.018981
0 0.348047 0.887269 0.019531 0.018981
0 0.348828 0.870139 0.019531 0.018981
0 0.330339 0.869213 0.019531 0.018981
0 0.330599 0.852083 0.019531 0.018981
0 0.349609 0.852546 0.019531 0.018981
0 0.349870 0.834954 0.019531 0.018981
0 0.331120 0.834491 0.019531 0.018981
0 0.350391 0.817824 0.019531 0.018981
0 0.331641 0.816898 0.019531 0.018981
0 0.332422 0.799306 0.019531 0.018981
0 0.351172 0.799769 0.019531 0.018981
0 0.372526 0.800694 0.019531 0.018981
0 0.391276 0.800694 0.019531 0.018981
0 0.390755 0.818287 0.019531 0.018981
0 0.372005 0.817824 0.019531 0.018981
0 0.371484 0.835880 0.019531 0.018981
0 0.390495 0.836343 0.019531 0.018981
0 0.389453 0.853472 0.019531 0.018981
0 0.371224 0.853009 0.019531 0.018981
0 0.370443 0.871065 0.019531 0.018981
0 0.389453 0.871065 0.019531 0.018981
0 0.388932 0.888657 0.019531 0.018981
0 0.370703 0.888194 0.019531 0.018981
0 0.369922 0.905787 0.019531 0.018981
0 0.388672 0.906250 0.019531 0.018981
0 0.388151 0.924306 0.019531 0.018981
0 0.369401 0.923843 0.019531 0.018981
0 0.368880 0.941435 0.019531 0.018981
0 0.387891 0.942361 0.019531 0.018981
0 0.409766 0.941898 0.019531 0.018981
0 0.429297 0.942824 0.019531 0.018981
0 0.429297 0.924769 0.019531 0.018981
0 0.410286 0.924306 0.019531 0.018981
0 0.410547 0.907176 0.019531 0.018981
0 0.429818 0.907176 0.019531 0.018981
0 0.429557 0.889583 0.019531 0.018981
0 0.410547 0.889583 0.019531 0.018981
0 0.411328 0.871528 0.019531 0.018981
0 0.430078 0.871991 0.019531 0.018981
0 0.430078 0.854398 0.019531 0.018981
0 0.411328 0.853935 0.019531 0.018981
0 0.412109 0.836343 0.019531 0.018981
0 0.430339 0.836806 0.019531 0.018981
0 0.430339 0.819213 0.019531 0.018981
0 0.412109 0.818750 0.019531 0.018981
0 0.412370 0.802083 0.019531 0.018981
0 0.430599 0.801620 0.019531 0.018981
0 0.449089 0.805324 0.019531 0.018981
0 0.448568 0.822454 0.019531 0.018981
0 0.448307 0.840046 0.019531 0.018981
0 0.448047 0.858102 0.019531 0.018981
0 0.467839 0.806713 0.019531 0.018981
0 0.487109 0.807176 0.019531 0.018981
0 0.486849 0.824306 0.019531 0.018981
0 0.467318 0.823380 0.019531 0.018981
0 0.467057 0.841435 0.019531 0.018981
0 0.486068 0.841898 0.019531 0.018981
0 0.467057 0.859491 0.019531 0.018981
0 0.486589 0.859954 0.019531 0.018981
0 0.449089 0.890046 0.019531 0.018981
0 0.449349 0.908102 0.019531 0.018981
0 0.448828 0.925694 0.019531 0.018981
0 0.448307 0.943750 0.019531 0.018981
0 0.467318 0.944676 0.019531 0.018981
0 0.468099 0.927083 0.019531 0.018981
0 0.468359 0.908565 0.019531 0.018981
0 0.468620 0.891435 0.019531 0.018981
0 0.487891 0.891435 0.019531 0.018981
0 0.487891 0.909954 0.019531 0.018981
0 0.487109 0.927546 0.019531 0.018981
0 0.487109 0.945139 0.019531 0.018981
0 0.512109 0.947454 0.019531 0.018981
0 0.512109 0.929398 0.019531 0.018981
0 0.512370 0.911806 0.019531 0.018981
0 0.512109 0.893750 0.019531 0.018981
0 0.512109 0.875231 0.019531 0.018981
0 0.512630 0.857176 0.019531 0.018981
0 0.512891 0.839583 0.019531 0.018981
0 0.512891 0.821528 0.019531 0.018981
0 0.512630 0.804398 0.019531 0.018981
0 0.534505 0.804861 0.019531 0.018981
0 0.534505 0.822454 0.019531 0.018981
0 0.534245 0.840509 0.019531 0.018981
0 0.534245 0.858565 0.019531 0.018981
0 0.534245 0.876157 0.019531 0.018981
0 0.534245 0.894213 0.019531 0.018981
0 0.534245 0.911806 0.019531 0.018981
0 0.534245 0.929398 0.019531 0.018981
0 0.533724 0.947454 0.019531 0.018981
0 0.553255 0.948380 0.019531 0.018981
0 0.553516 0.930324 0.019531 0.018981
0 0.553255 0.912269 0.019531 0.018981
0 0.553255 0.894213 0.019531 0.018981
0 0.553255 0.877083 0.019531 0.018981
0 0.553255 0.858565 0.019531 0.018981
0 0.553255 0.841435 0.019531 0.018981
0 0.553255 0.823843 0.019531 0.018981
0 0.554036 0.806250 0.019531 0.018981
0 0.575130 0.806713 0.019531 0.018981
0 0.575391 0.824306 0.019531 0.018981
0 0.575391 0.841898 0.019531 0.018981
0 0.575130 0.860417 0.019531 0.018981
0 0.575391 0.878009 0.019531 0.018981
0 0.575391 0.895602 0.019531 0.018981
0 0.574870 0.913657 0.019531 0.018981
0 0.575391 0.931250 0.019531 0.018981
0 0.575651 0.948380 0.019531 0.018981
0 0.594922 0.949306 0.019531 0.018981
0 0.594401 0.931250 0.019531 0.018981
0 0.594401 0.913657 0.019531 0.018981
0 0.594401 0.896065 0.019531 0.018981
0 0.593880 0.878472 0.019531 0.018981
0 0.594401 0.860417 0.019531 0.018981
0 0.593620 0.842824 0.019531 0.018981
0 0.593880 0.825694 0.019531 0.018981
0 0.593880 0.807639 0.019531 0.018981
0 0.617057 0.807639 0.019531 0.018981
0 0.635807 0.809491 0.019531 0.018981
0 0.636068 0.826620 0.019531 0.018981
0 0.616797 0.826620 0.019531 0.018981
0 0.617318 0.843287 0.019531 0.018981
0 0.617318 0.861343 0.019531 0.018981
0 0.636589 0.844676 0.019531 0.018981
0 0.636589 0.862731 0.019531 0.018981
0 0.618099 0.879398 0.019531 0.018981
0 0.617578 0.896065 0.019531 0.018981
0 0.617318 0.915046 0.019531 0.018981
0 0.617839 0.932639 0.019531 0.018981
0 0.617578 0.950231 0.019531 0.018981
0 0.636589 0.879861 0.019531 0.018981
0 0.636849 0.897454 0.019531 0.018981
0 0.636849 0.915509 0.019531 0.018981
0 0.636849 0.934028 0.019531 0.018981
0 0.658984 0.934028 0.019531 0.018981
0 0.658724 0.951157 0.019531 0.018981
0 0.658464 0.916435 0.019531 0.018981
0 0.658464 0.898843 0.019531 0.018981
0 0.658203 0.881250 0.019531 0.018981
0 0.658203 0.862731 0.019531 0.018981
0 0.657943 0.846065 0.019531 0.018981
0 0.657422 0.828009 0.019531 0.018981
0 0.657161 0.811343 0.019531 0.018981
0 0.675651 0.811343 0.019531 0.018981
0 0.676172 0.828935 0.019531 0.018981
0 0.676432 0.846065 0.019531 0.018981
0 0.676432 0.864120 0.019531 0.018981
0 0.676953 0.881713 0.019531 0.018981
0 0.677214 0.898843 0.019531 0.018981
0 0.677474 0.916898 0.019531 0.018981
0 0.677734 0.934954 0.019531 0.018981
0 0.677995 0.952083 0.019531 0.018981
0 0.699870 0.959491 0.019531 0.018981
0 0.699870 0.940972 0.019531 0.018981
0 0.699349 0.923380 0.019531 0.018981
0 0.698828 0.906250 0.019531 0.018981
0 0.698568 0.888194 0.019531 0.018981
0 0.698307 0.870602 0.019531 0.018981
0 0.698047 0.852546 0.019531 0.018981
0 0.698047 0.835417 0.019531 0.018981
0 0.697266 0.818287 0.019531 0.018981
0 0.697005 0.800694 0.019531 0.018981
0 0.696745 0.783102 0.019531 0.018981
0 0.696484 0.765972 0.019531 0.018981
0 0.695703 0.749306 0.019531 0.018981
0 0.695964 0.732639 0.019531 0.018981
0 0.695443 0.715509 0.019531 0.018981
0 0.694922 0.698843 0.019531 0.018981
0 0.694401 0.681713 0.019531 0.018981
0 0.694401 0.665509 0.019531 0.018981
0 0.694661 0.648843 0.019531 0.018981
0 0.694401 0.633102 0.019531 0.018981
0 0.694401 0.616435 0.019531 0.018981
0 0.693880 0.601620 0.019531 0.018981
0 0.693620 0.585880 0.019531 0.018981
0 0.693359 0.570602 0.019531 0.018981
0 0.693490 0.554398 0.019271 0.018056
0 0.692969 0.539120 0.019271 0.018056
0 0.253906 0.771759 0.019271 0.018519
0 0.254688 0.755556 0.019271 0.018519
0 0.255469 0.737963 0.019271 0.018519
0 0.255990 0.721296 0.019271 0.018519
0 0.256771 0.704630 0.019271 0.018519
0 0.257292 0.687963 0.019271 0.018519
0 0.258073 0.670833 0.019271 0.018519
0 0.258854 0.654167 0.019271 0.018519
0 0.259635 0.637500 0.019271 0.018519
0 0.260156 0.621296 0.019271 0.018519
0 0.261198 0.605093 0.019271 0.018519
0 0.261979 0.588426 0.019271 0.018519
0 0.262240 0.571296 0.019271 0.018519
0 0.263281 0.552315 0.019271 0.018519
0 0.264062 0.535648 0.019271 0.018519
0 0.282031 0.536111 0.019271 0.018519
0 0.281250 0.552778 0.019271 0.018519
0 0.280469 0.572685 0.019271 0.018519
0 0.279948 0.589352 0.019271 0.018519
0 0.278906 0.605556 0.019271 0.018519
0 0.278646 0.621759 0.019271 0.018519
0 0.277865 0.638426 0.019271 0.018519
0 0.276562 0.654630 0.019271 0.018519
0 0.276042 0.671296 0.019271 0.018519
0 0.276042 0.687963 0.019271 0.018519
0 0.275260 0.705093 0.019271 0.018519
0 0.274479 0.721296 0.019271 0.018519
0 0.274219 0.738426 0.019271 0.018519
0 0.273438 0.755093 0.019271 0.018519
0 0.272135 0.772685 0.019271 0.018519
0 0.294010 0.773611 0.019271 0.018519
0 0.294531 0.756481 0.019271 0.018519
0 0.295052 0.739352 0.019271 0.018519
0 0.295833 0.722222 0.019271 0.018519
0 0.296354 0.705093 0.019271 0.018519
0 0.297135 0.688889 0.019271 0.018519
0 0.297656 0.671759 0.019271 0.018519
0 0.298438 0.655093 0.019271 0.018519
0 0.298698 0.639352 0.019271 0.018519
0 0.299740 0.622222 0.019271 0.018519
0 0.300521 0.606481 0.019271 0.018519
0 0.300781 0.590278 0.019271 0.018519
0 0.301563 0.573611 0.019271 0.018519
0 0.319271 0.574537 0.019271 0.018519
0 0.319271 0.590278 0.019271 0.018519
0 0.318750 0.607407 0.019271 0.018519
0 0.317708 0.623148 0.019271 0.018519
0 0.317448 0.638889 0.019271 0.018519
0 0.316667 0.656019 0.019271 0.018519
0 0.315625 0.672685 0.019271 0.018519
0 0.315104 0.689352 0.019271 0.018519
0 0.314583 0.706481 0.019271 0.018519
0 0.314063 0.723148 0.019271 0.018519
0 0.313542 0.740278 0.019271 0.018519
0 0.312760 0.756944 0.019271 0.018519
0 0.312500 0.774074 0.019271 0.018519
0 0.333073 0.774074 0.019271 0.018519
0 0.333854 0.756944 0.019271 0.018519
0 0.334375 0.740741 0.019271 0.018519
0 0.334635 0.724074 0.019271 0.018519
0 0.335677 0.706481 0.019271 0.018519
0 0.335677 0.688889 0.019271 0.018519
0 0.336198 0.672222 0.019271 0.018519
0 0.336979 0.656019 0.019271 0.018519
0 0.337760 0.640278 0.019271 0.018519
0 0.338021 0.623611 0.019271 0.018519
0 0.338542 0.607407 0.019271 0.018519
0 0.339062 0.591204 0.019271 0.018519
0 0.339583 0.574074 0.019271 0.018519
0 0.358073 0.574537 0.019271 0.018519
0 0.357812 0.591204 0.019271 0.018519
0 0.357031 0.608333 0.019271 0.018519
0 0.356510 0.624537 0.019271 0.018519
0 0.355729 0.640741 0.019271 0.018519
0 0.355469 0.656944 0.019271 0.018519
0 0.354687 0.673611 0.019271 0.018519
0 0.354687 0.690278 0.019271 0.018519
0 0.353646 0.707407 0.019271 0.018519
0 0.353385 0.724074 0.019271 0.018519
0 0.352865 0.740278 0.019271 0.018519
0 0.352083 0.757870 0.019271 0.018519
0 0.351302 0.774074 0.019271 0.018519
0 0.373177 0.775000 0.019271 0.018519
0 0.373958 0.758333 0.019271 0.018519
0 0.374479 0.741204 0.019271 0.018519
0 0.376563 0.656944 0.019271 0.018519
0 0.393229 0.725000 0.019271 0.018519
0 0.393229 0.742130 0.019271 0.018519
0 0.392708 0.759259 0.019271 0.018519
0 0.392188 0.776389 0.019271 0.018519
0 0.391667 0.775463 0.019271 0.018519
0 0.375260 0.724537 0.019271 0.018519
0 0.377083 0.640741 0.019271 0.018519
0 0.378125 0.624074 0.019271 0.018519
0 0.377865 0.608333 0.019271 0.018519
0 0.378385 0.591667 0.019271 0.018519
0 0.379167 0.575463 0.019271 0.018519
0 0.397396 0.575463 0.019271 0.018519
0 0.396875 0.592130 0.019271 0.018519
0 0.396354 0.609259 0.019271 0.018519
0 0.395833 0.625463 0.019271 0.018519
0 0.395573 0.641204 0.019271 0.018519
0 0.395052 0.656944 0.019271 0.018519
0 0.417969 0.576389 0.019271 0.018519
0 0.417708 0.593056 0.019271 0.018519
0 0.417187 0.608796 0.019271 0.018519
0 0.416927 0.625463 0.019271 0.018519
0 0.416406 0.641667 0.019271 0.018519
0 0.416406 0.658796 0.019271 0.018519
0 0.415625 0.675463 0.019271 0.018519
0 0.415625 0.692130 0.019271 0.018519
0 0.415104 0.708796 0.019271 0.018519
0 0.414583 0.725463 0.019271 0.018519
0 0.413802 0.742130 0.019271 0.018519
0 0.413802 0.759722 0.019271 0.018519
0 0.413021 0.776389 0.019271 0.018519
0 0.431771 0.777778 0.019271 0.018519
0 0.432292 0.759722 0.019271 0.018519
0 0.432552 0.742593 0.019271 0.018519
0 0.433073 0.725463 0.019271 0.018519
0 0.433333 0.708796 0.019271 0.018519
0 0.433854 0.692593 0.019271 0.018519
0 0.434115 0.675926 0.019271 0.018519
0 0.434635 0.659259 0.019271 0.018519
0 0.434896 0.642593 0.019271 0.018519
0 0.434896 0.625926 0.019271 0.018519
0 0.435417 0.610185 0.019271 0.018519
0 0.435677 0.593519 0.019271 0.018519
0 0.435937 0.577315 0.019271 0.018519
0 0.458333 0.578241 0.019271 0.018519
0 0.458073 0.594444 0.019271 0.018519
0 0.457552 0.610648 0.019271 0.018519
0 0.457031 0.626852 0.019271 0.018519
0 0.457031 0.643056 0.019271 0.018519
0 0.456510 0.659722 0.019271 0.018519
0 0.455990 0.675926 0.019271 0.018519
0 0.456250 0.692593 0.019271 0.018519
0 0.455729 0.710185 0.019271 0.018519
0 0.455208 0.727315 0.019271 0.018519
0 0.455208 0.743056 0.019271 0.018519
0 0.454688 0.761111 0.019271 0.018519
0 0.473177 0.761574 0.019271 0.018519
0 0.473438 0.744907 0.019271 0.018519
0 0.474219 0.727315 0.019271 0.018519
0 0.474219 0.710185 0.019271 0.018519
0 0.473958 0.693981 0.019271 0.018519
0 0.474740 0.676852 0.019271 0.018519
0 0.474740 0.659722 0.019271 0.018519
0 0.475000 0.643981 0.019271 0.018519
0 0.474740 0.627778 0.019271 0.018519
0 0.475521 0.611574 0.019271 0.018519
0 0.475781 0.595370 0.019271 0.018519
0 0.476302 0.578704 0.019271 0.018519
0 0.496875 0.579167 0.019271 0.018519
0 0.496354 0.595370 0.019271 0.018519
0 0.496615 0.611574 0.019271 0.018519
0 0.496354 0.627778 0.019271 0.018519
0 0.495833 0.644444 0.019271 0.018519
0 0.495833 0.660648 0.019271 0.018519
0 0.495312 0.676852 0.019271 0.018519
0 0.495312 0.694444 0.019271 0.018519
0 0.495052 0.711574 0.019271 0.018519
0 0.495312 0.727778 0.019271 0.018519
0 0.495052 0.744907 0.019271 0.018519
0 0.494792 0.762963 0.019271 0.018519
0 0.513021 0.781481 0.019271 0.018519
0 0.513021 0.763426 0.019271 0.018519
0 0.513281 0.746759 0.019271 0.018519
0 0.513542 0.729630 0.019271 0.018519
0 0.514323 0.712500 0.019271 0.018519
0 0.513802 0.694907 0.019271 0.018519
0 0.514062 0.678704 0.019271 0.018519
0 0.514062 0.662037 0.019271 0.018519
0 0.514583 0.644907 0.019271 0.018519
0 0.514844 0.628241 0.019271 0.018519
0 0.514583 0.612037 0.019271 0.018519
0 0.515104 0.595833 0.019271 0.018519
0 0.515104 0.580556 0.019271 0.018519
0 0.535677 0.580093 0.019271 0.018519
0 0.535417 0.596296 0.019271 0.018519
0 0.535417 0.612963 0.019271 0.018519
0 0.535677 0.630093 0.019271 0.018519
0 0.535156 0.646296 0.019271 0.018519
0 0.535156 0.662963 0.019271 0.018519
0 0.534896 0.679630 0.019271 0.018519
0 0.535156 0.696296 0.019271 0.018519
0 0.534896 0.713426 0.019271 0.018519
0 0.534375 0.730093 0.019271 0.018519
0 0.534375 0.747685 0.019271 0.018519
0 0.534635 0.764815 0.019271 0.018519
0 0.534896 0.782407 0.019271 0.018519
0 0.553125 0.782870 0.019271 0.018519
0 0.553385 0.765741 0.019271 0.018519
0 0.553646 0.748148 0.019271 0.018519
0 0.553125 0.731944 0.019271 0.018519
0 0.553385 0.713889 0.019271 0.018519
0 0.553125 0.697685 0.019271 0.018519
0 0.553646 0.680093 0.019271 0.018519
0 0.553646 0.663889 0.019271 0.018519
0 0.553385 0.647222 0.019271 0.018519
0 0.553646 0.630556 0.019271 0.018519
0 0.553646 0.614352 0.019271 0.018519
0 0.553646 0.596759 0.019271 0.018519
0 0.553906 0.581019 0.019271 0.018519
0 0.574219 0.581944 0.019271 0.018519
0 0.574479 0.598611 0.019271 0.018519
0 0.574219 0.614815 0.019271 0.018519
0 0.574479 0.631019 0.019271 0.018519
0 0.574479 0.647685 0.019271 0.018519
0 0.574479 0.664352 0.019271 0.018519
0 0.574740 0.681019 0.019271 0.018519
0 0.575000 0.698611 0.019271 0.018519
0 0.575000 0.715278 0.019271 0.018519
0 0.575000 0.731944 0.019271 0.018519
0 0.575000 0.748611 0.019271 0.018519
0 0.575000 0.767130 0.019271 0.018519
0 0.575260 0.784259 0.019271 0.018519
0 0.594010 0.785185 0.019271 0.018519
0 0.593750 0.768056 0.019271 0.018519
0 0.593750 0.750000 0.019271 0.018519
0 0.593750 0.733333 0.019271 0.018519
0 0.593490 0.716204 0.019271 0.018519
0 0.593490 0.698611 0.019271 0.018519
0 0.592969 0.681944 0.019271 0.018519
0 0.592969 0.665741 0.019271 0.018519
0 0.592969 0.648611 0.019271 0.018519
0 0.592708 0.631481 0.019271 0.018519
0 0.592969 0.615278 0.019271 0.018519
0 0.592969 0.598611 0.019271 0.018519
0 0.592187 0.582407 0.019271 0.018519
0 0.615104 0.582870 0.019271 0.018519
0 0.615104 0.599074 0.019271 0.018519
0 0.615365 0.615741 0.019271 0.018519
0 0.615625 0.631944 0.019271 0.018519
0 0.615885 0.648148 0.019271 0.018519
0 0.615885 0.665278 0.019271 0.018519
0 0.615885 0.681944 0.019271 0.018519
0 0.616406 0.698611 0.019271 0.018519
0 0.616406 0.715278 0.019271 0.018519
0 0.616406 0.732870 0.019271 0.018519
0 0.616406 0.750000 0.019271 0.018519
0 0.616927 0.767130 0.019271 0.018519
0 0.616667 0.784259 0.019271 0.018519
0 0.635156 0.785648 0.019271 0.018519
0 0.635417 0.767593 0.019271 0.018519
0 0.635417 0.750463 0.019271 0.018519
0 0.635417 0.733796 0.019271 0.018519
0 0.635417 0.716667 0.019271 0.018519
0 0.634896 0.699074 0.019271 0.018519
0 0.634635 0.681944 0.019271 0.018519
0 0.634896 0.665741 0.019271 0.018519
0 0.634115 0.649537 0.019271 0.018519
0 0.634375 0.632870 0.019271 0.018519
0 0.633854 0.615741 0.019271 0.018519
0 0.633594 0.599537 0.019271 0.018519
0 0.633854 0.583333 0.019271 0.018519
0 0.652865 0.566667 0.019271 0.018519
0 0.652865 0.583796 0.019271 0.018519
0 0.653125 0.600463 0.019271 0.018519
0 0.653385 0.617130 0.019271 0.018519
0 0.653385 0.633333 0.019271 0.018519
0 0.653906 0.650000 0.019271 0.018519
0 0.653906 0.666667 0.019271 0.018519
0 0.655469 0.684722 0.019271 0.018519
0 0.655729 0.701852 0.019271 0.018519
0 0.655729 0.718981 0.019271 0.018519
0 0.655990 0.735648 0.019271 0.018519
0 0.656510 0.752315 0.019271 0.018519
0 0.656771 0.769444 0.019271 0.018519
0 0.656771 0.786574 0.019271 0.018519
0 0.675521 0.787037 0.019271 0.018519
0 0.675781 0.769907 0.019271 0.018519
0 0.675260 0.752778 0.019271 0.018519
0 0.674740 0.735648 0.019271 0.018519
0 0.674219 0.719444 0.019271 0.018519
0 0.674219 0.701852 0.019271 0.018519
0 0.673958 0.685648 0.019271 0.018519
0 0.673438 0.667593 0.019271 0.018519
0 0.672656 0.651389 0.019271 0.018519
0 0.672917 0.636111 0.019271 0.018519
0 0.672396 0.619444 0.019271 0.018519
0 0.672396 0.603704 0.019271 0.018519
0 0.672135 0.587963 0.019271 0.018519
0 0.672135 0.573148 0.019271 0.018519
0 0.671615 0.558333 0.019271 0.018519
0 0.671875 0.542593 0.019271 0.018519
0 0.258073 0.496759 0.019792 0.015741
0 0.259115 0.482870 0.019792 0.015741
0 0.261198 0.468519 0.019792 0.015741
0 0.261979 0.455093 0.019792 0.015741
0 0.263281 0.441204 0.019792 0.015741
0 0.264323 0.427315 0.019792 0.015741
0 0.265885 0.414352 0.019792 0.015741
0 0.267578 0.400694 0.018490 0.015278
0 0.268750 0.387037 0.018750 0.015741
0 0.270182 0.374537 0.019010 0.014815
0 0.271354 0.361574 0.018750 0.014815
0 0.272656 0.349074 0.017188 0.012963
0 0.273698 0.336574 0.017188 0.012963
0 0.275000 0.324537 0.017188 0.012963
0 0.276042 0.312500 0.017188 0.012963
0 0.277604 0.300926 0.017188 0.012963
0 0.293490 0.301620 0.017708 0.013426
0 0.292187 0.313194 0.017708 0.013426
0 0.291146 0.325231 0.017708 0.013426
0 0.290365 0.337269 0.017708 0.013426
0 0.289323 0.348843 0.017708 0.013426
0 0.288281 0.361343 0.017708 0.013426
0 0.286719 0.373380 0.017708 0.013426
0 0.285677 0.386806 0.017708 0.013426
0 0.284635 0.399306 0.017708 0.013426
0 0.283333 0.411806 0.017708 0.013426
0 0.282552 0.424769 0.017708 0.013426
0 0.280990 0.437269 0.017708 0.013426
0 0.279687 0.450463 0.018229 0.014815
0 0.278646 0.463889 0.018229 0.014815
0 0.277083 0.477315 0.018229 0.014815
0 0.276693 0.490509 0.020052 0.015278
0 0.275130 0.504861 0.020052 0.015278
0 0.295443 0.505324 0.020052 0.015278
0 0.296224 0.490509 0.020052 0.015278
0 0.297526 0.477083 0.017969 0.014352
0 0.298568 0.464120 0.017969 0.014352
0 0.299609 0.451157 0.017969 0.014352
0 0.300911 0.437269 0.017969 0.014352
0 0.301953 0.424769 0.017969 0.014352
0 0.302995 0.411806 0.017969 0.014352
0 0.303776 0.399306 0.017969 0.014352
0 0.304557 0.386343 0.017969 0.014352
0 0.305859 0.374769 0.017969 0.014352
0 0.306901 0.362269 0.017969 0.014352
0 0.307943 0.350231 0.017969 0.014352
0 0.308724 0.338194 0.017969 0.014352
0 0.310026 0.325231 0.017969 0.014352
0 0.311068 0.313657 0.017969 0.014352
0 0.311849 0.302083 0.017969 0.014352
0 0.327734 0.302546 0.017969 0.014352
0 0.326953 0.314120 0.017969 0.014352
0 0.325651 0.326620 0.017969 0.014352
0 0.324870 0.338657 0.017969 0.014352
0 0.324089 0.351157 0.017969 0.014352
0 0.323307 0.362731 0.017969 0.014352
0 0.322005 0.374769 0.017969 0.014352
0 0.321224 0.387731 0.017969 0.014352
0 0.320443 0.400231 0.017969 0.014352
0 0.319661 0.412731 0.017969 0.014352
0 0.318359 0.425694 0.017969 0.014352
0 0.317318 0.438194 0.017969 0.014352
0 0.316536 0.451620 0.017969 0.014352
0 0.315495 0.465046 0.017969 0.014352
0 0.314453 0.478009 0.017969 0.014352
0 0.315365 0.491898 0.019792 0.015278
0 0.313542 0.505787 0.019792 0.015278
0 0.334896 0.477546 0.019792 0.015278
0 0.335677 0.464583 0.019792 0.015278
0 0.336849 0.451157 0.018490 0.016204
0 0.337630 0.438194 0.017448 0.013426
0 0.338411 0.425694 0.017448 0.013426
0 0.339453 0.413194 0.017448 0.013426
0 0.340234 0.400231 0.017448 0.013426
0 0.341016 0.387731 0.017448 0.013426
0 0.342057 0.375231 0.017448 0.013426
0 0.342578 0.363194 0.017448 0.013426
0 0.343359 0.350231 0.017448 0.013426
0 0.343880 0.338194 0.017448 0.013426
0 0.345182 0.325694 0.017448 0.013426
0 0.345443 0.314120 0.017448 0.013426
0 0.346224 0.303009 0.017448 0.013426
0 0.362370 0.303472 0.017448 0.013426
0 0.361589 0.315509 0.017448 0.013426
0 0.361068 0.326620 0.017448 0.013426
0 0.360286 0.339120 0.017448 0.013426
0 0.359245 0.350694 0.017448 0.013426
0 0.358724 0.363657 0.017448 0.013426
0 0.358464 0.375694 0.017448 0.013426
0 0.357422 0.388657 0.017448 0.013426
0 0.356641 0.400694 0.017448 0.013426
0 0.355859 0.414120 0.017448 0.013426
0 0.355339 0.426157 0.017448 0.013426
0 0.354297 0.439120 0.017448 0.013426
0 0.353776 0.452546 0.017448 0.013426
0 0.352995 0.465509 0.017448 0.013426
0 0.352474 0.478935 0.017448 0.013426
0 0.372266 0.477546 0.017448 0.013426
0 0.373047 0.465509 0.017448 0.013426
0 0.373568 0.452083 0.017448 0.013426
0 0.374089 0.439583 0.017448 0.013426
0 0.374870 0.426620 0.017448 0.013426
0 0.375651 0.414120 0.017448 0.013426
0 0.375911 0.401157 0.017448 0.013426
0 0.376953 0.388657 0.017448 0.013426
0 0.377214 0.376620 0.017448 0.013426
0 0.377734 0.364120 0.017448 0.013426
0 0.378516 0.351620 0.017448 0.013426
0 0.379297 0.338657 0.017448 0.013426
0 0.379557 0.327083 0.017448 0.013426
0 0.380339 0.315972 0.017448 0.013426
0 0.397266 0.292824 0.017448 0.013426
0 0.397005 0.303935 0.017448 0.013426
0 0.396484 0.315509 0.017448 0.013426
0 0.395703 0.328472 0.017448 0.013426
0 0.395182 0.339583 0.017448 0.013426
0 0.394401 0.352083 0.017448 0.013426
0 0.393880 0.364120 0.017448 0.013426
0 0.393880 0.376620 0.017448 0.013426
0 0.393099 0.389120 0.017448 0.013426
0 0.392578 0.401620 0.017448 0.013426
0 0.391797 0.414120 0.017448 0.013426
0 0.391536 0.426620 0.017448 0.013426
0 0.391016 0.439583 0.017448 0.013426
0 0.390755 0.452546 0.017448 0.013426
0 0.389714 0.465972 0.017448 0.013426
0 0.389453 0.478472 0.017448 0.013426
0 0.406380 0.478472 0.017448 0.013426
0 0.406901 0.465509 0.017448 0.013426
0 0.407422 0.452546 0.017448 0.013426
0 0.408203 0.440046 0.017448 0.013426
0 0.408464 0.427083 0.017448 0.013426
0 0.408464 0.414583 0.017448 0.013426
0 0.409245 0.402083 0.017448 0.013426
0 0.409505 0.389120 0.017448 0.013426
0 0.410286 0.376620 0.017448 0.013426
0 0.410547 0.364583 0.017448 0.013426
0 0.410807 0.352546 0.017448 0.013426
0 0.411589 0.340046 0.017448 0.013426
0 0.412370 0.328472 0.017448 0.013426
0 0.412109 0.316435 0.017448 0.013426
0 0.412630 0.304398 0.017448 0.013426
0 0.413151 0.292824 0.017448 0.013426
0 0.428516 0.316898 0.017448 0.013426
0 0.427995 0.329398 0.017448 0.013426
0 0.427734 0.340972 0.017448 0.013426
0 0.427474 0.353472 0.017448 0.013426
0 0.426693 0.365046 0.017448 0.013426
0 0.426432 0.377546 0.017448 0.013426
0 0.426172 0.389583 0.017448 0.013426
0 0.425651 0.401620 0.017448 0.013426
0 0.425130 0.415509 0.017448 0.013426
0 0.424349 0.427546 0.017448 0.013426
0 0.424089 0.440046 0.017448 0.013426
0 0.423828 0.453472 0.017448 0.013426
0 0.423307 0.466435 0.017448 0.013426
0 0.423568 0.478009 0.017448 0.013426
0 0.442578 0.478935 0.017448 0.013426
0 0.442839 0.465509 0.017448 0.013426
0 0.443099 0.453009 0.017448 0.013426
0 0.443620 0.440509 0.017448 0.013426
0 0.443620 0.427546 0.017448 0.013426
0 0.444141 0.415046 0.017448 0.013426
0 0.444401 0.402083 0.017448 0.013426
0 0.445182 0.389583 0.017448 0.013426
0 0.445182 0.377546 0.017448 0.013426
0 0.445443 0.364583 0.017448 0.013426
0 0.445703 0.352546 0.017448 0.013426
0 0.445964 0.340046 0.017448 0.013426
0 0.446224 0.328009 0.017448 0.013426
0 0.446745 0.316898 0.017448 0.013426
0 0.446745 0.304861 0.017448 0.013426
0 0.462891 0.305324 0.017448 0.013426
0 0.462891 0.317824 0.017448 0.013426
0 0.462370 0.328935 0.017448 0.013426
0 0.461849 0.341435 0.017448 0.013426
0 0.461849 0.353472 0.017448 0.013426
0 0.461589 0.365046 0.017448 0.013426
0 0.461068 0.378472 0.017448 0.013426
0 0.461328 0.390509 0.017448 0.013426
0 0.460807 0.403009 0.017448 0.013426
0 0.460547 0.415046 0.017448 0.013426
0 0.460547 0.428009 0.017448 0.013426
0 0.460286 0.440972 0.017448 0.013426
0 0.459766 0.453935 0.017448 0.013426
0 0.459245 0.466898 0.017448 0.013426
0 0.459505 0.479398 0.017448 0.013426
0 0.478516 0.479861 0.017448 0.013426
0 0.478776 0.466898 0.017448 0.013426
0 0.478776 0.453935 0.017448 0.013426
0 0.478776 0.440509 0.017448 0.013426
0 0.479297 0.428009 0.017448 0.013426
0 0.479297 0.415509 0.017448 0.013426
0 0.479818 0.403009 0.017448 0.013426
0 0.479818 0.390972 0.017448 0.013426
0 0.480078 0.378935 0.017448 0.013426
0 0.480078 0.365972 0.017448 0.013426
0 0.480339 0.353935 0.017448 0.013426
0 0.480859 0.341435 0.017448 0.013426
0 0.481120 0.329398 0.017448 0.013426
0 0.481120 0.317361 0.017448 0.013426
0 0.481120 0.305787 0.017448 0.013426
0 0.481120 0.294213 0.017448 0.013426
0 0.497005 0.318287 0.017448 0.013426
0 0.497005 0.330324 0.017448 0.013426
0 0.497005 0.342130 0.016927 0.013889
0 0.496484 0.354167 0.016927 0.013889
0 0.496484 0.366667 0.016927 0.013889
0 0.496484 0.378704 0.016927 0.013889
0 0.495964 0.391204 0.016927 0.013889
0 0.496224 0.403241 0.016927 0.013889
0 0.495964 0.416667 0.016927 0.013889
0 0.495443 0.428704 0.016927 0.013889
0 0.495703 0.441667 0.016927 0.013889
0 0.495182 0.454167 0.016927 0.013889
0 0.495443 0.468056 0.016927 0.013889
0 0.494922 0.480556 0.016927 0.013889
0 0.518620 0.481019 0.016927 0.013889
0 0.518359 0.468519 0.016927 0.013889
0 0.518359 0.455093 0.016927 0.013889
0 0.518880 0.441667 0.016927 0.013889
0 0.518359 0.429167 0.016927 0.013889
0 0.518359 0.416667 0.016927 0.013889
0 0.518359 0.403704 0.016927 0.013889
0 0.518099 0.391667 0.016927 0.013889
0 0.518620 0.378704 0.016927 0.013889
0 0.518620 0.367130 0.016927 0.013889
0 0.518620 0.355093 0.016927 0.013889
0 0.518620 0.342130 0.016927 0.013889
0 0.518359 0.330556 0.016927 0.013889
0 0.518359 0.318981 0.016927 0.013889
0 0.518880 0.306481 0.016927 0.013889
0 0.518620 0.294444 0.016927 0.013889
0 0.535547 0.318981 0.016927 0.013889
0 0.535807 0.331019 0.016927 0.013889
0 0.536068 0.342130 0.016927 0.013889
0 0.536068 0.355093 0.016927 0.013889
0 0.536068 0.367593 0.016927 0.013889
0 0.535807 0.380093 0.016927 0.013889
0 0.536068 0.392130 0.016927 0.013889
0 0.535807 0.404630 0.016927 0.013889
0 0.535807 0.417130 0.016927 0.013889
0 0.536068 0.430093 0.016927 0.013889
0 0.536328 0.442130 0.016927 0.013889
0 0.536328 0.455556 0.016927 0.013889
0 0.536328 0.468519 0.016927 0.013889
0 0.536328 0.481019 0.016927 0.013889
0 0.559245 0.481019 0.016927 0.013889
0 0.558984 0.468981 0.016927 0.013889
0 0.558724 0.455556 0.016927 0.013889
0 0.558724 0.442593 0.016927 0.013889
0 0.558203 0.429167 0.016927 0.013889
0 0.558203 0.416667 0.016927 0.013889
0 0.557682 0.404167 0.016927 0.013889
0 0.558203 0.391667 0.016927 0.013889
0 0.557422 0.379167 0.016927 0.013889
0 0.557682 0.367130 0.016927 0.013889
0 0.557422 0.354167 0.016927 0.013889
0 0.557161 0.342593 0.016927 0.013889
0 0.557161 0.330556 0.016927 0.013889
0 0.556901 0.318519 0.016927 0.013889
0 0.556641 0.306944 0.016927 0.013889
0 0.556641 0.294907 0.016927 0.013889
0 0.556380 0.283333 0.016927 0.013889
0 0.556380 0.271759 0.016927 0.013889
0 0.555859 0.260648 0.016927 0.013889
0 0.555859 0.249074 0.016927 0.013889
0 0.555859 0.237500 0.016927 0.013889
0 0.555599 0.225926 0.016927 0.013889
0 0.555339 0.214815 0.016927 0.013889
0 0.554948 0.203241 0.016146 0.012037
0 0.570312 0.203241 0.016146 0.012037
0 0.570833 0.214815 0.016146 0.012037
0 0.571094 0.225926 0.016146 0.012037
0 0.571354 0.237963 0.016146 0.012037
0 0.571354 0.249074 0.016146 0.012037
0 0.571354 0.260185 0.016146 0.012037
0 0.571615 0.271759 0.016146 0.012037
0 0.572135 0.282870 0.016146 0.012037
0 0.572917 0.295370 0.016146 0.012037
0 0.572135 0.306944 0.016146 0.012037
0 0.572917 0.318519 0.016146 0.012037
0 0.572917 0.330556 0.016146 0.012037
0 0.573177 0.342130 0.016146 0.012037
0 0.573177 0.355093 0.016146 0.012037
0 0.573698 0.366667 0.016146 0.012037
0 0.573958 0.379167 0.016146 0.012037
0 0.574219 0.392130 0.016146 0.012037
0 0.574349 0.404167 0.016406 0.012963
0 0.574609 0.417130 0.016406 0.012963
0 0.574870 0.429167 0.016406 0.012963
0 0.574870 0.442593 0.016406 0.012963
0 0.575391 0.455093 0.016406 0.012963
0 0.575781 0.468981 0.017188 0.013889
0 0.575781 0.481944 0.017188 0.013889
0 0.593229 0.481944 0.017188 0.013889
0 0.592187 0.468519 0.017188 0.013889
0 0.592187 0.455556 0.017188 0.013889
0 0.591927 0.442593 0.017188 0.013889
0 0.591667 0.429630 0.017188 0.013889
0 0.591146 0.417130 0.017188 0.013889
0 0.590885 0.404630 0.017188 0.013889
0 0.590365 0.391667 0.017188 0.013889
0 0.590104 0.379630 0.017188 0.013889
0 0.589583 0.366667 0.017188 0.013889
0 0.589323 0.355093 0.017188 0.013889
0 0.589323 0.342130 0.017188 0.013889
0 0.588802 0.330093 0.017188 0.013889
0 0.588802 0.318519 0.017188 0.013889
0 0.588021 0.283333 0.017188 0.013889
0 0.587500 0.271296 0.017188 0.013889
0 0.587240 0.260648 0.017188 0.013889
0 0.586979 0.248611 0.017188 0.013889
0 0.586979 0.237037 0.017188 0.013889
0 0.586198 0.225926 0.017188 0.013889
0 0.585938 0.214815 0.017188 0.013889
0 0.585677 0.203009 0.016146 0.013426
0 0.603906 0.203472 0.016146 0.013426
0 0.604167 0.214583 0.016146 0.013426
0 0.604427 0.226157 0.016146 0.013426
0 0.604948 0.237731 0.016146 0.013426
0 0.605208 0.248843 0.016146 0.013426
0 0.605729 0.259954 0.016146 0.013426
0 0.605990 0.271991 0.016146 0.013426
0 0.606771 0.283102 0.016146 0.013426
0 0.606771 0.295139 0.016146 0.013426
0 0.607292 0.306713 0.016146 0.013426
0 0.607552 0.318287 0.016146 0.013426
0 0.608333 0.330324 0.016146 0.013426
0 0.608333 0.342361 0.016146 0.013426
0 0.608594 0.354398 0.016146 0.013426
0 0.609115 0.366898 0.016146 0.013426
0 0.609635 0.379398 0.016146 0.013426
0 0.609896 0.391898 0.016146 0.013426
0 0.610417 0.404398 0.016146 0.013426
0 0.610938 0.416898 0.016146 0.013426
0 0.611328 0.430324 0.017448 0.014352
0 0.611849 0.442824 0.017448 0.014352
0 0.612370 0.455324 0.017448 0.014352
0 0.612630 0.468287 0.017448 0.014352
0 0.613151 0.481713 0.017448 0.014352
0 0.630078 0.481713 0.017448 0.014352
0 0.629818 0.468287 0.017448 0.014352
0 0.629036 0.455787 0.017448 0.014352
0 0.628516 0.442361 0.017448 0.014352
0 0.627995 0.429861 0.017448 0.014352
0 0.627474 0.417824 0.017448 0.014352
0 0.626953 0.404398 0.017448 0.014352
0 0.626432 0.391898 0.017448 0.014352
0 0.626172 0.378935 0.017448 0.014352
0 0.625130 0.366435 0.017448 0.014352
0 0.624870 0.354861 0.017448 0.014352
0 0.624609 0.342824 0.017448 0.014352
0 0.624089 0.329861 0.017448 0.014352
0 0.623828 0.318287 0.017448 0.014352
0 0.622526 0.305787 0.017448 0.014352
0 0.622786 0.294676 0.017448 0.014352
0 0.622266 0.282176 0.017448 0.014352
0 0.621615 0.270833 0.016667 0.012963
0 0.621354 0.259722 0.016667 0.012963
0 0.620573 0.248148 0.016667 0.012963
0 0.620313 0.236574 0.016667 0.012963
0 0.620052 0.225926 0.016667 0.012963
0 0.619792 0.214352 0.016667 0.012963
0 0.619271 0.203241 0.016667 0.012963
0 0.637240 0.212500 0.016667 0.012963
0 0.637760 0.222685 0.016667 0.012963
0 0.638281 0.234259 0.016667 0.012963
0 0.639062 0.245833 0.016667 0.012963
0 0.639323 0.257407 0.016667 0.012963
0 0.639844 0.268519 0.016667 0.012963
0 0.640365 0.280093 0.016667 0.012963
0 0.640885 0.292130 0.016667 0.012963
0 0.641146 0.303241 0.016667 0.012963
0 0.641927 0.315741 0.016667 0.012963
0 0.642708 0.327778 0.016667 0.012963
0 0.642969 0.339352 0.016667 0.012963
0 0.643490 0.351389 0.016667 0.012963
0 0.644010 0.363889 0.016667 0.012963
0 0.644792 0.376389 0.016667 0.012963
0 0.645573 0.388889 0.016667 0.012963
0 0.645833 0.401389 0.016667 0.012963
0 0.646615 0.413889 0.016667 0.012963
0 0.647526 0.426852 0.017969 0.013889
0 0.647526 0.439815 0.017969 0.013889
0 0.648307 0.452778 0.017969 0.013889
0 0.649349 0.466204 0.017969 0.013889
0 0.649609 0.479167 0.017969 0.013889
0 0.650391 0.491667 0.017969 0.013889
0 0.651172 0.506481 0.017969 0.013889
0 0.651953 0.519907 0.017969 0.013889
0 0.669141 0.519907 0.017969 0.013889
0 0.668620 0.506481 0.017969 0.013889
0 0.667318 0.492593 0.017969 0.013889
0 0.667057 0.479630 0.017969 0.013889
0 0.665755 0.465741 0.017969 0.013889
0 0.665234 0.452315 0.017969 0.013889
0 0.664714 0.439352 0.017969 0.013889
0 0.663932 0.426852 0.017969 0.013889
0 0.662891 0.413426 0.017969 0.013889
0 0.662630 0.400926 0.017969 0.013889
0 0.662109 0.388426 0.017969 0.013889
0 0.661068 0.375926 0.017969 0.013889
0 0.660286 0.363889 0.017969 0.013889
0 0.660026 0.351852 0.017969 0.013889
0 0.658984 0.339352 0.017969 0.013889
0 0.658724 0.327315 0.017969 0.013889
0 0.658203 0.314815 0.017969 0.013889
0 0.656901 0.303241 0.017969 0.013889
0 0.656120 0.292130 0.017969 0.013889
0 0.656120 0.280093 0.017969 0.013889
0 0.655599 0.268519 0.017969 0.013889
0 0.654818 0.256944 0.017969 0.013889
0 0.654557 0.245139 0.016927 0.012500
0 0.653776 0.234028 0.016927 0.012500
0 0.653516 0.222917 0.016927 0.012500
0 0.652995 0.211806 0.016927 0.012500
0 0.669661 0.212269 0.016927 0.012500
0 0.670182 0.223843 0.016927 0.012500
0 0.670964 0.234954 0.016927 0.012500
0 0.672005 0.246065 0.016927 0.012500
0 0.672786 0.257176 0.016927 0.012500
0 0.673307 0.268750 0.016927 0.012500
0 0.674089 0.280324 0.016927 0.012500
0 0.675130 0.291435 0.016927 0.012500
0 0.675391 0.303472 0.016927 0.012500
0 0.676432 0.315509 0.016927 0.012500
0 0.677474 0.327546 0.016927 0.012500
0 0.677995 0.339583 0.016927 0.012500
0 0.678776 0.351620 0.016927 0.012500
0 0.680078 0.364120 0.016927 0.012500
0 0.680859 0.376157 0.016927 0.012500
0 0.681641 0.388657 0.016927 0.012500
0 0.682161 0.401620 0.016927 0.014352
0 0.683203 0.414120 0.016927 0.014352
0 0.683984 0.427083 0.016927 0.014352
0 0.684766 0.440509 0.016927 0.014352
0 0.686068 0.453009 0.017969 0.014352
0 0.686589 0.466435 0.017969 0.014352
0 0.687891 0.479861 0.017969 0.014352
0 0.689193 0.493287 0.017969 0.014352
0 0.689714 0.507176 0.017969 0.014352
0 0.690495 0.520139 0.017969 0.014352
0 0.591406 0.497222 0.017188 0.013889
0 0.591797 0.510880 0.017969 0.015278
0 0.591536 0.530324 0.017969 0.015278
0 0.591797 0.545139 0.017969 0.015278
0 0.573568 0.545139 0.017969 0.015278
0 0.573568 0.529861 0.017969 0.015278
0 0.573828 0.510880 0.017969 0.015278
0 0.573568 0.496528 0.017969 0.015278
0 0.553776 0.496991 0.017969 0.015278
0 0.553776 0.510417 0.017969 0.015278
0 0.553776 0.529861 0.017969 0.015278
0 0.553516 0.544213 0.017969 0.015278
0 0.534505 0.543750 0.017969 0.015278
0 0.534766 0.528935 0.017969 0.015278
0 0.534505 0.509954 0.017969 0.015278
0 0.535026 0.495602 0.017969 0.015278
0 0.514974 0.496065 0.017969 0.015278
0 0.514714 0.509491 0.017969 0.015278
0 0.514453 0.527546 0.017969 0.015278
0 0.514453 0.542824 0.017969 0.015278
0 0.496224 0.541898 0.017969 0.015278
0 0.495703 0.527546 0.017969 0.015278
0 0.496224 0.508102 0.017969 0.015278
0 0.496484 0.495139 0.017969 0.015278
0 0.476693 0.494676 0.017969 0.015278
0 0.475911 0.507639 0.017969 0.015278
0 0.476172 0.526620 0.017969 0.015278
0 0.475911 0.541435 0.017969 0.015278
0 0.458984 0.541435 0.017969 0.015278
0 0.458464 0.526620 0.017969 0.015278
0 0.459245 0.507639 0.017969 0.015278
0 0.459505 0.494676 0.017969 0.015278
0 0.439714 0.492824 0.017969 0.015278
0 0.439193 0.507176 0.017969 0.015278
0 0.438411 0.524769 0.017969 0.015278
0 0.438151 0.540046 0.017969 0.015278
0 0.419141 0.539120 0.017969 0.015278
0 0.419922 0.524306 0.017969 0.015278
0 0.419661 0.506250 0.017969 0.015278
0 0.420703 0.492824 0.017969 0.015278
0 0.401432 0.491435 0.017969 0.015278
0 0.400911 0.505324 0.017969 0.015278
0 0.399609 0.526620 0.017969 0.015278
0 0.381120 0.525231 0.017969 0.015278
0 0.361328 0.525694 0.017969 0.015278
0 0.361849 0.504398 0.017969 0.015278
0 0.363151 0.490509 0.017969 0.015278
0 0.382422 0.491435 0.017969 0.015278
0 0.381901 0.504861 0.017969 0.015278
0 0.280339 0.265741 0.017448 0.013889
0 0.281380 0.253704 0.017448 0.013889
0 0.282813 0.242824 0.017188 0.012500
0 0.283854 0.230787 0.017188 0.012500
0 0.284896 0.220602 0.017188 0.012500
0 0.286198 0.209491 0.017188 0.012500
0 0.286979 0.198380 0.017188 0.012500
0 0.287760 0.187731 0.017188 0.012500
0 0.289062 0.177546 0.017188 0.012500
0 0.289062 0.163657 0.017188 0.012500
0 0.290625 0.152546 0.017188 0.012500
0 0.291406 0.142361 0.017188 0.012500
0 0.307292 0.143287 0.017188 0.012500
0 0.305990 0.153472 0.017188 0.012500
0 0.304948 0.164120 0.017188 0.012500
0 0.304167 0.177546 0.017188 0.012500
0 0.303385 0.188657 0.017188 0.012500
0 0.302344 0.199306 0.017188 0.012500
0 0.301042 0.210417 0.017188 0.012500
0 0.300521 0.221065 0.017188 0.012500
0 0.298958 0.233102 0.017188 0.012500
0 0.298177 0.243287 0.017188 0.012500
0 0.297396 0.254398 0.017188 0.012500
0 0.296615 0.266435 0.017188 0.012500
0 0.314323 0.265972 0.017188 0.012500
0 0.315885 0.254398 0.017188 0.012500
0 0.316667 0.242824 0.017188 0.012500
0 0.317188 0.233102 0.017188 0.012500
0 0.318229 0.221065 0.017188 0.012500
0 0.319010 0.210417 0.017188 0.012500
0 0.320573 0.199306 0.017188 0.012500
0 0.321354 0.189120 0.017188 0.012500
0 0.321875 0.178009 0.017188 0.012500
0 0.337240 0.178009 0.017188 0.012500
0 0.336719 0.189583 0.017188 0.012500
0 0.335677 0.200694 0.017188 0.012500
0 0.334896 0.210880 0.017188 0.012500
0 0.333854 0.221065 0.017188 0.012500
0 0.333073 0.232639 0.017188 0.012500
0 0.332031 0.244213 0.017188 0.012500
0 0.331510 0.255324 0.017188 0.012500
0 0.330729 0.266898 0.017188 0.012500
0 0.348958 0.266898 0.017188 0.012500
0 0.350260 0.254861 0.017188 0.012500
0 0.350521 0.243750 0.017188 0.012500
0 0.351562 0.233102 0.017188 0.012500
0 0.351823 0.221991 0.017188 0.012500
0 0.352604 0.210880 0.017188 0.012500
0 0.353385 0.199769 0.017188 0.012500
0 0.354687 0.189583 0.017188 0.012500
0 0.355469 0.178935 0.017188 0.012500
0 0.370703 0.178704 0.016406 0.012963
0 0.369401 0.189352 0.016406 0.012963
0 0.368880 0.200463 0.016406 0.012963
0 0.368099 0.211574 0.016406 0.012963
0 0.367839 0.222222 0.016406 0.012963
0 0.366797 0.233796 0.016406 0.012963
0 0.366536 0.244907 0.016406 0.012963
0 0.365755 0.256019 0.016406 0.012963
0 0.364974 0.267130 0.016406 0.012963
0 0.382943 0.268056 0.016406 0.012963
0 0.383464 0.256944 0.016406 0.012963
0 0.383984 0.245370 0.016406 0.012963
0 0.384766 0.233796 0.016406 0.012963
0 0.385286 0.222685 0.016406 0.012963
0 0.385807 0.212037 0.016406 0.012963
0 0.386589 0.200463 0.016406 0.012963
0 0.386849 0.190278 0.016406 0.012963
0 0.387370 0.179630 0.016406 0.012963
0 0.402734 0.179167 0.016406 0.012963
0 0.402214 0.189815 0.016406 0.012963
0 0.402214 0.201389 0.016406 0.012963
0 0.401432 0.212037 0.016406 0.012963
0 0.401172 0.222685 0.016406 0.012963
0 0.400391 0.234259 0.016406 0.012963
0 0.399349 0.245833 0.016406 0.012963
0 0.399089 0.256481 0.016406 0.012963
0 0.398828 0.268519 0.016406 0.012963
0 0.413932 0.268981 0.016406 0.012963
0 0.414453 0.257407 0.016406 0.012963
0 0.415234 0.245833 0.016406 0.012963
0 0.416016 0.235648 0.016406 0.012963
0 0.415755 0.224074 0.016406 0.012963
0 0.416797 0.212037 0.016406 0.012963
0 0.417057 0.201389 0.016406 0.012963
0 0.417318 0.190278 0.016406 0.012963
0 0.418099 0.180093 0.016406 0.012963
0 0.433203 0.180556 0.016406 0.012963
0 0.432422 0.191667 0.016406 0.012963
0 0.432422 0.201852 0.016406 0.012963
0 0.431641 0.212500 0.016406 0.012963
0 0.431120 0.224074 0.016406 0.012963
0 0.431120 0.235185 0.016406 0.012963
0 0.430599 0.246759 0.016406 0.012963
0 0.430078 0.257870 0.016406 0.012963
0 0.430078 0.268981 0.016406 0.012963
0 0.448047 0.269444 0.016406 0.012963
0 0.448568 0.257870 0.016406 0.012963
0 0.448828 0.246296 0.016406 0.012963
0 0.448828 0.235185 0.016406 0.012963
0 0.449349 0.224537 0.016406 0.012963
0 0.449609 0.213889 0.016406 0.012963
0 0.450130 0.202778 0.016406 0.012963
0 0.450130 0.191204 0.016406 0.012963
0 0.450651 0.180556 0.015365 0.012037
0 0.465495 0.181481 0.015365 0.012037
0 0.465495 0.191667 0.015365 0.012037
0 0.465234 0.203241 0.015365 0.012037
0 0.464714 0.213889 0.015365 0.012037
0 0.464714 0.224537 0.015365 0.012037
0 0.464453 0.236111 0.015365 0.012037
0 0.463932 0.247222 0.015365 0.012037
0 0.463672 0.258796 0.015365 0.012037
0 0.463411 0.270370 0.015365 0.012037
0 0.481901 0.270833 0.015365 0.012037
0 0.482161 0.259259 0.015365 0.012037
0 0.482422 0.247685 0.015365 0.012037
0 0.482682 0.236574 0.015365 0.012037
0 0.482682 0.225463 0.015365 0.012037
0 0.482943 0.213426 0.015365 0.012037
0 0.483203 0.203241 0.015365 0.012037
0 0.482943 0.192593 0.015365 0.012037
0 0.483464 0.181481 0.015365 0.012037
0 0.498047 0.182407 0.015365 0.012037
0 0.498307 0.193056 0.015365 0.012037
0 0.498307 0.203704 0.015365 0.012037
0 0.497786 0.214815 0.015365 0.012037
0 0.498047 0.225926 0.015365 0.012037
0 0.498047 0.236111 0.015365 0.012037
0 0.497786 0.247685 0.015365 0.012037
0 0.497266 0.258796 0.015365 0.012037
0 0.497266 0.270370 0.015365 0.012037
0 0.518880 0.271296 0.015365 0.012037
0 0.519141 0.259722 0.015365 0.012037
0 0.519141 0.248148 0.015365 0.012037
0 0.518880 0.237037 0.015365 0.012037
0 0.518880 0.226389 0.015365 0.012037
0 0.519141 0.215278 0.015365 0.012037
0 0.519141 0.204167 0.015365 0.012037
0 0.518880 0.192593 0.015365 0.012037
0 0.519141 0.181944 0.015365 0.012037
0 0.535026 0.181944 0.015365 0.012037
0 0.534766 0.192593 0.015365 0.012037
0 0.535026 0.204167 0.015365 0.012037
0 0.534766 0.214815 0.015365 0.012037
0 0.535026 0.225926 0.015365 0.012037
0 0.535026 0.237037 0.015365 0.012037
0 0.535286 0.249074 0.015365 0.012037
0 0.535286 0.260185 0.015365 0.012037
0 0.535807 0.271296 0.015365 0.012037
0 0.533984 0.168519 0.016927 0.012037
0 0.533984 0.157407 0.016927 0.012037
0 0.533724 0.145833 0.016927 0.012037
0 0.518229 0.146528 0.015625 0.012500
0 0.518229 0.157176 0.015625 0.012500
0 0.517969 0.167361 0.015625 0.012500
0 0.498958 0.167824 0.015625 0.012500
0 0.483073 0.167824 0.015625 0.012500
0 0.483333 0.156250 0.015625 0.012500
0 0.498698 0.156713 0.015625 0.012500
0 0.499219 0.146528 0.015625 0.012500
0 0.483333 0.146065 0.015625 0.012500
0 0.465625 0.167593 0.016667 0.012963
0 0.466406 0.156481 0.016667 0.012963
0 0.465885 0.145833 0.016667 0.012963
0 0.450521 0.145833 0.016667 0.012963
0 0.450000 0.156481 0.016667 0.012963
0 0.450260 0.167593 0.016667 0.012963
0 0.433854 0.167593 0.016667 0.012963
0 0.434115 0.155556 0.016667 0.012963
0 0.434115 0.145370 0.016667 0.012963
0 0.419010 0.144444 0.016667 0.012963
0 0.418490 0.156019 0.016667 0.012963
0 0.417708 0.166667 0.016667 0.012963
0 0.402083 0.166204 0.016667 0.012963
0 0.402604 0.154630 0.016667 0.012963
0 0.403125 0.143519 0.016667 0.012963
0 0.387500 0.143981 0.016667 0.012963
0 0.387240 0.154630 0.016667 0.012963
0 0.386198 0.165278 0.016667 0.012963
0 0.370573 0.165278 0.016667 0.012963
0 0.371094 0.154167 0.016667 0.012963
0 0.371875 0.143519 0.016667 0.012963
0 0.355990 0.143519 0.016667 0.012963
0 0.355469 0.154167 0.016667 0.012963
0 0.354687 0.164815 0.016667 0.012963
0 0.338542 0.164352 0.016667 0.012963
0 0.323177 0.164352 0.016667 0.012963
0 0.324219 0.153241 0.016667 0.012963
0 0.325000 0.142593 0.016667 0.012963
0 0.340625 0.143519 0.016667 0.012963
0 0.348828 0.906250 0.019531 0.018981
0 0.638151 0.951157 0.019531 0.018981
0 0.301823 0.555093 0.019271 0.018519
0 0.302083 0.535185 0.019271 0.018519
