0 0.323958 0.190741 0.009375 0.023148
0 0.331771 0.189815 0.009375 0.023148
0 0.339714 0.188889 0.009635 0.025000
0 0.347786 0.187500 0.009635 0.025000
0 0.355339 0.185648 0.009635 0.025000
0 0.363151 0.185185 0.009635 0.025000
0 0.371224 0.183796 0.009635 0.025000
0 0.379036 0.182407 0.009635 0.025000
0 0.387109 0.181481 0.009635 0.025000
0 0.386589 0.204167 0.009635 0.025000
0 0.378255 0.205093 0.009635 0.025000
0 0.370182 0.206944 0.009635 0.025000
0 0.362109 0.208333 0.009635 0.025000
0 0.354297 0.209722 0.009635 0.025000
0 0.346224 0.210648 0.009635 0.025000
0 0.338151 0.211574 0.009635 0.025000
0 0.330599 0.212963 0.009635 0.025000
0 0.322526 0.214352 0.009635 0.025000
0 0.321224 0.240741 0.009635 0.025000
0 0.328776 0.239815 0.009635 0.025000
0 0.336589 0.238426 0.009635 0.025000
0 0.344661 0.237037 0.009635 0.025000
0 0.352734 0.236574 0.009635 0.025000
0 0.361068 0.235185 0.009635 0.025000
0 0.368620 0.234259 0.009635 0.025000
0 0.376953 0.232870 0.009635 0.025000
0 0.385286 0.231944 0.009635 0.025000
0 0.384505 0.256481 0.009635 0.025000
0 0.376172 0.256944 0.009635 0.025000
0 0.368099 0.257870 0.009635 0.025000
0 0.359766 0.258796 0.009635 0.025000
0 0.351172 0.260185 0.009635 0.025000
0 0.343359 0.260648 0.009635 0.025000
0 0.335026 0.262963 0.009635 0.025000
0 0.327474 0.263426 0.009635 0.025000
0 0.319141 0.264815 0.009635 0.025000
0 0.317578 0.291204 0.009635 0.025000
0 0.325391 0.290278 0.009635 0.025000
0 0.333724 0.289352 0.009635 0.025000
0 0.341797 0.288426 0.009635 0.025000
0 0.350130 0.287037 0.009635 0.025000
0 0.358203 0.286111 0.009635 0.025000
0 0.366276 0.285185 0.009635 0.025000
0 0.375130 0.283796 0.009635 0.025000
0 0.383333 0.282639 0.009375 0.026389
0 0.382031 0.308102 0.009375 0.026389
0 0.373437 0.309028 0.009375 0.026389
0 0.365625 0.310417 0.009375 0.026389
0 0.357031 0.311343 0.009375 0.026389
0 0.348958 0.312731 0.009375 0.026389
0 0.340365 0.313657 0.009375 0.026389
0 0.332292 0.314583 0.009375 0.026389
0 0.323698 0.315509 0.009375 0.026389
0 0.315625 0.316435 0.009375 0.026389
0 0.314063 0.345602 0.009375 0.026389
0 0.321875 0.344676 0.009375 0.026389
0 0.330208 0.343750 0.009375 0.026389
0 0.339062 0.342361 0.009375 0.026389
0 0.347135 0.340972 0.009375 0.026389
0 0.355729 0.340509 0.009375 0.026389
0 0.363802 0.339583 0.009375 0.026389
0 0.372396 0.338657 0.009375 0.026389
0 0.380729 0.337269 0.009375 0.026389
0 0.379688 0.363194 0.009375 0.026389
0 0.371094 0.364120 0.009375 0.026389
0 0.362760 0.365046 0.009375 0.026389
0 0.353906 0.366435 0.009375 0.026389
0 0.345833 0.366898 0.009375 0.026389
0 0.337240 0.368750 0.009375 0.026389
0 0.328646 0.369676 0.009375 0.026389
0 0.320573 0.370139 0.009375 0.026389
0 0.312240 0.371528 0.009375 0.026389
0 0.310156 0.401620 0.009375 0.026389
0 0.318490 0.401157 0.009375 0.026389
0 0.327344 0.399306 0.009375 0.026389
0 0.335677 0.398380 0.009375 0.026389
0 0.344141 0.397917 0.009635 0.027315
0 0.352995 0.396065 0.009635 0.027315
0 0.361589 0.395139 0.009635 0.027315
0 0.369922 0.394676 0.009635 0.027315
0 0.378255 0.393287 0.009635 0.027315
0 0.377474 0.419676 0.009635 0.027315
0 0.368620 0.421528 0.009635 0.027315
0 0.360026 0.421991 0.009635 0.027315
0 0.351432 0.422917 0.009635 0.027315
0 0.342839 0.424306 0.009635 0.027315
0 0.334245 0.425694 0.009635 0.027315
0 0.325391 0.427083 0.009635 0.027315
0 0.316797 0.427546 0.009635 0.027315
0 0.308203 0.428935 0.009635 0.027315
0 0.306641 0.456713 0.010677 0.029167
0 0.315234 0.455787 0.010677 0.029167
0 0.323828 0.454861 0.010677 0.029167
0 0.332422 0.454398 0.010677 0.029167
0 0.347266 0.445370 0.010156 0.028704
0 0.355859 0.444444 0.010156 0.028704
0 0.364453 0.443519 0.010156 0.028704
0 0.373568 0.442130 0.010156 0.028704
0 0.372526 0.470833 0.010156 0.028704
0 0.363411 0.471296 0.010156 0.028704
0 0.354297 0.472685 0.010156 0.028704
0 0.345182 0.474074 0.010677 0.029630
0 0.330599 0.481944 0.010677 0.029630
0 0.321745 0.483333 0.010677 0.029630
0 0.312891 0.484259 0.010677 0.029630
0 0.304297 0.484722 0.010677 0.029630
0 0.301953 0.513889 0.010677 0.029630
0 0.310807 0.512963 0.010677 0.029630
0 0.319922 0.511574 0.010677 0.029630
0 0.328776 0.511111 0.010677 0.029630
0 0.343880 0.502315 0.010677 0.029630
0 0.352734 0.501389 0.010677 0.029630
0 0.361849 0.500463 0.010677 0.029630
0 0.370964 0.499074 0.010677 0.029630
0 0.372005 0.544444 0.010677 0.029630
0 0.362891 0.544907 0.010677 0.029630
0 0.353776 0.546296 0.010677 0.029630
0 0.344661 0.547685 0.010677 0.029630
0 0.335547 0.548611 0.010677 0.029630
0 0.326432 0.549074 0.010677 0.029630
0 0.317057 0.550463 0.010677 0.029630
0 0.307943 0.551852 0.010677 0.029630
0 0.299089 0.551852 0.010677 0.029630
0 0.297005 0.586574 0.010677 0.029630
0 0.305859 0.585880 0.010677 0.031019
0 0.315234 0.584954 0.010677 0.031019
0 0.324089 0.583565 0.010677 0.031019
0 0.333464 0.583102 0.010677 0.031019
0 0.342839 0.581713 0.010677 0.031019
0 0.351693 0.581250 0.010677 0.031019
0 0.361068 0.580324 0.010677 0.031019
0 0.370182 0.579398 0.010677 0.031019
0 0.368880 0.610417 0.010677 0.032870
0 0.359766 0.611343 0.010677 0.032870
0 0.350391 0.612269 0.010677 0.032870
0 0.341016 0.613194 0.010677 0.032870
0 0.331641 0.614583 0.010677 0.032870
0 0.322005 0.615509 0.010677 0.032870
0 0.312891 0.616898 0.010677 0.032870
0 0.303776 0.616435 0.010677 0.032870
0 0.294401 0.618056 0.011198 0.032407
0 0.292318 0.653704 0.011198 0.032407
0 0.301432 0.652315 0.011198 0.032407
0 0.310547 0.651389 0.011198 0.032407
0 0.320443 0.651389 0.011198 0.032407
0 0.329297 0.650000 0.011198 0.032407
0 0.338932 0.650000 0.011198 0.032407
0 0.348047 0.648611 0.011198 0.032407
0 0.357422 0.647685 0.011198 0.032407
0 0.367057 0.646296 0.011198 0.032407
0 0.365495 0.679630 0.011198 0.032407
0 0.356380 0.680093 0.011198 0.032407
0 0.346484 0.681019 0.011198 0.032407
0 0.337109 0.681944 0.011198 0.032407
0 0.327474 0.681944 0.011198 0.032407
0 0.318099 0.683333 0.011198 0.032407
0 0.308464 0.684259 0.011198 0.032407
0 0.299349 0.685185 0.011198 0.032407
0 0.290234 0.685648 0.011198 0.032407
0 0.287109 0.725463 0.011198 0.032407
0 0.296484 0.725231 0.011198 0.033796
0 0.305990 0.724537 0.011458 0.034259
0 0.315365 0.723611 0.011458 0.034259
0 0.325000 0.723148 0.011458 0.034259
0 0.334635 0.721759 0.011458 0.034259
0 0.344010 0.721759 0.011458 0.034259
0 0.353906 0.720833 0.011458 0.034259
0 0.363542 0.719907 0.011458 0.034259
0 0.361849 0.753935 0.011719 0.036574
0 0.351953 0.754861 0.011719 0.036574
0 0.342057 0.755556 0.011719 0.035185
0 0.332943 0.756481 0.011719 0.035185
0 0.323307 0.756944 0.011719 0.035185
0 0.313151 0.757870 0.011719 0.035185
0 0.303776 0.758796 0.011719 0.035185
0 0.294141 0.758796 0.011719 0.035185
0 0.284766 0.759722 0.011719 0.035185
0 0.281901 0.797685 0.011719 0.035185
0 0.291016 0.797685 0.011719 0.035185
0 0.300911 0.796296 0.011719 0.035185
0 0.310286 0.796296 0.011719 0.035185
0 0.320182 0.795833 0.011719 0.035185
0 0.330078 0.794907 0.011719 0.035185
0 0.339714 0.793981 0.011719 0.035185
0 0.349609 0.793519 0.011719 0.035185
0 0.359245 0.792593 0.011719 0.035185
0 0.357682 0.828241 0.011719 0.035185
0 0.347786 0.828704 0.011719 0.035185
0 0.337891 0.829167 0.011719 0.035185
0 0.328125 0.829630 0.011458 0.036111
0 0.318229 0.831481 0.011458 0.036111
0 0.308724 0.831481 0.012760 0.037037
0 0.298828 0.831944 0.012760 0.037037
0 0.288932 0.832870 0.012760 0.037037
0 0.279687 0.833333 0.011458 0.036111
0 0.399089 0.178704 0.009115 0.024074
0 0.407161 0.177778 0.009115 0.024074
0 0.414714 0.175926 0.009115 0.024074
0 0.423047 0.175000 0.009115 0.024074
0 0.430859 0.173148 0.009115 0.024074
0 0.439193 0.172222 0.009115 0.024074
0 0.447526 0.170833 0.009115 0.024074
0 0.455339 0.169907 0.009115 0.024074
0 0.463932 0.168056 0.009115 0.024074
0 0.471484 0.166667 0.009115 0.024074
0 0.479818 0.165972 0.009115 0.024537
0 0.488151 0.164583 0.009115 0.024537
0 0.496224 0.163194 0.009115 0.024537
0 0.506380 0.161343 0.009115 0.024537
0 0.514714 0.159491 0.009115 0.024537
0 0.514974 0.184491 0.009115 0.025463
0 0.506380 0.184954 0.009115 0.025463
0 0.496484 0.186806 0.009115 0.025463
0 0.487891 0.188657 0.009115 0.025463
0 0.479818 0.190046 0.009115 0.025463
0 0.471484 0.190972 0.009115 0.025463
0 0.463151 0.191898 0.009115 0.025463
0 0.454818 0.192824 0.009115 0.025463
0 0.446745 0.194676 0.009115 0.025463
0 0.438411 0.196065 0.009115 0.025463
0 0.430599 0.197454 0.009115 0.025463
0 0.422526 0.198380 0.009115 0.025463
0 0.413932 0.200231 0.009115 0.025463
0 0.406120 0.201620 0.009115 0.025463
0 0.397786 0.202546 0.009115 0.025463
0 0.397526 0.229861 0.009115 0.025463
0 0.405339 0.228472 0.009115 0.025463
0 0.413672 0.227546 0.009115 0.025463
0 0.421484 0.226157 0.009115 0.025463
0 0.429557 0.224769 0.009115 0.025463
0 0.438411 0.223843 0.009115 0.025463
0 0.446224 0.222917 0.009115 0.025463
0 0.454297 0.221065 0.009115 0.025463
0 0.462891 0.220139 0.009115 0.025463
0 0.471484 0.218750 0.009115 0.025463
0 0.479557 0.217361 0.009115 0.025463
0 0.487630 0.215972 0.009115 0.025463
0 0.496484 0.214583 0.009115 0.025463
0 0.506380 0.212269 0.009115 0.025463
0 0.514974 0.210880 0.009115 0.025463
0 0.496224 0.240046 0.009115 0.028241
0 0.487630 0.240972 0.009115 0.028241
0 0.479297 0.241898 0.009115 0.028241
0 0.470703 0.243287 0.009115 0.028241
0 0.462760 0.243750 0.009375 0.027315
0 0.454427 0.246065 0.009375 0.027315
0 0.446094 0.246528 0.009375 0.027315
0 0.437760 0.246759 0.009896 0.026852
0 0.429427 0.249074 0.009896 0.026852
0 0.420833 0.250463 0.009896 0.026852
0 0.413021 0.250926 0.009896 0.026852
0 0.404427 0.253241 0.009896 0.026852
0 0.396094 0.253704 0.009896 0.026852
0 0.395313 0.280556 0.009896 0.026852
0 0.403646 0.281019 0.009896 0.026852
0 0.411979 0.279167 0.009896 0.026852
0 0.420052 0.277778 0.009896 0.026852
0 0.428646 0.276852 0.009896 0.026852
0 0.437240 0.275463 0.009896 0.026852
0 0.445312 0.274537 0.009896 0.026852
0 0.453906 0.273611 0.009896 0.026852
0 0.462240 0.272222 0.009896 0.026852
0 0.470573 0.271296 0.009896 0.026852
0 0.479427 0.269444 0.009896 0.026852
0 0.487760 0.268519 0.009896 0.026852
0 0.496615 0.267130 0.009896 0.026852
0 0.496094 0.293056 0.009896 0.026852
0 0.487500 0.294444 0.009896 0.026852
0 0.478906 0.295370 0.009896 0.026852
0 0.470313 0.296296 0.009896 0.026852
0 0.461979 0.297222 0.009896 0.026852
0 0.453385 0.298611 0.009896 0.026852
0 0.445052 0.299537 0.009896 0.026852
0 0.436458 0.300463 0.009896 0.026852
0 0.427865 0.301852 0.009896 0.026852
0 0.419531 0.302778 0.009896 0.026852
0 0.410938 0.304167 0.009896 0.026852
0 0.402344 0.305093 0.009896 0.026852
0 0.394010 0.306019 0.009896 0.026852
0 0.393229 0.335185 0.009896 0.026852
0 0.401562 0.335185 0.009896 0.026852
0 0.409896 0.334259 0.009896 0.026852
0 0.418750 0.332870 0.009896 0.026852
0 0.453385 0.328241 0.009896 0.026852
0 0.461719 0.326389 0.009896 0.026852
0 0.470313 0.325926 0.009896 0.026852
0 0.478906 0.325000 0.009896 0.026852
0 0.487500 0.323611 0.009896 0.026852
0 0.496094 0.321759 0.009896 0.026852
0 0.495573 0.348611 0.009896 0.026852
0 0.487240 0.349537 0.009896 0.026852
0 0.478906 0.350926 0.009896 0.026852
0 0.469792 0.351389 0.009896 0.026852
0 0.461198 0.352778 0.009896 0.026852
0 0.452344 0.354630 0.009896 0.026852
0 0.417708 0.358796 0.009896 0.026852
0 0.409115 0.360185 0.009896 0.026852
0 0.400781 0.361111 0.009896 0.026852
0 0.392188 0.361574 0.009896 0.026852
0 0.390885 0.391667 0.009896 0.026852
0 0.399740 0.390741 0.009896 0.026852
0 0.408203 0.389583 0.009635 0.028241
0 0.417318 0.389120 0.009635 0.028241
0 0.425911 0.388657 0.009635 0.028241
0 0.434505 0.387269 0.009635 0.028241
0 0.443099 0.385880 0.009635 0.028241
0 0.451693 0.385417 0.009635 0.028241
0 0.460547 0.384028 0.009635 0.028241
0 0.468880 0.383102 0.009635 0.028241
0 0.477734 0.381713 0.009635 0.028241
0 0.487109 0.380787 0.009635 0.028241
0 0.495703 0.379861 0.009635 0.028241
0 0.495443 0.407176 0.009635 0.028241
0 0.486849 0.408102 0.009635 0.028241
0 0.477474 0.408565 0.009635 0.028241
0 0.468880 0.409491 0.009635 0.028241
0 0.460026 0.411343 0.009635 0.028241
0 0.451172 0.412269 0.009635 0.028241
0 0.442318 0.413194 0.009635 0.028241
0 0.433464 0.414120 0.009635 0.028241
0 0.424870 0.414583 0.009635 0.028241
0 0.416016 0.416435 0.009635 0.028241
0 0.407422 0.417361 0.009635 0.028241
0 0.398307 0.417824 0.009635 0.028241
0 0.389714 0.419213 0.009635 0.028241
0 0.397526 0.451157 0.009635 0.028241
0 0.406641 0.450231 0.009635 0.028241
0 0.414974 0.449769 0.009635 0.028241
0 0.423828 0.448843 0.009635 0.028241
0 0.432682 0.447917 0.009635 0.028241
0 0.441797 0.446065 0.009635 0.028241
0 0.450130 0.445602 0.009635 0.028241
0 0.459505 0.444213 0.009635 0.028241
0 0.468359 0.443750 0.009635 0.028241
0 0.477214 0.442824 0.009635 0.028241
0 0.486328 0.441898 0.009635 0.028241
0 0.495182 0.440972 0.009635 0.028241
0 0.495443 0.468750 0.009635 0.028241
0 0.486068 0.469676 0.009635 0.028241
0 0.476953 0.470602 0.009635 0.028241
0 0.468099 0.471528 0.009635 0.028241
0 0.458984 0.472454 0.009635 0.028241
0 0.449740 0.474074 0.009896 0.029630
0 0.440885 0.475463 0.009896 0.029630
0 0.431771 0.475926 0.009896 0.029630
0 0.422396 0.476852 0.009896 0.029630
0 0.414062 0.476852 0.009896 0.029630
0 0.404948 0.478704 0.009896 0.029630
0 0.396354 0.478704 0.009896 0.029630
0 0.395052 0.512500 0.009896 0.029630
0 0.403646 0.512037 0.009896 0.029630
0 0.413021 0.511574 0.009896 0.029630
0 0.422135 0.510185 0.009896 0.029630
0 0.431250 0.508796 0.009896 0.029630
0 0.440104 0.508333 0.009896 0.029630
0 0.449219 0.507407 0.009896 0.029630
0 0.458594 0.506481 0.009896 0.029630
0 0.467448 0.505093 0.009896 0.029630
0 0.476823 0.504630 0.009896 0.029630
0 0.485938 0.503704 0.009896 0.029630
0 0.495312 0.502778 0.009896 0.029630
0 0.495052 0.532407 0.009896 0.029630
0 0.485807 0.533102 0.010156 0.031019
0 0.476172 0.534954 0.010156 0.031019
0 0.466797 0.535417 0.010156 0.031019
0 0.457943 0.536343 0.010156 0.031019
0 0.448568 0.537269 0.010156 0.031019
0 0.439193 0.538194 0.010156 0.031019
0 0.429818 0.538657 0.010156 0.031019
0 0.420703 0.539120 0.010156 0.031019
0 0.411589 0.540972 0.010156 0.031019
0 0.402474 0.541435 0.010156 0.031019
0 0.393099 0.542361 0.010156 0.031019
0 0.383724 0.543287 0.010156 0.031019
0 0.382682 0.578241 0.010677 0.031481
0 0.401172 0.575463 0.010677 0.031481
0 0.410547 0.575000 0.010677 0.031481
0 0.420182 0.573611 0.010677 0.031481
0 0.429036 0.573148 0.010677 0.031481
0 0.438411 0.572222 0.010677 0.031481
0 0.447786 0.571296 0.010677 0.031481
0 0.457422 0.569907 0.010677 0.031481
0 0.466536 0.569907 0.010677 0.031481
0 0.475911 0.568981 0.010677 0.031481
0 0.485286 0.567593 0.010677 0.031481
0 0.494922 0.566204 0.010677 0.031481
0 0.494922 0.597917 0.010677 0.032870
0 0.485286 0.598380 0.010677 0.032870
0 0.475651 0.599769 0.010677 0.032870
0 0.465755 0.601157 0.010677 0.032870
0 0.456380 0.601157 0.010677 0.032870
0 0.447005 0.602546 0.010677 0.032870
0 0.437630 0.603935 0.010677 0.032870
0 0.428255 0.603935 0.010677 0.032870
0 0.418620 0.605324 0.010677 0.032870
0 0.409245 0.605787 0.010677 0.032870
0 0.400130 0.606713 0.010677 0.032870
0 0.390755 0.608565 0.010677 0.032870
0 0.381120 0.609491 0.010677 0.032870
0 0.379557 0.645602 0.010677 0.032870
0 0.388932 0.644676 0.010677 0.032870
0 0.398568 0.643750 0.010677 0.032870
0 0.408203 0.642824 0.010677 0.032870
0 0.417578 0.642361 0.010677 0.032870
0 0.427214 0.640509 0.010677 0.032870
0 0.436328 0.640046 0.010677 0.032870
0 0.445964 0.639583 0.010677 0.032870
0 0.455599 0.638194 0.010677 0.032870
0 0.465495 0.637731 0.010677 0.032870
0 0.475130 0.636343 0.010677 0.032870
0 0.484766 0.635880 0.010677 0.032870
0 0.494661 0.634491 0.010677 0.032870
0 0.494661 0.667824 0.010677 0.033796
0 0.484766 0.668287 0.010677 0.033796
0 0.474609 0.669676 0.010677 0.033796
0 0.464974 0.669676 0.010677 0.033796
0 0.455599 0.671528 0.010677 0.033796
0 0.445703 0.671991 0.010677 0.033796
0 0.436068 0.673380 0.010677 0.033796
0 0.425911 0.673843 0.010677 0.033796
0 0.416536 0.675231 0.010677 0.033796
0 0.406901 0.675231 0.010677 0.033796
0 0.397526 0.675694 0.010677 0.033796
0 0.387370 0.677083 0.010677 0.033796
0 0.378255 0.678009 0.010677 0.033796
0 0.377214 0.718750 0.010677 0.033796
0 0.386719 0.717824 0.011458 0.034722
0 0.396615 0.717361 0.011458 0.034722
0 0.405990 0.716898 0.011458 0.034722
0 0.416146 0.715046 0.011458 0.034722
0 0.425781 0.714583 0.011458 0.034722
0 0.435677 0.713657 0.011458 0.034722
0 0.445573 0.713194 0.011458 0.034722
0 0.454948 0.712269 0.011458 0.034722
0 0.465104 0.711343 0.011458 0.034722
0 0.475521 0.710417 0.011458 0.034722
0 0.484896 0.710417 0.011458 0.034722
0 0.494792 0.709491 0.011458 0.034722
0 0.495312 0.743750 0.011458 0.034722
0 0.484766 0.744444 0.011198 0.036111
0 0.474349 0.745833 0.011198 0.036111
0 0.464974 0.746759 0.011198 0.036111
0 0.454818 0.747222 0.011198 0.036111
0 0.444661 0.747685 0.011198 0.036111
0 0.434766 0.748611 0.011198 0.036111
0 0.424609 0.749074 0.011198 0.036111
0 0.414714 0.750000 0.011198 0.036111
0 0.405078 0.750463 0.011198 0.036111
0 0.395703 0.751852 0.011198 0.036111
0 0.385286 0.752315 0.011198 0.036111
0 0.375391 0.753241 0.011198 0.036111
0 0.373828 0.791667 0.011198 0.036111
0 0.383203 0.791204 0.011198 0.036111
0 0.393099 0.789815 0.011198 0.036111
0 0.402995 0.788889 0.011198 0.036111
0 0.413151 0.787963 0.011198 0.036111
0 0.423047 0.787500 0.011198 0.036111
0 0.432943 0.786574 0.011198 0.036111
0 0.444141 0.785185 0.011198 0.036111
0 0.454036 0.783333 0.011198 0.036111
0 0.464193 0.783333 0.011198 0.036111
0 0.474089 0.782407 0.011198 0.036111
0 0.484245 0.781944 0.011198 0.036111
0 0.494922 0.781019 0.011198 0.036111
0 0.505078 0.781019 0.011198 0.036111
0 0.522005 0.817130 0.011198 0.036111
0 0.511458 0.817593 0.010937 0.038889
0 0.501823 0.818056 0.010937 0.038889
0 0.491927 0.818981 0.010937 0.038889
0 0.482031 0.818981 0.010937 0.038889
0 0.472135 0.819907 0.010937 0.038889
0 0.462500 0.819444 0.010937 0.038889
0 0.452344 0.819907 0.010937 0.038889
0 0.442708 0.821296 0.010937 0.038889
0 0.431771 0.822222 0.010937 0.038889
0 0.421615 0.823148 0.010937 0.038889
0 0.411719 0.823148 0.010937 0.038889
0 0.401562 0.824074 0.010937 0.038889
0 0.391667 0.824537 0.010937 0.038889
0 0.381771 0.825926 0.010937 0.038889
0 0.371615 0.827315 0.010937 0.038889
0 0.524479 0.861111 0.011458 0.040741
0 0.514323 0.861574 0.011458 0.040741
0 0.504167 0.861574 0.011458 0.040741
0 0.494271 0.862500 0.011458 0.040741
0 0.484115 0.862500 0.011458 0.040741
0 0.474219 0.863426 0.011458 0.040741
0 0.464323 0.863194 0.011979 0.039352
0 0.454427 0.864583 0.011979 0.039352
0 0.444271 0.864120 0.011979 0.039352
0 0.433854 0.864583 0.011979 0.039352
0 0.423698 0.864120 0.011979 0.039352
0 0.413281 0.865509 0.011979 0.039352
0 0.403125 0.865509 0.011979 0.039352
0 0.392708 0.866435 0.011979 0.039352
0 0.383073 0.866898 0.011979 0.039352
0 0.372917 0.867824 0.012500 0.038426
0 0.362500 0.868750 0.012500 0.038426
0 0.352344 0.869676 0.012500 0.038426
0 0.342448 0.869676 0.012500 0.038426
0 0.332552 0.870602 0.012500 0.038426
0 0.322656 0.871065 0.012500 0.038426
0 0.312500 0.871528 0.012500 0.038426
0 0.302734 0.872454 0.012760 0.037500
0 0.293099 0.872454 0.012760 0.037500
0 0.282943 0.873380 0.012760 0.037500
0 0.273568 0.873843 0.012760 0.037500
0 0.520703 0.284722 0.009115 0.027778
0 0.532161 0.284259 0.009115 0.026852
0 0.541016 0.284722 0.009115 0.026852
0 0.540755 0.314352 0.009115 0.026852
0 0.531901 0.312963 0.009115 0.026852
0 0.520443 0.313426 0.009115 0.026852
0 0.520443 0.339815 0.009115 0.026852
0 0.532943 0.340278 0.009115 0.026852
0 0.541016 0.342130 0.009115 0.026852
0 0.541536 0.369907 0.009115 0.026852
0 0.532943 0.368981 0.009115 0.026852
0 0.522005 0.369444 0.009115 0.026852
0 0.513411 0.370370 0.009115 0.026852
0 0.513411 0.399074 0.009115 0.026852
0 0.522266 0.398148 0.009115 0.026852
0 0.533203 0.398148 0.009115 0.026852
0 0.542057 0.399074 0.009115 0.026852
0 0.542188 0.431019 0.009896 0.028704
0 0.533333 0.430556 0.009896 0.028704
0 0.521875 0.429630 0.009896 0.028704
0 0.513151 0.430787 0.009115 0.027315
0 0.513672 0.457870 0.009115 0.028704
0 0.522266 0.457407 0.009115 0.028704
0 0.533984 0.457870 0.009115 0.028704
0 0.542578 0.458333 0.009115 0.028704
0 0.542839 0.490278 0.009115 0.028704
0 0.534245 0.489815 0.009115 0.029630
0 0.522526 0.489815 0.009115 0.029630
0 0.513932 0.491204 0.009115 0.029630
0 0.513932 0.522222 0.009115 0.029630
0 0.523047 0.521296 0.009115 0.029630
0 0.534505 0.520370 0.009115 0.029630
0 0.543620 0.522222 0.009115 0.029630
0 0.544271 0.556481 0.009896 0.031481
0 0.534896 0.555556 0.009896 0.031481
0 0.522786 0.553935 0.010156 0.031019
0 0.513932 0.554861 0.010156 0.031019
0 0.513932 0.588657 0.009635 0.031019
0 0.523307 0.587731 0.009635 0.031019
0 0.535286 0.587731 0.009635 0.031019
0 0.544401 0.589120 0.009635 0.031019
0 0.545312 0.624306 0.010417 0.032870
0 0.535677 0.623380 0.010417 0.032870
0 0.523438 0.622454 0.010417 0.032870
0 0.513802 0.623148 0.009896 0.030556
0 0.514323 0.656944 0.009896 0.034259
0 0.523698 0.656019 0.009896 0.034259
0 0.536458 0.656944 0.009896 0.034259
0 0.545573 0.657870 0.009896 0.034259
0 0.535547 0.148380 0.009115 0.024537
0 0.543620 0.150231 0.009115 0.024537
0 0.551953 0.151157 0.009115 0.024537
0 0.560286 0.152546 0.009115 0.024537
0 0.568099 0.153472 0.009115 0.024537
0 0.576432 0.155787 0.009115 0.024537
0 0.584505 0.157176 0.009115 0.024537
0 0.592839 0.158565 0.009115 0.024537
0 0.600911 0.159954 0.009115 0.024537
0 0.608984 0.160880 0.009115 0.024537
0 0.616797 0.162269 0.009115 0.024537
0 0.624609 0.164120 0.009115 0.024537
0 0.632422 0.166435 0.009115 0.024537
0 0.639453 0.167361 0.009115 0.024537
0 0.647266 0.168750 0.009115 0.024537
0 0.654818 0.169213 0.009115 0.024537
0 0.655859 0.192361 0.009115 0.024537
0 0.648047 0.190509 0.009115 0.024537
0 0.640755 0.188657 0.009115 0.024537
0 0.632943 0.188194 0.009115 0.024537
0 0.625651 0.186806 0.009115 0.024537
0 0.618099 0.185880 0.009115 0.024537
0 0.610286 0.184491 0.009115 0.024537
0 0.602474 0.183102 0.009115 0.024537
0 0.594922 0.182176 0.009115 0.024537
0 0.586849 0.180787 0.009115 0.024537
0 0.579557 0.179398 0.009115 0.024537
0 0.571484 0.178472 0.009115 0.024537
0 0.563672 0.176620 0.009115 0.024537
0 0.555859 0.175694 0.009115 0.024537
0 0.548047 0.173843 0.009115 0.024537
0 0.540234 0.173611 0.009635 0.026852
0 0.531771 0.171759 0.008854 0.025926
0 0.532161 0.199074 0.009635 0.026852
0 0.540234 0.200463 0.009635 0.026852
0 0.548568 0.200926 0.009635 0.026852
0 0.556380 0.203241 0.009635 0.026852
0 0.564193 0.203241 0.009635 0.026852
0 0.572396 0.205324 0.009375 0.025463
0 0.580469 0.206713 0.009375 0.025463
0 0.587500 0.207639 0.009375 0.025463
0 0.595573 0.208565 0.009375 0.025463
0 0.603906 0.209491 0.009375 0.025463
0 0.611458 0.210417 0.009375 0.025463
0 0.618750 0.212269 0.009375 0.025463
0 0.627083 0.214120 0.009375 0.025463
0 0.634635 0.214583 0.009375 0.025463
0 0.642318 0.215741 0.010156 0.024074
0 0.649609 0.216667 0.010156 0.024074
0 0.657943 0.218056 0.010156 0.024074
0 0.658984 0.241204 0.010156 0.024074
0 0.651172 0.238889 0.010156 0.024074
0 0.643359 0.238426 0.010156 0.024074
0 0.635807 0.236574 0.010156 0.024074
0 0.628255 0.236111 0.010156 0.024074
0 0.619661 0.235185 0.010156 0.024074
0 0.612109 0.233796 0.010156 0.024074
0 0.604297 0.232407 0.010156 0.024074
0 0.596224 0.232407 0.010156 0.024074
0 0.588411 0.229630 0.010156 0.024074
0 0.580339 0.229167 0.010156 0.024074
0 0.572526 0.228241 0.010156 0.024074
0 0.564714 0.226852 0.010156 0.024074
0 0.556901 0.226389 0.010156 0.024074
0 0.548568 0.224537 0.010156 0.024074
0 0.540885 0.225463 0.010417 0.028704
0 0.532813 0.224306 0.009375 0.028241
0 0.549479 0.253009 0.008333 0.026389
0 0.557813 0.253472 0.008333 0.026389
0 0.565365 0.255324 0.008333 0.026389
0 0.573698 0.255787 0.008333 0.026389
0 0.581510 0.257176 0.008333 0.026389
0 0.589844 0.257639 0.008333 0.026389
0 0.597656 0.260417 0.008333 0.026389
0 0.605729 0.259954 0.008333 0.026389
0 0.613542 0.262269 0.008333 0.026389
0 0.621354 0.263194 0.008333 0.026389
0 0.629167 0.263657 0.008333 0.026389
0 0.637240 0.265046 0.008333 0.026389
0 0.645182 0.265509 0.009115 0.026389
0 0.652995 0.266898 0.009115 0.026389
0 0.660807 0.268287 0.009115 0.026389
0 0.662370 0.291898 0.009115 0.026389
0 0.654557 0.290509 0.009115 0.026389
0 0.646745 0.290509 0.009115 0.026389
0 0.638411 0.288194 0.009115 0.026389
0 0.630339 0.288194 0.009115 0.026389
0 0.622526 0.286806 0.009115 0.026389
0 0.614974 0.285880 0.009115 0.026389
0 0.606641 0.284491 0.009115 0.026389
0 0.598568 0.283565 0.009115 0.026389
0 0.589974 0.282639 0.009115 0.026389
0 0.582161 0.281713 0.009115 0.026389
0 0.574089 0.280787 0.009115 0.026389
0 0.566276 0.279398 0.009115 0.026389
0 0.557943 0.278472 0.009115 0.026389
0 0.550130 0.277546 0.009115 0.026389
0 0.550391 0.305787 0.009115 0.026389
0 0.558984 0.307639 0.009115 0.026389
0 0.567318 0.308102 0.009115 0.026389
0 0.575391 0.309491 0.009115 0.026389
0 0.583724 0.309954 0.009115 0.026389
0 0.591536 0.310880 0.009115 0.026389
0 0.599870 0.312269 0.009115 0.026389
0 0.607943 0.313194 0.009115 0.026389
0 0.616016 0.314120 0.009115 0.026389
0 0.624349 0.315509 0.009115 0.026389
0 0.632161 0.315509 0.009115 0.026389
0 0.640234 0.317361 0.009115 0.026389
0 0.648047 0.318750 0.009115 0.026389
0 0.656120 0.319213 0.009115 0.026389
0 0.673698 0.345370 0.009896 0.026852
0 0.665885 0.345370 0.009896 0.026852
0 0.658073 0.343981 0.009896 0.026852
0 0.649740 0.343056 0.009896 0.026852
0 0.641406 0.341667 0.009896 0.026852
0 0.633073 0.341204 0.009896 0.026852
0 0.625521 0.339815 0.009896 0.025000
0 0.616667 0.338426 0.009896 0.025000
0 0.608594 0.337963 0.010417 0.025926
0 0.600521 0.337037 0.010417 0.025926
0 0.592448 0.336111 0.010417 0.025926
0 0.391797 0.577315 0.010677 0.031481
0 0.584115 0.334722 0.010417 0.025926
0 0.576042 0.334259 0.010417 0.025926
0 0.567448 0.333333 0.010417 0.025926
0 0.559375 0.332407 0.010417 0.025926
0 0.551042 0.331944 0.010417 0.025926
0 0.551823 0.357407 0.010417 0.025926
0 0.560417 0.357407 0.010417 0.025926
0 0.568490 0.357870 0.010417 0.025926
0 0.576823 0.358796 0.010417 0.025926
0 0.585417 0.360648 0.010417 0.025926
0 0.593490 0.361111 0.010417 0.025926
0 0.601823 0.362037 0.010417 0.025926
0 0.610677 0.362963 0.010417 0.025926
0 0.618229 0.363889 0.010417 0.025926
0 0.626302 0.364815 0.010417 0.025926
0 0.634635 0.365741 0.010417 0.025926
0 0.642969 0.366667 0.010417 0.025926
0 0.651302 0.368056 0.010417 0.025926
0 0.659375 0.368981 0.010417 0.025926
0 0.667448 0.369907 0.010417 0.025926
0 0.675521 0.369907 0.010417 0.025926
0 0.660937 0.393981 0.010417 0.025926
0 0.653125 0.393056 0.010417 0.025926
0 0.644792 0.392593 0.010417 0.025926
0 0.636458 0.391204 0.010417 0.025926
0 0.627865 0.390741 0.010417 0.025926
0 0.619271 0.390278 0.010417 0.025926
0 0.610938 0.388426 0.010417 0.025926
0 0.602344 0.387963 0.010417 0.025926
0 0.594010 0.386574 0.010417 0.025926
0 0.585938 0.386111 0.010417 0.025926
0 0.576823 0.385185 0.010417 0.025926
0 0.569010 0.384259 0.010417 0.025926
0 0.560677 0.383333 0.010417 0.025926
0 0.552083 0.382407 0.010417 0.025926
0 0.552865 0.412500 0.010417 0.027778
0 0.561719 0.412963 0.010417 0.027778
0 0.570052 0.414352 0.010417 0.027778
0 0.578646 0.414815 0.010417 0.027778
0 0.587240 0.416204 0.010417 0.027778
0 0.595833 0.416667 0.010417 0.027778
0 0.603906 0.418056 0.010417 0.027778
0 0.611979 0.418981 0.010417 0.027778
0 0.628906 0.420833 0.010417 0.027778
0 0.637500 0.421759 0.010417 0.027778
0 0.645833 0.422685 0.010417 0.027778
0 0.654167 0.423611 0.010417 0.027778
0 0.663021 0.425000 0.010417 0.027778
0 0.671354 0.425000 0.010417 0.027778
0 0.672396 0.452315 0.010417 0.027778
0 0.664323 0.450926 0.010417 0.027778
0 0.655208 0.450000 0.010417 0.027778
0 0.647135 0.449074 0.010417 0.027778
0 0.638281 0.448148 0.010417 0.027778
0 0.630469 0.447685 0.010417 0.027778
0 0.621615 0.446296 0.010417 0.027778
0 0.613281 0.444907 0.010417 0.027778
0 0.604688 0.444444 0.010417 0.027778
0 0.596354 0.443519 0.010417 0.027778
0 0.587760 0.443519 0.010417 0.027778
0 0.579427 0.441667 0.010417 0.027778
0 0.570833 0.440278 0.010417 0.027778
0 0.562240 0.439815 0.010417 0.027778
0 0.553385 0.438889 0.010417 0.027778
0 0.554167 0.470370 0.010417 0.027778
0 0.563021 0.470833 0.010417 0.027778
0 0.571615 0.471759 0.010417 0.027778
0 0.580208 0.472685 0.010417 0.027778
0 0.589063 0.474074 0.010417 0.027778
0 0.597917 0.475000 0.010417 0.027778
0 0.605729 0.475926 0.010417 0.027778
0 0.614844 0.476852 0.010417 0.027778
0 0.623698 0.477778 0.010417 0.027778
0 0.631771 0.478704 0.010417 0.027778
0 0.640365 0.479630 0.010417 0.027778
0 0.648958 0.480556 0.010417 0.027778
0 0.657813 0.481944 0.010417 0.027778
0 0.666146 0.482407 0.010417 0.027778
0 0.674219 0.482870 0.010417 0.027778
0 0.683333 0.484722 0.010417 0.027778
0 0.667708 0.509722 0.010417 0.027778
0 0.659635 0.508796 0.010417 0.027778
0 0.650521 0.508333 0.010417 0.027778
0 0.642188 0.506944 0.010417 0.027778
0 0.633073 0.506019 0.010417 0.027778
0 0.624479 0.505093 0.010417 0.027778
0 0.615625 0.503704 0.010417 0.027778
0 0.607031 0.503241 0.010417 0.027778
0 0.598177 0.501852 0.010417 0.027778
0 0.589844 0.501389 0.010417 0.027778
0 0.581510 0.500000 0.010417 0.027778
0 0.572396 0.499537 0.010417 0.027778
0 0.563542 0.499074 0.010417 0.027778
0 0.554948 0.497222 0.010417 0.027778
0 0.555859 0.536806 0.010677 0.030093
0 0.564714 0.538194 0.010677 0.030093
0 0.573828 0.538657 0.010677 0.030093
0 0.582422 0.540509 0.010677 0.030093
0 0.591276 0.540509 0.010677 0.030093
0 0.600130 0.541435 0.010677 0.030093
0 0.608724 0.542824 0.010677 0.030093
0 0.617839 0.543287 0.010677 0.030093
0 0.626172 0.544676 0.010677 0.030093
0 0.635547 0.545139 0.010677 0.030093
0 0.644401 0.546065 0.010677 0.030093
0 0.652474 0.546991 0.010677 0.030093
0 0.661589 0.547917 0.010677 0.030093
0 0.669922 0.548843 0.010677 0.030093
0 0.678776 0.549769 0.010677 0.030093
0 0.687370 0.551157 0.010677 0.030093
0 0.672526 0.579861 0.010677 0.030093
0 0.663151 0.578935 0.010677 0.030093
0 0.654818 0.578472 0.010677 0.030093
0 0.645964 0.577546 0.010677 0.030093
0 0.636589 0.577083 0.010677 0.030093
0 0.627995 0.575231 0.010677 0.030093
0 0.619401 0.574769 0.010677 0.030093
0 0.610547 0.573843 0.010677 0.030093
0 0.601172 0.572917 0.010677 0.030093
0 0.592057 0.571991 0.010677 0.030093
0 0.583464 0.571065 0.010677 0.030093
0 0.574089 0.570602 0.010677 0.030093
0 0.565755 0.569676 0.010677 0.030093
0 0.556641 0.569213 0.010677 0.030093
0 0.557682 0.608565 0.010677 0.030093
0 0.567057 0.609028 0.010677 0.030093
0 0.576172 0.610417 0.010677 0.030093
0 0.585286 0.610880 0.010677 0.030093
0 0.593880 0.611806 0.010677 0.030093
0 0.603255 0.612269 0.010677 0.030093
0 0.612370 0.613194 0.010677 0.030093
0 0.620964 0.614120 0.010677 0.030093
0 0.630078 0.614583 0.010677 0.030093
0 0.638672 0.615972 0.010677 0.030093
0 0.647526 0.616898 0.010677 0.030093
0 0.656901 0.617824 0.010677 0.030093
0 0.665755 0.617824 0.010677 0.030093
0 0.674870 0.619213 0.010677 0.030093
0 0.683464 0.620139 0.010677 0.030093
0 0.692057 0.620602 0.010677 0.030093
0 0.701693 0.621991 0.010677 0.030093
0 0.710026 0.622454 0.010677 0.030093
0 0.718620 0.623380 0.010677 0.030093
0 0.727474 0.624306 0.010677 0.030093
0 0.735807 0.624769 0.010677 0.030093
0 0.744661 0.624769 0.010677 0.030093
0 0.752995 0.625694 0.010677 0.030093
0 0.761849 0.626620 0.010677 0.030093
0 0.764974 0.656713 0.011198 0.031019
0 0.756510 0.655556 0.011458 0.031481
0 0.747656 0.654630 0.011458 0.031481
0 0.738281 0.655093 0.011458 0.031481
0 0.729948 0.654630 0.011458 0.031481
0 0.721094 0.653704 0.011458 0.031481
0 0.712760 0.652778 0.011458 0.031481
0 0.703906 0.652315 0.011458 0.031481
0 0.695052 0.651389 0.011458 0.031481
0 0.686198 0.650463 0.011458 0.031481
0 0.677083 0.650000 0.011458 0.031481
0 0.668229 0.648611 0.011458 0.031481
0 0.658854 0.648611 0.011458 0.031481
0 0.649740 0.647222 0.011458 0.031481
0 0.640625 0.646296 0.011458 0.031481
0 0.631510 0.645370 0.011458 0.031481
0 0.622135 0.644907 0.011458 0.031481
0 0.613542 0.643519 0.011458 0.031481
0 0.604167 0.643056 0.011458 0.031481
0 0.595313 0.642593 0.011458 0.031481
0 0.586458 0.642130 0.011458 0.031481
0 0.576823 0.640741 0.011458 0.031481
0 0.567708 0.639352 0.011458 0.031481
0 0.558854 0.638889 0.011458 0.031481
0 0.559505 0.670602 0.011719 0.032870
0 0.568880 0.671528 0.011719 0.032870
0 0.578516 0.672454 0.011719 0.032870
0 0.587370 0.672454 0.011719 0.032870
0 0.596484 0.674306 0.011719 0.032870
0 0.605859 0.674769 0.011719 0.032870
0 0.615495 0.675231 0.011719 0.032870
0 0.624609 0.676620 0.011719 0.032870
0 0.633984 0.678009 0.011719 0.032870
0 0.642839 0.678472 0.011719 0.032870
0 0.651953 0.678935 0.011719 0.032870
0 0.660807 0.679861 0.011719 0.032870
0 0.669661 0.680324 0.011719 0.032870
0 0.678255 0.680787 0.011719 0.032870
0 0.705339 0.684028 0.011719 0.032870
0 0.714193 0.684028 0.011719 0.032870
0 0.723307 0.684954 0.011719 0.032870
0 0.732422 0.685417 0.011719 0.032870
0 0.741536 0.685880 0.011719 0.032870
0 0.750130 0.686806 0.011719 0.032870
0 0.758724 0.687269 0.011719 0.032870
0 0.767839 0.686806 0.011719 0.032870
0 0.771224 0.725231 0.011719 0.032870
0 0.761849 0.724769 0.011719 0.032870
0 0.752995 0.723843 0.011719 0.032870
0 0.744401 0.723380 0.011719 0.032870
0 0.735286 0.722917 0.011719 0.032870
0 0.726432 0.722454 0.011719 0.032870
0 0.717839 0.721528 0.011719 0.032870
0 0.708724 0.721065 0.011719 0.032870
0 0.699870 0.720602 0.011719 0.032870
0 0.690495 0.719676 0.011719 0.032870
0 0.681641 0.719213 0.011719 0.032870
0 0.672786 0.718287 0.011719 0.032870
0 0.663672 0.717824 0.011719 0.032870
0 0.654557 0.716898 0.011719 0.032870
0 0.644661 0.715972 0.011719 0.032870
0 0.635807 0.715046 0.011719 0.032870
0 0.626172 0.714120 0.011719 0.032870
0 0.617839 0.713657 0.011719 0.032870
0 0.607943 0.712731 0.011719 0.032870
0 0.598568 0.711806 0.011719 0.032870
0 0.588932 0.710880 0.011719 0.032870
0 0.579818 0.709954 0.011719 0.032870
0 0.570182 0.709491 0.011719 0.032870
0 0.560807 0.708102 0.011719 0.032870
0 0.561589 0.742130 0.011719 0.036111
0 0.571745 0.743056 0.011719 0.036111
0 0.580599 0.743056 0.011719 0.036111
0 0.589714 0.744444 0.011719 0.036111
0 0.600391 0.744907 0.011719 0.036111
0 0.608464 0.745833 0.011719 0.036111
0 0.618359 0.746759 0.011719 0.036111
0 0.627734 0.747222 0.011719 0.036111
0 0.637370 0.748148 0.011719 0.036111
0 0.646484 0.749074 0.011719 0.036111
0 0.655599 0.749537 0.011719 0.036111
0 0.665234 0.749537 0.011719 0.036111
0 0.674089 0.750463 0.011719 0.036111
0 0.683203 0.750926 0.011719 0.036111
0 0.693099 0.751389 0.011719 0.036111
0 0.701953 0.752083 0.011719 0.033796
0 0.711068 0.753009 0.011719 0.033796
0 0.720182 0.752546 0.011719 0.033796
0 0.729036 0.753472 0.011719 0.033796
0 0.737891 0.753935 0.011719 0.033796
0 0.746745 0.753935 0.011719 0.033796
0 0.756380 0.755324 0.011719 0.033796
0 0.765234 0.756250 0.011719 0.033796
0 0.773828 0.755787 0.011719 0.033796
0 0.770703 0.793750 0.011719 0.033796
0 0.761589 0.794213 0.011719 0.033796
0 0.752474 0.793287 0.011719 0.033796
0 0.743099 0.791898 0.011719 0.033796
0 0.734245 0.791898 0.011719 0.033796
0 0.725391 0.790972 0.011719 0.033796
0 0.715755 0.790509 0.011719 0.033796
0 0.706380 0.790046 0.011719 0.033796
0 0.697526 0.789120 0.011719 0.033796
0 0.688151 0.789120 0.011719 0.033796
0 0.679557 0.788194 0.011719 0.033796
0 0.669661 0.787731 0.011719 0.033796
0 0.660286 0.786806 0.011719 0.033796
0 0.651172 0.786806 0.011719 0.033796
0 0.641276 0.786343 0.011719 0.033796
0 0.631901 0.785417 0.011719 0.033796
0 0.622786 0.784954 0.011719 0.033796
0 0.613411 0.784491 0.011719 0.033796
0 0.603516 0.783565 0.011719 0.033796
0 0.593880 0.783102 0.011719 0.033796
0 0.584245 0.782176 0.011719 0.033796
0 0.574870 0.782176 0.011719 0.033796
0 0.565234 0.780556 0.011719 0.035185
0 0.555339 0.780093 0.011719 0.035185
0 0.545443 0.779630 0.011719 0.035185
0 0.536328 0.778935 0.011198 0.034722
0 0.536589 0.814120 0.011198 0.034722
0 0.546745 0.814815 0.011719 0.036111
0 0.556120 0.815278 0.011719 0.036111
0 0.566016 0.816204 0.011719 0.036111
0 0.575911 0.816667 0.011719 0.036111
0 0.585547 0.818056 0.011719 0.036111
0 0.595703 0.817593 0.011719 0.036111
0 0.605078 0.818519 0.011719 0.036111
0 0.614714 0.817593 0.011719 0.036111
0 0.624089 0.818981 0.011719 0.036111
0 0.633724 0.819444 0.011719 0.036111
0 0.643359 0.819907 0.011719 0.036111
0 0.652474 0.820833 0.011719 0.036111
0 0.662109 0.820833 0.011719 0.036111
0 0.671745 0.821759 0.011719 0.036111
0 0.680859 0.822685 0.011719 0.036111
0 0.690234 0.823148 0.011719 0.036111
0 0.699870 0.822685 0.011719 0.036111
0 0.708984 0.824537 0.011719 0.036111
0 0.718620 0.824537 0.011719 0.036111
0 0.727474 0.825000 0.011719 0.036111
0 0.737109 0.825926 0.011719 0.036111
0 0.746224 0.825926 0.011719 0.036111
0 0.755339 0.826389 0.011719 0.036111
0 0.764974 0.827315 0.011719 0.036111
0 0.773828 0.827315 0.011719 0.036111
0 0.777214 0.865278 0.011719 0.036111
0 0.767839 0.865278 0.011719 0.036111
0 0.758464 0.864815 0.011719 0.036111
0 0.749089 0.864815 0.011719 0.036111
0 0.739974 0.864815 0.011719 0.036111
0 0.730859 0.864352 0.011719 0.036111
0 0.721484 0.863889 0.012240 0.035185
0 0.711849 0.863889 0.012240 0.035185
0 0.702474 0.863426 0.012240 0.035185
0 0.693099 0.862500 0.012240 0.035185
0 0.683984 0.862500 0.012240 0.035185
0 0.674089 0.862500 0.012240 0.035185
0 0.664453 0.861574 0.012240 0.035185
0 0.655078 0.861574 0.012240 0.035185
0 0.645443 0.861111 0.012240 0.035185
0 0.635807 0.860648 0.012240 0.035185
0 0.626172 0.860648 0.012240 0.035185
0 0.616797 0.860185 0.012240 0.035185
0 0.606641 0.859722 0.012240 0.035185
0 0.597005 0.859722 0.012240 0.035185
0 0.587370 0.858796 0.012240 0.035185
0 0.577214 0.859259 0.012240 0.035185
0 0.567578 0.858333 0.012240 0.035185
0 0.557161 0.857870 0.012240 0.035185
0 0.547526 0.857870 0.012240 0.035185
0 0.537370 0.857870 0.012240 0.035185
0 0.677865 0.173148 0.008854 0.022222
0 0.685156 0.174537 0.008854 0.022222
0 0.692187 0.175926 0.008854 0.022222
0 0.699740 0.176852 0.008854 0.022222
0 0.707292 0.178241 0.008854 0.022222
0 0.714583 0.179167 0.008854 0.022222
0 0.721615 0.180556 0.008854 0.022222
0 0.729427 0.181944 0.008854 0.022222
0 0.736458 0.183796 0.008854 0.022222
0 0.745573 0.182870 0.009375 0.024074
0 0.753385 0.184722 0.009375 0.024074
0 0.760677 0.186111 0.009375 0.024074
0 0.762760 0.208333 0.009375 0.024074
0 0.755208 0.207407 0.009375 0.024074
0 0.747917 0.206019 0.009375 0.024074
0 0.739062 0.205556 0.009375 0.024074
0 0.731771 0.204167 0.009375 0.024074
0 0.723958 0.203241 0.009375 0.024074
0 0.715885 0.201389 0.009375 0.024074
0 0.709115 0.200463 0.009375 0.024074
0 0.701562 0.199074 0.009375 0.024074
0 0.694531 0.198148 0.009375 0.024074
0 0.686979 0.196759 0.009375 0.024074
0 0.679167 0.195833 0.009375 0.024074
0 0.681510 0.221759 0.009375 0.024074
0 0.688802 0.223148 0.009375 0.024074
0 0.696354 0.223611 0.009375 0.024074
0 0.703906 0.225000 0.009375 0.024074
0 0.711458 0.225926 0.009375 0.024074
0 0.718750 0.226852 0.009375 0.024074
0 0.726042 0.228241 0.009375 0.024074
0 0.733594 0.230093 0.009375 0.024074
0 0.741146 0.231481 0.009375 0.024074
0 0.750521 0.232407 0.009375 0.024074
0 0.758073 0.234722 0.009375 0.024074
0 0.765625 0.235185 0.009375 0.024074
0 0.768229 0.259259 0.009375 0.024074
0 0.760156 0.257870 0.009375 0.024074
0 0.752865 0.256481 0.009375 0.024074
0 0.743229 0.253704 0.009375 0.024074
0 0.735938 0.252778 0.009375 0.024074
0 0.728125 0.251852 0.009375 0.024074
0 0.720573 0.250000 0.009375 0.024074
0 0.713281 0.249074 0.009375 0.024074
0 0.705469 0.248148 0.009375 0.024074
0 0.698177 0.246759 0.009375 0.024074
0 0.690365 0.246296 0.009375 0.024074
0 0.683073 0.244444 0.009375 0.024074
0 0.684896 0.272222 0.009375 0.024074
0 0.692708 0.273148 0.009375 0.024074
0 0.699740 0.274537 0.009375 0.024074
0 0.708073 0.275926 0.009375 0.024074
0 0.715625 0.276389 0.009375 0.024074
0 0.723177 0.277315 0.009375 0.024074
0 0.730729 0.278241 0.009375 0.024074
0 0.738281 0.279630 0.009375 0.024074
0 0.746094 0.281019 0.009375 0.024074
0 0.755469 0.280556 0.009375 0.024074
0 0.762760 0.281944 0.009375 0.024074
0 0.770573 0.282870 0.009375 0.024074
0 0.773307 0.307870 0.010156 0.025000
0 0.765755 0.306019 0.010156 0.025000
0 0.757943 0.305556 0.010156 0.025000
0 0.748047 0.305093 0.010156 0.025000
0 0.740755 0.304167 0.010156 0.025000
0 0.732943 0.302778 0.010156 0.025000
0 0.725130 0.301389 0.010156 0.025000
0 0.717578 0.300000 0.010156 0.025000
0 0.709505 0.299074 0.010156 0.025000
0 0.701953 0.298148 0.010156 0.025000
0 0.694141 0.296759 0.010156 0.025000
0 0.686849 0.295370 0.010156 0.025000
0 0.688672 0.323148 0.010156 0.025000
0 0.696224 0.324537 0.010156 0.025000
0 0.704036 0.325926 0.010156 0.025000
0 0.712109 0.326389 0.010156 0.025000
0 0.719661 0.327778 0.010156 0.025000
0 0.727734 0.328704 0.010156 0.025000
0 0.735547 0.330093 0.010156 0.025000
0 0.742839 0.331019 0.010156 0.025000
0 0.750911 0.332407 0.010156 0.025000
0 0.760417 0.330556 0.010417 0.025926
0 0.768229 0.331944 0.010417 0.025926
0 0.776042 0.332870 0.010417 0.025926
0 0.779036 0.358102 0.010677 0.027315
0 0.770703 0.357176 0.010677 0.027315
0 0.763151 0.356713 0.010677 0.027315
0 0.753255 0.356481 0.010156 0.026852
0 0.745703 0.355556 0.010156 0.026852
0 0.737760 0.354630 0.009896 0.025926
0 0.729948 0.353241 0.009896 0.025926
0 0.722135 0.352778 0.009896 0.025926
0 0.713802 0.351389 0.009896 0.025926
0 0.705990 0.350463 0.009896 0.025926
0 0.698177 0.349537 0.009896 0.025926
0 0.690365 0.347685 0.009896 0.025926
0 0.691927 0.372685 0.009896 0.025926
0 0.700000 0.374074 0.009896 0.025926
0 0.707812 0.375000 0.009896 0.025926
0 0.715885 0.375926 0.009896 0.025926
0 0.723958 0.377315 0.009896 0.025926
0 0.732292 0.377778 0.009896 0.025926
0 0.739583 0.379167 0.009896 0.025926
0 0.748177 0.380093 0.009896 0.025926
0 0.755469 0.381019 0.009896 0.025926
0 0.765365 0.381944 0.009896 0.025926
0 0.773307 0.383333 0.010677 0.025926
0 0.781510 0.384259 0.010937 0.026852
0 0.784375 0.410648 0.010937 0.026852
0 0.775781 0.409722 0.010937 0.027778
0 0.768229 0.408796 0.010937 0.027778
0 0.758073 0.406944 0.010937 0.027778
0 0.750521 0.406019 0.010937 0.027778
0 0.742448 0.404630 0.010937 0.027778
0 0.734115 0.404167 0.010937 0.027778
0 0.726562 0.403241 0.010937 0.027778
0 0.718490 0.402315 0.010937 0.027778
0 0.709896 0.400926 0.010937 0.027778
0 0.702344 0.399537 0.010937 0.027778
0 0.694271 0.399074 0.010937 0.027778
0 0.696354 0.428704 0.010937 0.027778
0 0.703646 0.429630 0.010937 0.027778
0 0.712500 0.430556 0.010937 0.027778
0 0.720313 0.431944 0.010937 0.027778
0 0.728385 0.432407 0.010937 0.027778
0 0.736979 0.433333 0.010937 0.027778
0 0.744792 0.434259 0.010937 0.027778
0 0.752344 0.435185 0.010937 0.027778
0 0.760938 0.437037 0.010937 0.027778
0 0.770573 0.436111 0.010937 0.027778
0 0.778906 0.436574 0.010937 0.027778
0 0.786979 0.437963 0.010937 0.027778
0 0.789974 0.465972 0.011198 0.029167
0 0.781641 0.464583 0.011198 0.029167
0 0.773568 0.462731 0.011198 0.029167
0 0.763151 0.462731 0.011198 0.029167
0 0.755078 0.462269 0.011198 0.029167
0 0.746745 0.460880 0.011198 0.029167
0 0.738672 0.459954 0.011198 0.029167
0 0.730599 0.458565 0.011198 0.029167
0 0.722526 0.458102 0.011198 0.029167
0 0.714453 0.456713 0.011198 0.029167
0 0.706380 0.456250 0.011198 0.029167
0 0.697786 0.454398 0.011198 0.029167
0 0.699870 0.486806 0.011198 0.029167
0 0.708464 0.487731 0.011198 0.029167
0 0.716536 0.488657 0.011198 0.029167
0 0.724609 0.489120 0.011198 0.029167
0 0.733464 0.490509 0.011198 0.029167
0 0.741536 0.491435 0.011198 0.029167
0 0.749349 0.491898 0.011198 0.029167
0 0.757943 0.494213 0.011198 0.029167
0 0.766276 0.494213 0.011198 0.029167
0 0.776302 0.494676 0.011458 0.030093
0 0.784635 0.496065 0.011458 0.030093
0 0.792969 0.496528 0.011458 0.030093
0 0.796224 0.525231 0.012240 0.031019
0 0.787891 0.524306 0.012240 0.031019
0 0.778516 0.523380 0.012240 0.031019
0 0.768490 0.522454 0.011979 0.029167
0 0.760417 0.520139 0.011979 0.029167
0 0.752344 0.519676 0.011979 0.029167
0 0.743750 0.518287 0.011979 0.029167
0 0.735156 0.517824 0.011979 0.029167
0 0.727344 0.517361 0.011979 0.029167
0 0.718750 0.515972 0.011979 0.029167
0 0.710417 0.515046 0.011979 0.029167
0 0.701823 0.514120 0.011979 0.029167
0 0.704688 0.552546 0.011979 0.029167
0 0.712760 0.553935 0.011979 0.029167
0 0.721354 0.554861 0.011979 0.029167
0 0.730729 0.556250 0.011979 0.029167
0 0.739062 0.556250 0.011979 0.029167
0 0.747656 0.556713 0.011979 0.029167
0 0.755208 0.558102 0.011979 0.029167
0 0.764062 0.559028 0.011979 0.029167
0 0.772135 0.560417 0.011979 0.029167
0 0.775260 0.590046 0.011979 0.029167
0 0.766927 0.589120 0.011979 0.029167
0 0.757812 0.588194 0.011979 0.029167
0 0.749740 0.588657 0.011979 0.029167
0 0.741406 0.586806 0.011979 0.029167
0 0.732552 0.584954 0.011979 0.029167
0 0.724479 0.585417 0.011979 0.029167
0 0.715625 0.583565 0.011979 0.029167
0 0.707031 0.583102 0.011979 0.029167
0 0.782943 0.559259 0.011719 0.030556
0 0.791276 0.560185 0.011719 0.030556
0 0.800130 0.561111 0.011719 0.030556
0 0.803255 0.590741 0.011719 0.030556
0 0.794401 0.589352 0.011719 0.030556
0 0.785807 0.589352 0.011719 0.030556
0 0.620833 0.419444 0.010417 0.027778
