0 0.231510 0.225000 0.008333 0.024074
0 0.238542 0.224074 0.008333 0.024074
0 0.245833 0.221759 0.008333 0.024074
0 0.252865 0.219907 0.008333 0.024074
0 0.259896 0.218056 0.008333 0.024074
0 0.266927 0.216667 0.008333 0.024074
0 0.274219 0.214352 0.008333 0.024074
0 0.281510 0.212500 0.008333 0.024074
0 0.288281 0.210648 0.008333 0.024074
0 0.295312 0.208796 0.008333 0.024074
0 0.302604 0.207407 0.008333 0.024074
0 0.309896 0.205556 0.008333 0.024074
0 0.316927 0.202315 0.008333 0.024074
0 0.323958 0.201389 0.008333 0.024074
0 0.331510 0.199537 0.008333 0.024074
0 0.338542 0.196759 0.008333 0.024074
0 0.345833 0.195370 0.008333 0.024074
0 0.352865 0.193981 0.008333 0.024074
0 0.360286 0.192593 0.009115 0.026852
0 0.367708 0.188426 0.008333 0.026852
0 0.375000 0.187500 0.008333 0.026852
0 0.382292 0.185648 0.008333 0.026852
0 0.389583 0.183796 0.008333 0.026852
0 0.397135 0.181481 0.008333 0.026852
0 0.404167 0.178704 0.008333 0.026852
0 0.411979 0.177315 0.008333 0.026852
0 0.411719 0.204630 0.008333 0.026852
0 0.404427 0.206944 0.008333 0.026852
0 0.396875 0.208796 0.008333 0.026852
0 0.389583 0.210648 0.008333 0.025926
0 0.382031 0.212500 0.008333 0.025926
0 0.375000 0.214352 0.008333 0.025926
0 0.367188 0.216204 0.008333 0.025926
0 0.360677 0.218056 0.008333 0.025926
0 0.352344 0.219444 0.008333 0.025926
0 0.345313 0.221759 0.008333 0.025926
0 0.338021 0.222685 0.008333 0.025926
0 0.330729 0.225000 0.008333 0.025926
0 0.323437 0.227315 0.008333 0.025926
0 0.316146 0.228704 0.008333 0.025926
0 0.309115 0.229630 0.008333 0.025926
0 0.301823 0.231944 0.008333 0.025926
0 0.294792 0.234722 0.008333 0.025926
0 0.287240 0.236111 0.008333 0.025926
0 0.280208 0.237500 0.008333 0.025926
0 0.273177 0.239352 0.008333 0.025926
0 0.265625 0.240741 0.008333 0.025926
0 0.258594 0.242593 0.008333 0.025926
0 0.251302 0.244907 0.008333 0.025926
0 0.244271 0.245833 0.008333 0.025926
0 0.237240 0.247222 0.008333 0.025926
0 0.229948 0.249074 0.008333 0.025926
0 0.228906 0.271296 0.008333 0.025926
0 0.236198 0.269444 0.008333 0.025926
0 0.243229 0.268981 0.008333 0.025926
0 0.250260 0.267130 0.008333 0.025926
0 0.257812 0.265278 0.008333 0.025926
0 0.265104 0.263426 0.008333 0.025926
0 0.272135 0.261574 0.008333 0.025926
0 0.279167 0.260185 0.008333 0.025926
0 0.286458 0.258333 0.008333 0.025926
0 0.294010 0.256944 0.008333 0.025926
0 0.301042 0.255093 0.008333 0.025926
0 0.308594 0.253241 0.008333 0.025926
0 0.315885 0.251389 0.008333 0.025926
0 0.322917 0.250000 0.008333 0.025926
0 0.330469 0.247685 0.008333 0.025926
0 0.337760 0.246296 0.008333 0.025926
0 0.345313 0.244907 0.008333 0.025926
0 0.352865 0.243519 0.008333 0.025926
0 0.359635 0.241667 0.008333 0.025926
0 0.367188 0.239352 0.008333 0.025926
0 0.374479 0.237037 0.008333 0.025926
0 0.382292 0.236111 0.008333 0.025926
0 0.389583 0.234259 0.008333 0.025926
0 0.397396 0.231944 0.008333 0.025926
0 0.404427 0.230093 0.008333 0.025926
0 0.411979 0.228704 0.008333 0.025926
0 0.391667 0.259259 0.008333 0.025926
0 0.383854 0.261111 0.008333 0.025926
0 0.376823 0.262963 0.008333 0.025926
0 0.369010 0.264815 0.008333 0.025926
0 0.361458 0.266204 0.008333 0.025926
0 0.354167 0.268519 0.008333 0.025926
0 0.346354 0.270370 0.008333 0.025926
0 0.339062 0.271296 0.008333 0.025926
0 0.331771 0.273611 0.008333 0.025926
0 0.324219 0.275000 0.008333 0.025926
0 0.316927 0.276852 0.008333 0.025926
0 0.309375 0.278241 0.008333 0.025926
0 0.302083 0.280093 0.008333 0.025926
0 0.295052 0.281944 0.008333 0.025926
0 0.287500 0.283333 0.008333 0.025926
0 0.279948 0.285648 0.008333 0.025926
0 0.272917 0.287500 0.008333 0.025926
0 0.265625 0.288889 0.008333 0.025926
0 0.258333 0.290741 0.008333 0.025926
0 0.251042 0.293056 0.008333 0.025926
0 0.243750 0.294444 0.008333 0.025926
0 0.236719 0.296296 0.008333 0.025926
0 0.229427 0.298148 0.008333 0.025926
0 0.221875 0.299074 0.008333 0.025926
0 0.221094 0.322222 0.008333 0.025926
0 0.228385 0.320370 0.008333 0.025926
0 0.235417 0.319444 0.008333 0.025926
0 0.242969 0.318056 0.008333 0.025926
0 0.250260 0.315741 0.008333 0.025926
0 0.257552 0.314352 0.008333 0.025926
0 0.264583 0.311574 0.008333 0.025926
0 0.272135 0.310185 0.008333 0.025926
0 0.279427 0.309259 0.008333 0.025926
0 0.286979 0.306944 0.008333 0.025926
0 0.294271 0.306019 0.008333 0.025926
0 0.301823 0.303704 0.008333 0.025926
0 0.308854 0.301389 0.008333 0.025926
0 0.316406 0.300000 0.008333 0.025926
0 0.323958 0.298148 0.008333 0.025926
0 0.331510 0.297222 0.008333 0.025926
0 0.338802 0.294907 0.008333 0.025926
0 0.346094 0.293519 0.008333 0.025926
0 0.353646 0.291667 0.008333 0.025926
0 0.361198 0.289815 0.008333 0.025926
0 0.369271 0.288426 0.008333 0.025926
0 0.376563 0.286574 0.008333 0.025926
0 0.384635 0.284722 0.008333 0.025926
0 0.391927 0.282870 0.008333 0.025926
0 0.392188 0.310648 0.008333 0.025926
0 0.384635 0.312963 0.008333 0.025926
0 0.376563 0.314815 0.008333 0.025926
0 0.369010 0.316204 0.008333 0.025926
0 0.361198 0.318056 0.008333 0.025926
0 0.353646 0.319444 0.008333 0.025926
0 0.346094 0.321296 0.008333 0.025926
0 0.338802 0.323611 0.008333 0.025926
0 0.330990 0.324074 0.008333 0.025926
0 0.323177 0.326852 0.008333 0.025926
0 0.316146 0.327778 0.008333 0.025926
0 0.308594 0.329630 0.008333 0.025926
0 0.300781 0.331019 0.008333 0.025926
0 0.293229 0.333333 0.008333 0.025926
0 0.271094 0.337963 0.008333 0.025926
0 0.263542 0.340741 0.008333 0.025926
0 0.256510 0.341204 0.008333 0.025926
0 0.248958 0.343056 0.008333 0.025926
0 0.241667 0.344444 0.008333 0.025926
0 0.234115 0.346759 0.008333 0.025926
0 0.226823 0.348611 0.008333 0.025926
0 0.219661 0.350000 0.008594 0.025926
0 0.218099 0.374074 0.008594 0.025926
0 0.225911 0.372222 0.008594 0.025926
0 0.233464 0.371296 0.008594 0.025926
0 0.240755 0.369907 0.008594 0.025926
0 0.247786 0.367593 0.008594 0.025926
0 0.255078 0.366667 0.008594 0.025926
0 0.262891 0.364352 0.008594 0.025926
0 0.269922 0.362500 0.008594 0.025926
0 0.277734 0.360648 0.008594 0.025926
0 0.285026 0.358796 0.008594 0.025926
0 0.292578 0.357407 0.008594 0.025926
0 0.300130 0.355093 0.008594 0.025926
0 0.307682 0.353704 0.008594 0.025926
0 0.315755 0.351852 0.008594 0.025926
0 0.322786 0.350463 0.008594 0.025926
0 0.330599 0.348611 0.008594 0.025926
0 0.337891 0.346759 0.008594 0.025926
0 0.345964 0.345370 0.008594 0.025926
0 0.353516 0.343981 0.008594 0.025926
0 0.361589 0.341667 0.008594 0.025926
0 0.369141 0.340278 0.008594 0.025926
0 0.376432 0.338889 0.008594 0.025926
0 0.384245 0.337037 0.008594 0.025926
0 0.392057 0.335185 0.008594 0.025926
0 0.392578 0.360648 0.008594 0.025926
0 0.384505 0.361574 0.008594 0.025926
0 0.376953 0.362500 0.008594 0.025926
0 0.369401 0.364815 0.008594 0.025926
0 0.361589 0.366204 0.008594 0.025926
0 0.353516 0.367130 0.008594 0.025926
0 0.345703 0.369444 0.008594 0.025926
0 0.337891 0.371759 0.008594 0.025926
0 0.330339 0.372222 0.008594 0.025926
0 0.322786 0.374074 0.008594 0.025926
0 0.314714 0.376852 0.008594 0.025926
0 0.306901 0.378241 0.008594 0.025926
0 0.299089 0.379630 0.008594 0.025926
0 0.292318 0.381481 0.008594 0.025926
0 0.284505 0.382870 0.008594 0.025926
0 0.276953 0.383796 0.008594 0.025926
0 0.269141 0.385648 0.008594 0.025926
0 0.261849 0.387500 0.008594 0.025926
0 0.254557 0.390278 0.008594 0.025926
0 0.247005 0.391667 0.008594 0.025926
0 0.239453 0.393056 0.008594 0.025926
0 0.231901 0.394444 0.008594 0.025926
0 0.224870 0.396296 0.008594 0.025926
0 0.217057 0.397222 0.008594 0.025926
0 0.175130 0.440046 0.009635 0.026389
0 0.183333 0.438657 0.009896 0.028241
0 0.190885 0.436806 0.009896 0.028241
0 0.200651 0.433102 0.009115 0.027315
0 0.208203 0.431250 0.009115 0.027315
0 0.214974 0.429861 0.009115 0.027315
0 0.222786 0.428472 0.009115 0.027315
0 0.230599 0.427546 0.009115 0.027315
0 0.237891 0.426157 0.009115 0.027315
0 0.245182 0.424769 0.009115 0.027315
0 0.252474 0.422917 0.009115 0.027315
0 0.260547 0.420602 0.009115 0.027315
0 0.259505 0.446991 0.009115 0.027315
0 0.251693 0.448843 0.009115 0.027315
0 0.244141 0.450231 0.009115 0.027315
0 0.236328 0.453009 0.009115 0.027315
0 0.228776 0.453935 0.009115 0.027315
0 0.221224 0.455324 0.009115 0.027315
0 0.213932 0.457639 0.009115 0.027315
0 0.205859 0.458565 0.009115 0.027315
0 0.198568 0.459491 0.009115 0.027315
0 0.188672 0.463194 0.009115 0.027315
0 0.181120 0.465046 0.009115 0.027315
0 0.172786 0.466898 0.009115 0.027315
0 0.171484 0.499769 0.009115 0.027315
0 0.179427 0.498380 0.009375 0.028241
0 0.186979 0.496528 0.009375 0.028241
0 0.196354 0.495602 0.009375 0.028241
0 0.204167 0.494213 0.009375 0.028241
0 0.211979 0.492361 0.009375 0.028241
0 0.219271 0.491435 0.009375 0.028241
0 0.227344 0.489120 0.009375 0.028241
0 0.235156 0.488657 0.009375 0.028241
0 0.242188 0.486806 0.009375 0.028241
0 0.250000 0.484954 0.009375 0.028241
0 0.257812 0.483102 0.009375 0.028241
0 0.257031 0.508565 0.009375 0.028241
0 0.248958 0.510880 0.009375 0.028241
0 0.240885 0.511806 0.009375 0.028241
0 0.233594 0.514120 0.009375 0.028241
0 0.225781 0.515509 0.009375 0.028241
0 0.218229 0.516435 0.009375 0.028241
0 0.209896 0.518750 0.009375 0.028241
0 0.202083 0.520139 0.009375 0.028241
0 0.194531 0.521528 0.009375 0.028241
0 0.185156 0.523843 0.009375 0.028241
0 0.177344 0.525694 0.009375 0.028241
0 0.169010 0.527546 0.009375 0.028241
0 0.166927 0.558102 0.009375 0.028241
0 0.175521 0.556250 0.009375 0.029167
0 0.183594 0.554398 0.009375 0.029167
0 0.192969 0.552546 0.009375 0.029167
0 0.201042 0.551157 0.009375 0.029167
0 0.208333 0.549769 0.009375 0.029167
0 0.216667 0.548843 0.009375 0.029167
0 0.224479 0.545602 0.009375 0.029167
0 0.231771 0.544676 0.009375 0.029167
0 0.239844 0.543287 0.009375 0.029167
0 0.247656 0.541435 0.009375 0.029167
0 0.255208 0.540046 0.009375 0.029167
0 0.254427 0.566898 0.009375 0.029167
0 0.246354 0.569213 0.009375 0.029167
0 0.238542 0.570602 0.009375 0.029167
0 0.230729 0.571991 0.009375 0.029167
0 0.222656 0.572917 0.009375 0.029167
0 0.214844 0.574769 0.009375 0.029167
0 0.207031 0.575694 0.009375 0.029167
0 0.198958 0.577546 0.009375 0.029167
0 0.191406 0.578472 0.009375 0.029167
0 0.180208 0.584028 0.009375 0.029167
0 0.173307 0.584954 0.010156 0.030093
0 0.162891 0.615046 0.010156 0.030093
0 0.164844 0.585880 0.009375 0.029167
0 0.171224 0.614120 0.010156 0.030093
0 0.179557 0.612731 0.010156 0.030093
0 0.189453 0.611343 0.010156 0.030093
0 0.197005 0.610417 0.010156 0.030093
0 0.205339 0.607639 0.010156 0.030093
0 0.212891 0.606713 0.010156 0.030093
0 0.220964 0.604398 0.010156 0.030093
0 0.228776 0.603472 0.010156 0.030093
0 0.236849 0.601157 0.010156 0.030093
0 0.244661 0.600694 0.010156 0.030093
0 0.252474 0.599306 0.010156 0.030093
0 0.251693 0.628009 0.010156 0.030093
0 0.243620 0.629398 0.010156 0.030093
0 0.235286 0.630787 0.010156 0.030093
0 0.227734 0.631250 0.010156 0.030093
0 0.219401 0.633565 0.010156 0.030093
0 0.211589 0.634491 0.010156 0.030093
0 0.203255 0.636343 0.010156 0.030093
0 0.195703 0.638194 0.010156 0.030093
0 0.187370 0.639120 0.010156 0.030093
0 0.177995 0.641898 0.010156 0.030093
0 0.169401 0.643056 0.010677 0.030556
0 0.161068 0.644907 0.010677 0.030556
0 0.158984 0.675000 0.010677 0.030556
0 0.167578 0.673148 0.010677 0.030556
0 0.175651 0.671759 0.010677 0.030556
0 0.186328 0.667593 0.010677 0.030556
0 0.193880 0.665741 0.010677 0.030556
0 0.201953 0.664352 0.010677 0.030556
0 0.210547 0.662963 0.010677 0.030556
0 0.218359 0.661111 0.010677 0.030556
0 0.226693 0.660185 0.010677 0.030556
0 0.234505 0.658333 0.010677 0.030556
0 0.242318 0.656944 0.010677 0.030556
0 0.250391 0.656019 0.010677 0.030556
0 0.249349 0.684722 0.010677 0.030556
0 0.241016 0.687037 0.010677 0.030556
0 0.232943 0.687500 0.010677 0.030556
0 0.224349 0.689815 0.010677 0.030556
0 0.216276 0.690741 0.010677 0.030556
0 0.207943 0.691667 0.010677 0.030556
0 0.200391 0.693519 0.010677 0.030556
0 0.192318 0.694444 0.010677 0.030556
0 0.183984 0.695370 0.010677 0.030556
0 0.173568 0.701852 0.010677 0.030556
0 0.165234 0.703241 0.010677 0.030556
0 0.156641 0.704630 0.010677 0.030556
0 0.154688 0.735648 0.010937 0.032407
0 0.163542 0.734722 0.010937 0.032407
0 0.171615 0.733333 0.010937 0.032407
0 0.182552 0.730093 0.010937 0.032407
0 0.190625 0.729167 0.010937 0.032407
0 0.198437 0.727315 0.010937 0.032407
0 0.206250 0.726389 0.010937 0.032407
0 0.214583 0.725000 0.010937 0.032407
0 0.222917 0.723611 0.010937 0.032407
0 0.230990 0.722685 0.010937 0.032407
0 0.239323 0.721296 0.010937 0.032407
0 0.248177 0.719907 0.010937 0.032407
0 0.246615 0.749537 0.010937 0.032407
0 0.238281 0.751389 0.010937 0.032407
0 0.229167 0.752778 0.010937 0.032407
0 0.221354 0.753704 0.010937 0.032407
0 0.213021 0.754630 0.010937 0.032407
0 0.204427 0.756019 0.010937 0.032407
0 0.196354 0.757870 0.010937 0.032407
0 0.188281 0.758333 0.010937 0.032407
0 0.179948 0.760185 0.010937 0.032407
0 0.169271 0.764815 0.010937 0.032407
0 0.160677 0.766204 0.010937 0.032407
0 0.152083 0.767593 0.010937 0.032407
0 0.150000 0.799537 0.010937 0.032407
0 0.158854 0.798148 0.010937 0.032407
0 0.167708 0.797222 0.010937 0.032407
0 0.177865 0.796759 0.010937 0.032407
0 0.185938 0.795370 0.010937 0.032407
0 0.194531 0.793981 0.010937 0.032407
0 0.203125 0.792593 0.010937 0.032407
0 0.211198 0.791204 0.010937 0.032407
0 0.219531 0.790741 0.010937 0.032407
0 0.228125 0.788889 0.010937 0.032407
0 0.235937 0.787037 0.010937 0.032407
0 0.245052 0.786111 0.010937 0.032407
0 0.243490 0.818056 0.010937 0.032407
0 0.235156 0.818519 0.010937 0.032407
0 0.226823 0.820370 0.010937 0.032407
0 0.218229 0.820833 0.010937 0.032407
0 0.209375 0.822685 0.010937 0.032407
0 0.201302 0.824074 0.010937 0.032407
0 0.192448 0.824537 0.010937 0.032407
0 0.184115 0.826389 0.010937 0.032407
0 0.176042 0.827778 0.010937 0.032407
0 0.165104 0.829167 0.010937 0.032407
0 0.156510 0.830556 0.010937 0.032407
0 0.147917 0.831944 0.010937 0.032407
0 0.145052 0.870833 0.011458 0.034259
0 0.154167 0.869444 0.011458 0.034259
0 0.163021 0.868056 0.011458 0.034259
0 0.173698 0.864815 0.011458 0.034259
0 0.182031 0.864352 0.011458 0.034259
0 0.190365 0.863426 0.011458 0.034259
0 0.198958 0.862500 0.011458 0.034259
0 0.207292 0.860648 0.011458 0.034259
0 0.215885 0.860185 0.011458 0.034259
0 0.224740 0.858333 0.011458 0.034259
0 0.233073 0.857407 0.011458 0.034259
0 0.241927 0.855093 0.011458 0.034259
0 0.240625 0.887500 0.011458 0.034259
0 0.231510 0.888889 0.011458 0.034259
0 0.223177 0.890741 0.011458 0.034259
0 0.214583 0.891667 0.011458 0.034259
0 0.205729 0.893056 0.011458 0.034259
0 0.197135 0.893981 0.011458 0.034259
0 0.188281 0.895833 0.011458 0.034259
0 0.179688 0.897222 0.011458 0.034259
0 0.171875 0.897685 0.011458 0.034259
0 0.160677 0.901852 0.011458 0.034259
0 0.151562 0.903241 0.011458 0.034259
0 0.142448 0.904167 0.011458 0.034259
0 0.267318 0.883333 0.010156 0.034259
0 0.275911 0.882407 0.010156 0.034259
0 0.284766 0.881019 0.010156 0.034259
0 0.293359 0.880093 0.010156 0.034259
0 0.302214 0.878241 0.010156 0.034259
0 0.311589 0.877778 0.010156 0.034259
0 0.320443 0.876389 0.010156 0.034259
0 0.329818 0.875463 0.010156 0.034259
0 0.339193 0.873611 0.010156 0.034259
0 0.348568 0.872222 0.010156 0.034259
0 0.358333 0.871296 0.009896 0.035185
0 0.367708 0.869444 0.009896 0.035185
0 0.377344 0.868056 0.009896 0.035185
0 0.386719 0.867130 0.009896 0.035185
0 0.396354 0.866204 0.009896 0.035185
0 0.405990 0.864815 0.009896 0.035185
0 0.410417 0.829167 0.009896 0.035185
0 0.401562 0.830556 0.009896 0.035185
0 0.391667 0.832870 0.009896 0.035185
0 0.383073 0.833796 0.009896 0.035185
0 0.373698 0.834722 0.009896 0.035185
0 0.364583 0.837037 0.009896 0.035185
0 0.355729 0.837500 0.009896 0.035185
0 0.347135 0.839352 0.009896 0.035185
0 0.338281 0.840741 0.009896 0.035185
0 0.329427 0.842130 0.009896 0.035185
0 0.320312 0.842593 0.009896 0.035185
0 0.311719 0.844444 0.009896 0.035185
0 0.302865 0.845833 0.009896 0.035185
0 0.294271 0.847222 0.009896 0.035185
0 0.285417 0.848611 0.009896 0.035185
0 0.277083 0.850000 0.009896 0.035185
0 0.268490 0.850926 0.009896 0.035185
0 0.269922 0.812963 0.010156 0.034259
0 0.278516 0.812037 0.010156 0.034259
0 0.286849 0.810648 0.010156 0.034259
0 0.295443 0.809722 0.010156 0.034259
0 0.304297 0.808333 0.010156 0.034259
0 0.313151 0.806944 0.010156 0.034259
0 0.321484 0.805093 0.010156 0.034259
0 0.330078 0.803704 0.010156 0.034259
0 0.339193 0.802315 0.010156 0.034259
0 0.347786 0.800463 0.010156 0.034259
0 0.356641 0.799537 0.010156 0.034259
0 0.365495 0.798148 0.010156 0.034259
0 0.374089 0.796759 0.010156 0.034259
0 0.383464 0.794907 0.010156 0.034259
0 0.391797 0.793981 0.010156 0.034259
0 0.401172 0.791204 0.010156 0.034259
0 0.410026 0.790278 0.010156 0.034259
0 0.410547 0.756019 0.010156 0.034259
0 0.400911 0.757870 0.010156 0.034259
0 0.391797 0.762500 0.010156 0.034259
0 0.383203 0.763889 0.010156 0.034259
0 0.374349 0.765278 0.010156 0.034259
0 0.365755 0.765741 0.010156 0.034259
0 0.357161 0.767593 0.010156 0.034259
0 0.348047 0.770370 0.010156 0.034259
0 0.339193 0.772222 0.010156 0.034259
0 0.330339 0.773611 0.010156 0.034259
0 0.322266 0.773611 0.010156 0.034259
0 0.313672 0.774537 0.010156 0.034259
0 0.304818 0.776389 0.010156 0.034259
0 0.296484 0.777778 0.010156 0.034259
0 0.287891 0.778704 0.010156 0.034259
0 0.279557 0.780556 0.010156 0.034259
0 0.270964 0.781944 0.010156 0.034259
0 0.272266 0.745370 0.010156 0.034259
0 0.280599 0.744444 0.010156 0.034259
0 0.288672 0.742593 0.010156 0.034259
0 0.297266 0.741667 0.010156 0.034259
0 0.305859 0.739815 0.010156 0.034259
0 0.314453 0.737963 0.010156 0.034259
0 0.323047 0.737037 0.010156 0.034259
0 0.331641 0.734722 0.010156 0.034259
0 0.340234 0.733796 0.010156 0.034259
0 0.348828 0.731944 0.010156 0.034259
0 0.357422 0.731019 0.010156 0.034259
0 0.366276 0.729630 0.010156 0.034259
0 0.374609 0.728241 0.010156 0.034259
0 0.383464 0.727315 0.010156 0.034259
0 0.391797 0.725000 0.010156 0.034259
0 0.392057 0.694907 0.010156 0.034259
0 0.383464 0.697222 0.010156 0.034259
0 0.374609 0.697222 0.010156 0.034259
0 0.366276 0.699537 0.010156 0.034259
0 0.357422 0.700463 0.010156 0.034259
0 0.348828 0.702315 0.010156 0.034259
0 0.340495 0.704167 0.010156 0.034259
0 0.332161 0.706019 0.010156 0.034259
0 0.323828 0.706944 0.010156 0.034259
0 0.314714 0.708333 0.010156 0.034259
0 0.306901 0.709259 0.010156 0.034259
0 0.298047 0.710185 0.010156 0.034259
0 0.289714 0.712037 0.010156 0.034259
0 0.281120 0.713889 0.010156 0.034259
0 0.273307 0.714815 0.010156 0.034259
0 0.282682 0.678704 0.010156 0.034259
0 0.290755 0.677315 0.010156 0.034259
0 0.299089 0.675463 0.010156 0.034259
0 0.307682 0.675463 0.010156 0.034259
0 0.316016 0.674537 0.010156 0.034259
0 0.324609 0.671759 0.010156 0.034259
0 0.332682 0.670370 0.010156 0.034259
0 0.341276 0.668519 0.010156 0.034259
0 0.350130 0.667593 0.010156 0.034259
0 0.358464 0.665278 0.010156 0.034259
0 0.366797 0.663426 0.010156 0.034259
0 0.375391 0.662500 0.010156 0.034259
0 0.383984 0.661574 0.010156 0.034259
0 0.392318 0.658796 0.010156 0.034259
0 0.392578 0.630093 0.010156 0.034259
0 0.383984 0.630556 0.010156 0.034259
0 0.375130 0.632870 0.010156 0.034259
0 0.366797 0.635185 0.010156 0.034259
0 0.358464 0.636574 0.010156 0.034259
0 0.350130 0.637963 0.010156 0.034259
0 0.341276 0.639815 0.010156 0.034259
0 0.333203 0.641204 0.010156 0.034259
0 0.324870 0.643056 0.010156 0.034259
0 0.316797 0.643519 0.010156 0.034259
0 0.308464 0.645370 0.010156 0.034259
0 0.299609 0.646759 0.010156 0.034259
0 0.291536 0.648611 0.010156 0.034259
0 0.283203 0.649537 0.010156 0.034259
0 0.274870 0.651389 0.010156 0.034259
0 0.267318 0.653241 0.010156 0.034259
0 0.268359 0.624074 0.010156 0.034259
0 0.275911 0.623611 0.010156 0.034259
0 0.284505 0.620833 0.010156 0.034259
0 0.293229 0.619213 0.009896 0.031019
0 0.300521 0.618287 0.009896 0.031019
0 0.309115 0.616435 0.009896 0.031019
0 0.317448 0.615046 0.009896 0.031019
0 0.325521 0.613194 0.009896 0.031019
0 0.334115 0.611806 0.009896 0.031019
0 0.342187 0.610417 0.009896 0.031019
0 0.350521 0.608565 0.009896 0.031019
0 0.359115 0.607639 0.009896 0.031019
0 0.366927 0.605787 0.009896 0.031019
0 0.375521 0.603472 0.009896 0.031019
0 0.384115 0.602546 0.009896 0.031019
0 0.392448 0.600231 0.009896 0.031019
0 0.392448 0.572917 0.009896 0.031019
0 0.383854 0.574769 0.009896 0.031019
0 0.375521 0.575694 0.009896 0.031019
0 0.367448 0.577083 0.009896 0.031019
0 0.359115 0.578472 0.009896 0.031019
0 0.350781 0.580787 0.009896 0.031019
0 0.342708 0.582176 0.009896 0.031019
0 0.334375 0.583102 0.009896 0.031019
0 0.325781 0.584954 0.009896 0.031019
0 0.317969 0.586806 0.009896 0.031019
0 0.309635 0.589120 0.009896 0.031019
0 0.301563 0.590509 0.009896 0.031019
0 0.293490 0.591898 0.009896 0.031019
0 0.285156 0.593287 0.009896 0.031019
0 0.278385 0.563194 0.009896 0.031019
0 0.286458 0.561806 0.009896 0.031019
0 0.294531 0.560417 0.009896 0.031019
0 0.302604 0.559028 0.009896 0.031019
0 0.310677 0.555787 0.009896 0.031019
0 0.318490 0.554861 0.009896 0.031019
0 0.326562 0.553009 0.009896 0.031019
0 0.334896 0.551157 0.009896 0.031019
0 0.342969 0.549769 0.009896 0.031019
0 0.351302 0.547454 0.009896 0.031019
0 0.359635 0.546528 0.009896 0.031019
0 0.368229 0.545139 0.009896 0.031019
0 0.376302 0.542824 0.009896 0.031019
0 0.384115 0.541435 0.009896 0.031019
0 0.392708 0.540509 0.009896 0.031019
0 0.392708 0.513194 0.009896 0.031019
0 0.384635 0.515046 0.009896 0.031019
0 0.376302 0.517361 0.009896 0.031019
0 0.367969 0.517824 0.009896 0.031019
0 0.359635 0.520139 0.009896 0.031019
0 0.351562 0.521065 0.009896 0.031019
0 0.344010 0.521991 0.009896 0.031019
0 0.335156 0.523843 0.009896 0.031019
0 0.327083 0.525694 0.009896 0.031019
0 0.319010 0.527546 0.009896 0.031019
0 0.310937 0.529398 0.009896 0.031019
0 0.302865 0.530787 0.009896 0.031019
0 0.295052 0.531713 0.009896 0.031019
0 0.287240 0.534028 0.009896 0.031019
0 0.278906 0.535880 0.009896 0.031019
0 0.272917 0.505324 0.009375 0.029167
0 0.280208 0.503935 0.009375 0.029167
0 0.288281 0.503009 0.009375 0.029167
0 0.296354 0.501620 0.009375 0.029167
0 0.303906 0.499769 0.009375 0.029167
0 0.312240 0.498380 0.009375 0.029167
0 0.327865 0.495139 0.009375 0.029167
0 0.319792 0.496065 0.009375 0.029167
0 0.336198 0.493750 0.009375 0.029167
0 0.344010 0.492361 0.009375 0.029167
0 0.352083 0.490972 0.009375 0.029167
0 0.360156 0.489120 0.009375 0.029167
0 0.368229 0.487269 0.009375 0.029167
0 0.376302 0.485880 0.009375 0.029167
0 0.384375 0.484491 0.009375 0.029167
0 0.392708 0.482639 0.009375 0.029167
0 0.392448 0.457176 0.009375 0.029167
0 0.384375 0.458565 0.009375 0.029167
0 0.376302 0.460417 0.009375 0.029167
0 0.368229 0.461343 0.009375 0.029167
0 0.360417 0.462731 0.009375 0.029167
0 0.352083 0.464120 0.009375 0.029167
0 0.344531 0.465509 0.009375 0.029167
0 0.336458 0.468750 0.009375 0.029167
0 0.328385 0.469213 0.009375 0.029167
0 0.320573 0.471065 0.009375 0.029167
0 0.312760 0.471528 0.009375 0.029167
0 0.304948 0.473380 0.009375 0.029167
0 0.297135 0.475231 0.009375 0.029167
0 0.289062 0.477083 0.009375 0.029167
0 0.274479 0.443750 0.009375 0.029167
0 0.282552 0.442824 0.009375 0.029167
0 0.290365 0.440972 0.009375 0.029167
0 0.297656 0.439583 0.009375 0.029167
0 0.305990 0.437269 0.009375 0.029167
0 0.314063 0.436806 0.009375 0.029167
0 0.321354 0.435880 0.009375 0.029167
0 0.329427 0.433102 0.009375 0.029167
0 0.337500 0.431713 0.009375 0.029167
0 0.345052 0.429861 0.009375 0.029167
0 0.352865 0.428935 0.009375 0.029167
0 0.360677 0.427546 0.009375 0.029167
0 0.369010 0.425231 0.009375 0.029167
0 0.377083 0.423843 0.009375 0.029167
0 0.384375 0.422454 0.009375 0.029167
0 0.392708 0.421065 0.009375 0.029167
0 0.392708 0.391898 0.009375 0.029167
0 0.383854 0.394213 0.009375 0.029167
0 0.376563 0.396065 0.009375 0.029167
0 0.368750 0.398380 0.009375 0.029167
0 0.360938 0.399306 0.009375 0.029167
0 0.353125 0.400694 0.009375 0.029167
0 0.345573 0.403009 0.009375 0.029167
0 0.338021 0.403472 0.009375 0.029167
0 0.330208 0.405787 0.009375 0.029167
0 0.322135 0.407639 0.009375 0.029167
0 0.314583 0.410417 0.009375 0.029167
0 0.306510 0.412269 0.009375 0.029167
0 0.298438 0.412731 0.009375 0.029167
0 0.290885 0.413657 0.009375 0.029167
0 0.402865 0.304167 0.008333 0.025926
0 0.410938 0.303241 0.008333 0.025926
0 0.421094 0.301852 0.008333 0.025926
0 0.429427 0.302315 0.008333 0.025926
0 0.428906 0.328241 0.008333 0.025926
0 0.421094 0.328241 0.008333 0.025926
0 0.410417 0.329167 0.008333 0.025926
0 0.402865 0.330556 0.008333 0.025926
0 0.403255 0.358796 0.008594 0.027778
0 0.410807 0.357407 0.008594 0.027778
0 0.421484 0.356944 0.008594 0.027778
0 0.429557 0.357407 0.008594 0.027778
0 0.429818 0.384722 0.008594 0.027778
0 0.421745 0.384722 0.008594 0.027778
0 0.411068 0.385185 0.008594 0.027778
0 0.403255 0.386574 0.008594 0.027778
0 0.402995 0.417130 0.008594 0.027778
0 0.411068 0.415278 0.008594 0.027778
0 0.421745 0.414815 0.008594 0.027778
0 0.429557 0.413889 0.008594 0.027778
0 0.429818 0.441204 0.008594 0.027778
0 0.421745 0.442593 0.008594 0.027778
0 0.411589 0.442593 0.008594 0.027778
0 0.402995 0.443981 0.008594 0.027778
0 0.402995 0.475463 0.008594 0.027778
0 0.411328 0.473611 0.008594 0.027778
0 0.422005 0.472685 0.008594 0.027778
0 0.430339 0.472685 0.008594 0.027778
0 0.430599 0.499537 0.008594 0.027778
0 0.421484 0.499537 0.008594 0.027778
0 0.411589 0.500926 0.008594 0.027778
0 0.402995 0.501389 0.008594 0.027778
0 0.402995 0.534259 0.008594 0.027778
0 0.411068 0.532407 0.008594 0.027778
0 0.422005 0.531944 0.008594 0.027778
0 0.430339 0.531481 0.008594 0.027778
0 0.430859 0.562500 0.008594 0.027778
0 0.422005 0.562037 0.008594 0.027778
0 0.411849 0.563426 0.008594 0.027778
0 0.402995 0.565278 0.009115 0.029630
0 0.402734 0.597222 0.009115 0.029630
0 0.411068 0.595833 0.009115 0.029630
0 0.423307 0.594907 0.009115 0.029630
0 0.423568 0.625926 0.009115 0.029630
0 0.411589 0.627315 0.009115 0.029630
0 0.402734 0.629167 0.009115 0.029630
0 0.402865 0.662500 0.009896 0.031481
0 0.411198 0.661111 0.009896 0.031481
0 0.423698 0.660648 0.009896 0.031481
0 0.421354 0.174074 0.008333 0.026852
0 0.428906 0.174537 0.008333 0.026852
0 0.436719 0.175000 0.008333 0.026852
0 0.444271 0.175463 0.008333 0.026852
0 0.451562 0.176852 0.008333 0.026852
0 0.458854 0.177315 0.008333 0.026852
0 0.466146 0.178704 0.008333 0.026852
0 0.474219 0.179630 0.008333 0.026852
0 0.481771 0.180093 0.008333 0.026852
0 0.489844 0.181481 0.008333 0.026852
0 0.497396 0.181944 0.008333 0.026852
0 0.504948 0.181944 0.008333 0.026852
0 0.512500 0.182870 0.008333 0.026852
0 0.520312 0.183796 0.008333 0.026852
0 0.528125 0.183333 0.008333 0.026852
0 0.535677 0.183796 0.008333 0.026852
0 0.544010 0.184259 0.008333 0.026852
0 0.551302 0.185648 0.008333 0.026852
0 0.558854 0.185648 0.008333 0.026852
0 0.566406 0.186574 0.008333 0.026852
0 0.574219 0.186574 0.008333 0.026852
0 0.581510 0.187500 0.008333 0.026852
0 0.589063 0.187500 0.008333 0.026852
0 0.596615 0.187037 0.008333 0.026852
0 0.604427 0.187963 0.008333 0.026852
0 0.611719 0.189352 0.008333 0.026852
0 0.610938 0.214815 0.008854 0.024074
0 0.603125 0.214815 0.008854 0.024074
0 0.595833 0.214352 0.008854 0.024074
0 0.588542 0.213889 0.008854 0.024074
0 0.580208 0.213426 0.008854 0.024074
0 0.572656 0.213426 0.008854 0.024074
0 0.565625 0.212963 0.008854 0.024074
0 0.557552 0.212037 0.008854 0.024074
0 0.549740 0.211574 0.008854 0.024074
0 0.539583 0.211111 0.008854 0.024074
0 0.531510 0.210648 0.008854 0.024074
0 0.523438 0.210185 0.008854 0.024074
0 0.516146 0.208796 0.008854 0.024074
0 0.508073 0.208333 0.008854 0.024074
0 0.500521 0.207870 0.008854 0.024074
0 0.492708 0.207870 0.008854 0.024074
0 0.484635 0.206944 0.008854 0.024074
0 0.476823 0.206481 0.008854 0.024074
0 0.469010 0.205556 0.008854 0.024074
0 0.461458 0.205093 0.008854 0.024074
0 0.453906 0.204630 0.008854 0.024074
0 0.446354 0.203704 0.008854 0.024074
0 0.439063 0.202778 0.008854 0.024074
0 0.431250 0.202315 0.008854 0.024074
0 0.423438 0.201852 0.008854 0.024074
0 0.436198 0.227315 0.008854 0.024074
0 0.444792 0.228241 0.008854 0.024074
0 0.452865 0.228704 0.008854 0.024074
0 0.460938 0.230093 0.008854 0.024074
0 0.468750 0.230093 0.008854 0.024074
0 0.477083 0.231019 0.008854 0.024074
0 0.484896 0.231019 0.008854 0.024074
0 0.493490 0.231481 0.008854 0.024074
0 0.501302 0.231944 0.008854 0.024074
0 0.509375 0.232407 0.008854 0.024074
0 0.516667 0.232870 0.008854 0.024074
0 0.524479 0.232870 0.008854 0.024074
0 0.532552 0.233796 0.008854 0.024074
0 0.540625 0.234722 0.008854 0.024074
0 0.551302 0.234259 0.008854 0.024074
0 0.558594 0.235185 0.008854 0.024074
0 0.566406 0.235648 0.008854 0.024074
0 0.573958 0.235185 0.008854 0.024074
0 0.581510 0.236111 0.008854 0.024074
0 0.589323 0.236574 0.008854 0.024074
0 0.597396 0.237500 0.008854 0.024074
0 0.604688 0.237963 0.008854 0.024074
0 0.611979 0.237963 0.008854 0.024074
0 0.613802 0.264352 0.008854 0.024074
0 0.606250 0.264352 0.008854 0.024074
0 0.598437 0.264352 0.008854 0.024074
0 0.590625 0.264352 0.008854 0.024074
0 0.583073 0.263426 0.008854 0.024074
0 0.575260 0.262963 0.008854 0.024074
0 0.566927 0.262500 0.008854 0.024074
0 0.559375 0.262037 0.008854 0.024074
0 0.551302 0.261574 0.008854 0.024074
0 0.541146 0.261574 0.008854 0.024074
0 0.532813 0.260648 0.008854 0.024074
0 0.525000 0.260185 0.008854 0.024074
0 0.517188 0.259722 0.008854 0.024074
0 0.509115 0.259259 0.008854 0.024074
0 0.501302 0.258333 0.008854 0.024074
0 0.493490 0.257870 0.008854 0.024074
0 0.485417 0.257407 0.008854 0.024074
0 0.476823 0.256481 0.008854 0.024074
0 0.469010 0.256019 0.008854 0.024074
0 0.460938 0.255556 0.008854 0.024074
0 0.453125 0.255093 0.008854 0.024074
0 0.444792 0.254630 0.008854 0.024074
0 0.445312 0.278704 0.008854 0.024074
0 0.453385 0.280093 0.008854 0.024074
0 0.461719 0.280556 0.008854 0.024074
0 0.469531 0.280093 0.008854 0.024074
0 0.477604 0.281481 0.008854 0.024074
0 0.485677 0.281481 0.008854 0.024074
0 0.493490 0.282407 0.008854 0.024074
0 0.502083 0.282407 0.008854 0.024074
0 0.509896 0.283333 0.008854 0.024074
0 0.517708 0.284259 0.008854 0.024074
0 0.525781 0.284259 0.008854 0.024074
0 0.533594 0.284722 0.008854 0.024074
0 0.541927 0.284722 0.008854 0.024074
0 0.552344 0.285648 0.008854 0.024074
0 0.560677 0.286574 0.008854 0.024074
0 0.568490 0.286574 0.008854 0.024074
0 0.576042 0.287037 0.008854 0.024074
0 0.592187 0.287963 0.008854 0.024074
0 0.583594 0.286574 0.008854 0.024074
0 0.599740 0.287963 0.008854 0.024074
0 0.607812 0.288426 0.008854 0.024074
0 0.615625 0.288889 0.008854 0.024074
0 0.616927 0.318056 0.008854 0.024074
0 0.609375 0.318056 0.008854 0.024074
0 0.601302 0.317593 0.008854 0.024074
0 0.593490 0.317593 0.008854 0.024074
0 0.585677 0.317130 0.008854 0.024074
0 0.577865 0.317130 0.008854 0.024074
0 0.570052 0.316204 0.008854 0.024074
0 0.561979 0.315741 0.008854 0.024074
0 0.553906 0.315741 0.008854 0.024074
0 0.543750 0.315278 0.008854 0.024074
0 0.535677 0.314352 0.008854 0.024074
0 0.527604 0.313889 0.008854 0.024074
0 0.519792 0.313426 0.008854 0.025000
0 0.511458 0.312963 0.008854 0.025000
0 0.503646 0.313426 0.008854 0.025000
0 0.495573 0.312963 0.008854 0.025000
0 0.487240 0.312037 0.008854 0.025000
0 0.479167 0.311574 0.008854 0.025000
0 0.471094 0.311574 0.008854 0.025000
0 0.462500 0.310648 0.008854 0.025000
0 0.454167 0.310185 0.008854 0.025000
0 0.446354 0.309259 0.008854 0.025000
0 0.454948 0.336111 0.009375 0.026852
0 0.446094 0.334259 0.008854 0.025000
0 0.463281 0.336111 0.009375 0.026852
0 0.471615 0.336111 0.009375 0.026852
0 0.479427 0.337037 0.009375 0.026852
0 0.488021 0.337037 0.009375 0.026852
0 0.496094 0.337500 0.009375 0.026852
0 0.503906 0.338426 0.009375 0.026852
0 0.512500 0.338889 0.009375 0.026852
0 0.520573 0.338889 0.009375 0.026852
0 0.528385 0.339352 0.009375 0.026852
0 0.536458 0.339352 0.009375 0.026852
0 0.544792 0.340278 0.009375 0.026852
0 0.554688 0.340741 0.009375 0.026852
0 0.562760 0.341204 0.009375 0.026852
0 0.570833 0.341667 0.009375 0.026852
0 0.578906 0.341204 0.009375 0.026852
0 0.586979 0.341667 0.009375 0.026852
0 0.595052 0.342593 0.009375 0.026852
0 0.602865 0.343056 0.009375 0.026852
0 0.611198 0.342593 0.009375 0.026852
0 0.618750 0.343056 0.009375 0.026852
0 0.620833 0.372222 0.009375 0.026852
0 0.612760 0.371759 0.009375 0.026852
0 0.604688 0.371759 0.009375 0.026852
0 0.596615 0.371296 0.009375 0.026852
0 0.588802 0.370370 0.009375 0.026852
0 0.580208 0.370833 0.009375 0.026852
0 0.572396 0.370370 0.009375 0.026852
0 0.564583 0.369907 0.009375 0.026852
0 0.556771 0.370370 0.009375 0.026852
0 0.546094 0.369444 0.009375 0.026852
0 0.537760 0.369444 0.009375 0.026852
0 0.529687 0.368981 0.009375 0.026852
0 0.521615 0.368519 0.009375 0.026852
0 0.513281 0.368056 0.009375 0.026852
0 0.505208 0.367593 0.009375 0.026852
0 0.496875 0.367593 0.009375 0.026852
0 0.488802 0.367130 0.009375 0.026852
0 0.480729 0.366204 0.009375 0.026852
0 0.472135 0.366204 0.009375 0.026852
0 0.463802 0.365278 0.009375 0.026852
0 0.455469 0.365278 0.009375 0.026852
0 0.447135 0.364815 0.009375 0.026852
0 0.447396 0.390741 0.009375 0.026852
0 0.455729 0.391204 0.009375 0.026852
0 0.464062 0.391204 0.009375 0.026852
0 0.472135 0.392130 0.009375 0.026852
0 0.480990 0.392593 0.009375 0.026852
0 0.489583 0.392593 0.009375 0.026852
0 0.497917 0.392593 0.009375 0.026852
0 0.505990 0.393981 0.009375 0.026852
0 0.514062 0.393056 0.009375 0.026852
0 0.522135 0.394444 0.009375 0.026852
0 0.530469 0.394907 0.009375 0.026852
0 0.538802 0.394907 0.009375 0.026852
0 0.547135 0.394907 0.009375 0.026852
0 0.557292 0.394907 0.009375 0.026852
0 0.566146 0.395833 0.009375 0.026852
0 0.573698 0.395370 0.009375 0.026852
0 0.582031 0.396296 0.009375 0.026852
0 0.590104 0.397222 0.009375 0.026852
0 0.598698 0.396759 0.009375 0.026852
0 0.605990 0.396296 0.009375 0.026852
0 0.614583 0.397222 0.009375 0.026852
0 0.622656 0.397222 0.009375 0.026852
0 0.624479 0.426389 0.009375 0.026852
0 0.616146 0.426389 0.009375 0.026852
0 0.608854 0.427315 0.009375 0.026852
0 0.600260 0.425926 0.009375 0.026852
0 0.591927 0.426852 0.009375 0.026852
0 0.583594 0.425926 0.009375 0.026852
0 0.575521 0.425926 0.009375 0.026852
0 0.567187 0.425926 0.009375 0.026852
0 0.559375 0.425463 0.009375 0.026852
0 0.548177 0.425000 0.009375 0.026852
0 0.539844 0.424537 0.009375 0.026852
0 0.531510 0.424537 0.009375 0.026852
0 0.523438 0.424537 0.009375 0.026852
0 0.515365 0.424074 0.009375 0.026852
0 0.506771 0.424074 0.009375 0.026852
0 0.498437 0.423148 0.009375 0.026852
0 0.490104 0.422222 0.009375 0.026852
0 0.482031 0.422685 0.009375 0.026852
0 0.472917 0.422222 0.009375 0.026852
0 0.465365 0.421296 0.009375 0.026852
0 0.456510 0.421296 0.009375 0.026852
0 0.447656 0.420833 0.009375 0.026852
0 0.447656 0.447222 0.009375 0.026852
0 0.456510 0.447685 0.009375 0.026852
0 0.465104 0.448148 0.009375 0.026852
0 0.473958 0.448148 0.009375 0.026852
0 0.482292 0.449074 0.009375 0.026852
0 0.490625 0.449537 0.009375 0.026852
0 0.498698 0.449537 0.009375 0.026852
0 0.507292 0.450000 0.009375 0.026852
0 0.515625 0.450000 0.009375 0.026852
0 0.523958 0.450463 0.009375 0.026852
0 0.532552 0.450926 0.009375 0.026852
0 0.540625 0.450926 0.009375 0.026852
0 0.563021 0.458333 0.009375 0.026852
0 0.571354 0.458333 0.009375 0.026852
0 0.579688 0.458333 0.009375 0.026852
0 0.588021 0.458796 0.009375 0.026852
0 0.601562 0.459722 0.009375 0.026852
0 0.610156 0.460648 0.009375 0.026852
0 0.617969 0.461111 0.009375 0.026852
0 0.626302 0.461111 0.009375 0.026852
0 0.628125 0.487963 0.009375 0.026852
0 0.619792 0.487500 0.009375 0.026852
0 0.611719 0.487500 0.009375 0.026852
0 0.603385 0.487037 0.009375 0.026852
0 0.589583 0.486111 0.009375 0.026852
0 0.580990 0.486111 0.009375 0.026852
0 0.572917 0.486111 0.009375 0.026852
0 0.564323 0.485185 0.009375 0.026852
0 0.541667 0.482407 0.009375 0.026852
0 0.533333 0.481944 0.009375 0.026852
0 0.525000 0.482407 0.009375 0.026852
0 0.516667 0.481019 0.009375 0.026852
0 0.508594 0.481481 0.009375 0.026852
0 0.499740 0.480556 0.009375 0.026852
0 0.491146 0.481019 0.009375 0.026852
0 0.482552 0.480556 0.009375 0.026852
0 0.474219 0.480556 0.009375 0.026852
0 0.465755 0.480324 0.009115 0.028241
0 0.456901 0.480324 0.009115 0.028241
0 0.448568 0.479861 0.009115 0.028241
0 0.448568 0.507176 0.009115 0.028241
0 0.457422 0.508102 0.009115 0.028241
0 0.466276 0.508102 0.009115 0.028241
0 0.474609 0.508102 0.009115 0.028241
0 0.483464 0.508102 0.009115 0.028241
0 0.491276 0.508565 0.009115 0.028241
0 0.500391 0.508565 0.009115 0.028241
0 0.508984 0.509028 0.009115 0.028241
0 0.517318 0.508565 0.009115 0.028241
0 0.525911 0.508565 0.009115 0.028241
0 0.534505 0.509028 0.009115 0.028241
0 0.542578 0.509491 0.009115 0.028241
0 0.552734 0.543287 0.009115 0.028241
0 0.543880 0.543287 0.009115 0.028241
0 0.535547 0.542824 0.009115 0.028241
0 0.526693 0.542824 0.009115 0.028241
0 0.518359 0.542361 0.009115 0.028241
0 0.510026 0.542824 0.009115 0.028241
0 0.501172 0.542361 0.009115 0.028241
0 0.492839 0.542824 0.009115 0.028241
0 0.483984 0.541898 0.009115 0.028241
0 0.475391 0.542361 0.009115 0.028241
0 0.466276 0.542361 0.009115 0.028241
0 0.457943 0.541435 0.009115 0.028241
0 0.449349 0.541435 0.009115 0.028241
0 0.449089 0.570602 0.009115 0.028241
0 0.458203 0.570139 0.009115 0.028241
0 0.466797 0.570602 0.009115 0.028241
0 0.475911 0.571065 0.009115 0.028241
0 0.484505 0.570602 0.009115 0.028241
0 0.493359 0.570602 0.009115 0.028241
0 0.501953 0.571065 0.009115 0.028241
0 0.510547 0.570602 0.009115 0.028241
0 0.519401 0.571065 0.009115 0.028241
0 0.527734 0.571065 0.009115 0.028241
0 0.536849 0.570602 0.009115 0.028241
0 0.545443 0.571065 0.009115 0.028241
0 0.553776 0.571528 0.009115 0.028241
0 0.565495 0.513194 0.009115 0.028241
0 0.574089 0.513657 0.009115 0.028241
0 0.582422 0.513657 0.009115 0.028241
0 0.591276 0.513194 0.009115 0.028241
0 0.604818 0.515046 0.009115 0.028241
0 0.613151 0.515509 0.009115 0.028241
0 0.621745 0.515046 0.009115 0.028241
0 0.630078 0.515509 0.009115 0.028241
0 0.632161 0.544213 0.009115 0.028241
0 0.623568 0.544213 0.009115 0.028241
0 0.615234 0.543750 0.009115 0.028241
0 0.606901 0.543750 0.009115 0.028241
0 0.598307 0.544213 0.009115 0.028241
0 0.589844 0.543056 0.009375 0.027778
0 0.581771 0.543056 0.009375 0.027778
0 0.572917 0.543519 0.009375 0.027778
0 0.564583 0.543981 0.009375 0.027778
0 0.565885 0.571759 0.009375 0.027778
0 0.574479 0.571759 0.009375 0.027778
0 0.583073 0.572222 0.009375 0.027778
0 0.591667 0.572222 0.009375 0.027778
0 0.600000 0.572222 0.009375 0.027778
0 0.608724 0.572222 0.010156 0.028704
0 0.616797 0.572222 0.010156 0.028704
0 0.625651 0.572222 0.010156 0.028704
0 0.634505 0.572222 0.010156 0.028704
0 0.636849 0.605556 0.010156 0.028704
0 0.628255 0.605556 0.010156 0.028704
0 0.619661 0.605093 0.010156 0.028704
0 0.610807 0.605093 0.010156 0.028704
0 0.602214 0.604630 0.010156 0.028704
0 0.593880 0.605093 0.010156 0.028704
0 0.584766 0.605093 0.010156 0.028704
0 0.576432 0.605093 0.010156 0.028704
0 0.567578 0.605093 0.010156 0.028704
0 0.555078 0.604167 0.010156 0.028704
0 0.546484 0.604630 0.010156 0.028704
0 0.538151 0.604630 0.010156 0.028704
0 0.528516 0.604167 0.010156 0.028704
0 0.494141 0.604167 0.010156 0.028704
0 0.485286 0.605093 0.010156 0.028704
0 0.476953 0.604630 0.010156 0.028704
0 0.467578 0.604630 0.010156 0.028704
0 0.458724 0.604630 0.010156 0.028704
0 0.449609 0.604630 0.010156 0.028704
0 0.450000 0.635417 0.010417 0.031019
0 0.467969 0.634491 0.010417 0.031019
0 0.459115 0.634491 0.010417 0.031019
0 0.477604 0.634491 0.010417 0.031019
0 0.485938 0.634491 0.010417 0.031019
0 0.495052 0.634028 0.010417 0.031019
0 0.530469 0.633565 0.010417 0.031019
0 0.539062 0.634028 0.010417 0.031019
0 0.548177 0.634028 0.010417 0.031019
0 0.556771 0.634491 0.010417 0.031019
0 0.569271 0.634954 0.010417 0.031019
0 0.577865 0.634491 0.010417 0.031019
0 0.586719 0.634954 0.010417 0.031019
0 0.595313 0.634954 0.010417 0.031019
0 0.604167 0.634954 0.010417 0.031019
0 0.613021 0.635417 0.010417 0.031019
0 0.621615 0.634954 0.010937 0.030093
0 0.629948 0.634028 0.010937 0.030093
0 0.638802 0.634954 0.010937 0.030093
0 0.641146 0.669676 0.010937 0.030093
0 0.632812 0.669213 0.010937 0.030093
0 0.624219 0.669676 0.010937 0.030093
0 0.614844 0.669676 0.010937 0.030093
0 0.606250 0.669676 0.010937 0.030093
0 0.597917 0.669676 0.010937 0.030093
0 0.588542 0.669213 0.010937 0.030093
0 0.579948 0.669676 0.010937 0.030093
0 0.570833 0.669213 0.010937 0.030093
0 0.558594 0.669213 0.010937 0.030093
0 0.549479 0.669213 0.010937 0.031944
0 0.540625 0.669213 0.010937 0.031944
0 0.531771 0.669676 0.010937 0.031944
0 0.522656 0.669676 0.010937 0.031944
0 0.513802 0.670139 0.010937 0.031944
0 0.504427 0.670139 0.010937 0.031944
0 0.495312 0.669676 0.010937 0.031944
0 0.486198 0.670139 0.010937 0.031944
0 0.477604 0.671065 0.010937 0.031944
0 0.468490 0.670139 0.010937 0.031944
0 0.459635 0.670602 0.010937 0.031944
0 0.450260 0.670602 0.010937 0.031944
0 0.450521 0.702083 0.010937 0.031944
0 0.460417 0.702083 0.010937 0.031944
0 0.468750 0.701620 0.010937 0.031944
0 0.478906 0.701620 0.010937 0.031944
0 0.487240 0.701157 0.010937 0.031944
0 0.496354 0.701157 0.010937 0.031944
0 0.505208 0.700694 0.010937 0.031944
0 0.514583 0.700231 0.010937 0.031944
0 0.523698 0.699769 0.010937 0.031944
0 0.533073 0.700694 0.010937 0.031944
0 0.541667 0.700694 0.010937 0.031944
0 0.550521 0.700231 0.010937 0.031944
0 0.559375 0.700694 0.010937 0.031944
0 0.572917 0.700231 0.010937 0.031944
0 0.581771 0.700231 0.010937 0.031944
0 0.590625 0.700694 0.010937 0.031944
0 0.599219 0.700231 0.010937 0.031944
0 0.608333 0.700231 0.010937 0.031944
0 0.616927 0.700231 0.010937 0.031944
0 0.626042 0.700231 0.010937 0.031944
0 0.634896 0.700231 0.010937 0.031944
0 0.643490 0.700694 0.010937 0.031944
0 0.645833 0.734028 0.010937 0.031944
0 0.637240 0.734954 0.010937 0.031944
0 0.628385 0.735417 0.010937 0.031944
0 0.619010 0.735417 0.010937 0.031944
0 0.610417 0.734954 0.010937 0.031944
0 0.601823 0.735417 0.010937 0.031944
0 0.592708 0.735880 0.010937 0.031944
0 0.583333 0.735417 0.010937 0.031944
0 0.574479 0.735417 0.010937 0.031944
0 0.561458 0.735880 0.010937 0.031944
0 0.552083 0.735880 0.010937 0.031944
0 0.542969 0.736343 0.010937 0.031944
0 0.534375 0.736343 0.010937 0.031944
0 0.525260 0.735880 0.010937 0.031944
0 0.515885 0.736343 0.010937 0.031944
0 0.506771 0.736343 0.010937 0.031944
0 0.497396 0.736343 0.010937 0.031944
0 0.487760 0.736806 0.010937 0.031944
0 0.479427 0.737731 0.010937 0.031944
0 0.469531 0.737731 0.010937 0.031944
0 0.460417 0.738194 0.010937 0.031944
0 0.450521 0.738194 0.010937 0.031944
0 0.429427 0.772222 0.011458 0.033333
0 0.439583 0.772685 0.011458 0.033333
0 0.450781 0.771759 0.011458 0.033333
0 0.460938 0.771759 0.011458 0.033333
0 0.470833 0.770370 0.011458 0.033333
0 0.479687 0.769907 0.011458 0.033333
0 0.489063 0.770370 0.011458 0.033333
0 0.497917 0.769907 0.011458 0.033333
0 0.510677 0.769907 0.011458 0.033333
0 0.516667 0.768519 0.011458 0.033333
0 0.526042 0.768981 0.011458 0.033333
0 0.535417 0.768981 0.011458 0.033333
0 0.544271 0.768981 0.011458 0.033333
0 0.554167 0.767593 0.011458 0.033333
0 0.562500 0.768056 0.011458 0.033333
0 0.576042 0.768056 0.011458 0.033333
0 0.585417 0.767130 0.011458 0.033333
0 0.594271 0.767130 0.011458 0.033333
0 0.603125 0.767130 0.011458 0.033333
0 0.612500 0.767130 0.011458 0.033333
0 0.621094 0.768056 0.011458 0.033333
0 0.629687 0.767593 0.011458 0.033333
0 0.639583 0.767130 0.011458 0.033333
0 0.648177 0.766204 0.011458 0.033333
0 0.651042 0.803704 0.011458 0.033333
0 0.641927 0.804167 0.011458 0.033333
0 0.633073 0.804630 0.011458 0.033333
0 0.624219 0.805093 0.011458 0.033333
0 0.615365 0.805093 0.011458 0.033333
0 0.605469 0.805556 0.011458 0.033333
0 0.596354 0.805093 0.011458 0.033333
0 0.587240 0.805556 0.011458 0.033333
0 0.578385 0.806481 0.011458 0.033333
0 0.565104 0.806019 0.011458 0.033333
0 0.555469 0.806944 0.011458 0.033333
0 0.546615 0.806944 0.011458 0.033333
0 0.537240 0.806944 0.011458 0.033333
0 0.527604 0.807407 0.011458 0.033333
0 0.517969 0.807870 0.011458 0.033333
0 0.508333 0.807870 0.011458 0.033333
0 0.499479 0.808796 0.011458 0.033333
0 0.489583 0.808796 0.011458 0.033333
0 0.480208 0.809259 0.011458 0.033333
0 0.470703 0.809259 0.011198 0.034259
0 0.461068 0.809722 0.011198 0.034259
0 0.451432 0.810648 0.011198 0.034259
0 0.440234 0.810648 0.011198 0.034259
0 0.429818 0.810648 0.011198 0.034259
0 0.429557 0.845602 0.011719 0.036574
0 0.440234 0.845139 0.011719 0.036574
0 0.451432 0.845139 0.011719 0.036574
0 0.461849 0.844676 0.011719 0.036574
0 0.471224 0.844213 0.011719 0.036574
0 0.481120 0.843287 0.011719 0.036574
0 0.490495 0.842361 0.011719 0.036574
0 0.500391 0.842824 0.011719 0.036574
0 0.509505 0.841898 0.011719 0.036574
0 0.518880 0.841435 0.011719 0.036574
0 0.528776 0.840972 0.011719 0.036574
0 0.537891 0.840046 0.011719 0.036574
0 0.547266 0.840046 0.011719 0.036574
0 0.556901 0.840046 0.011719 0.036574
0 0.566276 0.839583 0.011719 0.036574
0 0.579818 0.839583 0.011719 0.036574
0 0.589323 0.839583 0.011458 0.035648
0 0.598177 0.839583 0.011458 0.035648
0 0.607552 0.839120 0.011458 0.035648
0 0.616667 0.837731 0.011458 0.035648
0 0.626302 0.837269 0.011458 0.035648
0 0.634896 0.837269 0.011458 0.035648
0 0.644271 0.837269 0.011458 0.035648
0 0.653125 0.837731 0.011458 0.035648
