0 0.710807 0.152778 0.016406 0.012037
0 0.695182 0.151852 0.016406 0.012037
0 0.677474 0.150926 0.016406 0.012037
0 0.662630 0.150000 0.016406 0.012037
0 0.645443 0.148611 0.016406 0.012037
0 0.629557 0.148611 0.016406 0.012037
0 0.611849 0.147685 0.016406 0.012037
0 0.596745 0.146296 0.016406 0.012037
0 0.596224 0.156481 0.016406 0.012037
0 0.612630 0.157407 0.016406 0.012037
0 0.630078 0.157870 0.016406 0.012037
0 0.645182 0.158333 0.016406 0.012037
0 0.662370 0.160185 0.016406 0.012037
0 0.677995 0.160185 0.016406 0.012037
0 0.695703 0.161574 0.016406 0.012037
0 0.711328 0.162500 0.016406 0.012037
0 0.711849 0.172222 0.016406 0.012037
0 0.695964 0.171296 0.016406 0.012037
0 0.678776 0.170833 0.016406 0.012037
0 0.663411 0.169907 0.016406 0.012037
0 0.645964 0.168519 0.016406 0.012037
0 0.630339 0.168056 0.016406 0.012037
0 0.612891 0.166667 0.016406 0.012037
0 0.596745 0.166667 0.016406 0.012037
0 0.597266 0.174537 0.016406 0.012037
0 0.612630 0.177315 0.016406 0.012037
0 0.630599 0.177778 0.016406 0.012037
0 0.645964 0.178704 0.016406 0.012037
0 0.663932 0.179167 0.016406 0.012037
0 0.679036 0.180093 0.016406 0.012037
0 0.697266 0.181481 0.016406 0.012037
0 0.712891 0.181481 0.016406 0.012037
0 0.713672 0.191667 0.016406 0.012037
0 0.698047 0.190741 0.016406 0.012037
0 0.679818 0.189815 0.016406 0.012037
0 0.664193 0.189352 0.016406 0.012037
0 0.647005 0.188889 0.016406 0.012037
0 0.631380 0.188426 0.016406 0.012037
0 0.613151 0.187037 0.016406 0.012037
0 0.597786 0.185648 0.016406 0.012037
0 0.597266 0.195370 0.016406 0.012037
0 0.612891 0.197222 0.016406 0.012037
0 0.631901 0.197685 0.016406 0.012037
0 0.647526 0.198148 0.016406 0.012037
0 0.664974 0.199537 0.016406 0.012037
0 0.680859 0.200463 0.016406 0.012037
0 0.698307 0.201389 0.016406 0.012037
0 0.713932 0.202315 0.016406 0.012037
0 0.714974 0.212037 0.016406 0.012037
0 0.699349 0.211574 0.016406 0.012037
0 0.681380 0.210648 0.016406 0.012037
0 0.665495 0.209722 0.016406 0.012037
0 0.647786 0.208333 0.016406 0.012037
0 0.631901 0.207870 0.016406 0.012037
0 0.613411 0.207407 0.016406 0.012037
0 0.597526 0.206481 0.016406 0.012037
0 0.598307 0.216204 0.016406 0.012037
0 0.613411 0.217130 0.016406 0.012037
0 0.632161 0.218056 0.016406 0.012037
0 0.648307 0.218981 0.016406 0.012037
0 0.665755 0.220370 0.016406 0.012037
0 0.681901 0.220370 0.016406 0.012037
0 0.700130 0.221759 0.016406 0.012037
0 0.716797 0.222685 0.016406 0.012037
0 0.717318 0.232407 0.016406 0.012037
0 0.700911 0.232407 0.016406 0.012037
0 0.682943 0.231019 0.016406 0.012037
0 0.666276 0.230556 0.016406 0.012037
0 0.648307 0.230093 0.016406 0.012037
0 0.632682 0.228241 0.016406 0.012037
0 0.613932 0.227315 0.016406 0.012037
0 0.597786 0.226389 0.016406 0.012037
0 0.598828 0.242593 0.016406 0.012037
0 0.614714 0.243519 0.016406 0.012037
0 0.632943 0.243519 0.016406 0.012037
0 0.649349 0.244444 0.016406 0.012037
0 0.667578 0.245833 0.016406 0.012037
0 0.683464 0.246296 0.016406 0.012037
0 0.702214 0.246759 0.016406 0.012037
0 0.718880 0.248148 0.016406 0.012037
0 0.718880 0.257870 0.016406 0.012037
0 0.702734 0.257407 0.016406 0.012037
0 0.683984 0.257870 0.016406 0.012037
0 0.667578 0.256019 0.016406 0.012037
0 0.649349 0.255093 0.016406 0.012037
0 0.633203 0.255556 0.016406 0.012037
0 0.614974 0.253704 0.016406 0.012037
0 0.598568 0.252315 0.016406 0.012037
0 0.599089 0.262963 0.016406 0.012037
0 0.614974 0.264815 0.016406 0.012037
0 0.633984 0.266204 0.016406 0.012037
0 0.650651 0.266667 0.016406 0.012037
0 0.668620 0.267593 0.016406 0.012037
0 0.685286 0.268056 0.016406 0.012037
0 0.703516 0.268519 0.016406 0.012037
0 0.720182 0.269907 0.016406 0.012037
0 0.720703 0.281019 0.016406 0.012037
0 0.704557 0.280556 0.016406 0.012037
0 0.685807 0.279630 0.016406 0.012037
0 0.668880 0.278704 0.016406 0.012037
0 0.650391 0.277778 0.016406 0.012037
0 0.633984 0.276852 0.016406 0.012037
0 0.615234 0.275463 0.016406 0.012037
0 0.598568 0.274537 0.016406 0.012037
0 0.635026 0.287963 0.016406 0.012037
0 0.651432 0.287963 0.016406 0.012037
0 0.670182 0.289352 0.016406 0.012037
0 0.686328 0.290278 0.016406 0.012037
0 0.705859 0.290741 0.016406 0.012037
0 0.722005 0.292130 0.016406 0.012037
0 0.722786 0.302778 0.016406 0.012037
0 0.706120 0.302315 0.016406 0.012037
0 0.687109 0.301389 0.016406 0.012037
0 0.670182 0.301389 0.016406 0.012037
0 0.651953 0.300463 0.016406 0.012037
0 0.635026 0.299074 0.016406 0.012037
0 0.635547 0.310648 0.016406 0.012037
0 0.652214 0.311111 0.016406 0.012037
0 0.670964 0.312037 0.016406 0.012037
0 0.688151 0.312500 0.016406 0.012037
0 0.706901 0.313426 0.016406 0.012037
0 0.724089 0.313889 0.016406 0.012037
0 0.724609 0.325926 0.016406 0.012037
0 0.707943 0.325000 0.016406 0.012037
0 0.688151 0.324537 0.016406 0.012037
0 0.671745 0.324074 0.016406 0.012037
0 0.652995 0.322222 0.016406 0.012037
0 0.635547 0.322222 0.016406 0.012037
0 0.616276 0.320833 0.016406 0.012037
0 0.599609 0.319907 0.016406 0.012037
0 0.599870 0.331019 0.016406 0.012037
0 0.616797 0.333333 0.016406 0.012037
0 0.636328 0.333333 0.016406 0.012037
0 0.653516 0.333796 0.016406 0.012037
0 0.672266 0.334722 0.016406 0.012037
0 0.689453 0.336111 0.016406 0.012037
0 0.709245 0.337037 0.016406 0.012037
0 0.726172 0.337500 0.016406 0.012037
0 0.726432 0.349074 0.016406 0.012037
0 0.709766 0.348611 0.016406 0.012037
0 0.690234 0.347685 0.016406 0.012037
0 0.672786 0.347222 0.016406 0.012037
0 0.653255 0.345370 0.016406 0.012037
0 0.636328 0.345370 0.016406 0.012037
0 0.616536 0.344444 0.016406 0.012037
0 0.599870 0.343056 0.016406 0.012037
0 0.600391 0.354630 0.016406 0.012037
0 0.617057 0.356019 0.016406 0.012037
0 0.637370 0.357407 0.016406 0.012037
0 0.654297 0.357870 0.016406 0.012037
0 0.673307 0.358796 0.016406 0.012037
0 0.690755 0.360185 0.016406 0.012037
0 0.710807 0.360648 0.016406 0.012037
0 0.727734 0.362037 0.016406 0.012037
0 0.728516 0.373611 0.016406 0.012037
0 0.711589 0.373148 0.016406 0.012037
0 0.691276 0.371759 0.016406 0.012037
0 0.673828 0.370833 0.016406 0.012037
0 0.654557 0.369907 0.016406 0.012037
0 0.637370 0.369907 0.016406 0.012037
0 0.617839 0.367593 0.016406 0.012037
0 0.600651 0.368056 0.016406 0.012037
0 0.600130 0.379630 0.016406 0.012037
0 0.617318 0.380556 0.016406 0.012037
0 0.637891 0.382407 0.016406 0.012037
0 0.655599 0.382870 0.016406 0.012037
0 0.674349 0.383796 0.016406 0.012037
0 0.692839 0.384259 0.016406 0.012037
0 0.712240 0.386111 0.017188 0.012963
0 0.730469 0.386574 0.017188 0.012963
0 0.731250 0.399537 0.017188 0.012963
0 0.732031 0.413426 0.017188 0.012963
0 0.714583 0.412500 0.017188 0.012963
0 0.713802 0.399537 0.017188 0.012963
0 0.694531 0.412037 0.017188 0.012963
0 0.693229 0.398611 0.017188 0.012963
0 0.580990 0.377778 0.018229 0.014815
0 0.564063 0.376852 0.018229 0.014815
0 0.542708 0.375463 0.018229 0.014815
0 0.526042 0.374537 0.018229 0.014815
0 0.505990 0.373148 0.018229 0.014815
0 0.488542 0.372685 0.018229 0.014815
0 0.470313 0.371296 0.018229 0.014815
0 0.453385 0.370833 0.018229 0.014815
0 0.453385 0.358333 0.018229 0.014815
0 0.470833 0.359722 0.018229 0.014815
0 0.489323 0.361111 0.018229 0.014815
0 0.506250 0.361574 0.018229 0.014815
0 0.525521 0.362500 0.018229 0.014815
0 0.542708 0.363889 0.018229 0.014815
0 0.564063 0.364815 0.018229 0.014815
0 0.580729 0.366204 0.018229 0.014815
0 0.580729 0.354167 0.018229 0.014815
0 0.563802 0.353704 0.018229 0.014815
0 0.543490 0.352778 0.018229 0.014815
0 0.526563 0.351389 0.018229 0.014815
0 0.506771 0.350463 0.018229 0.014815
0 0.490625 0.349537 0.018229 0.014815
0 0.470833 0.348148 0.018229 0.014815
0 0.454167 0.347222 0.018229 0.014815
0 0.454948 0.334259 0.018229 0.014815
0 0.471615 0.335648 0.018229 0.014815
0 0.490625 0.337500 0.018229 0.014815
0 0.507031 0.337963 0.018229 0.014815
0 0.526563 0.339815 0.018229 0.014815
0 0.543229 0.340278 0.018229 0.014815
0 0.563281 0.342130 0.018229 0.014815
0 0.580990 0.342130 0.018229 0.014815
0 0.580729 0.330556 0.018229 0.014815
0 0.563802 0.329167 0.018229 0.014815
0 0.543490 0.329167 0.018229 0.014815
0 0.526302 0.328241 0.018229 0.014815
0 0.507552 0.326389 0.018229 0.014815
0 0.490625 0.325463 0.018229 0.014815
0 0.471875 0.324074 0.018229 0.014815
0 0.455469 0.322222 0.018229 0.014815
0 0.456250 0.311111 0.018229 0.014815
0 0.472396 0.313426 0.018229 0.014815
0 0.491146 0.313889 0.018229 0.014815
0 0.507812 0.315278 0.018229 0.014815
0 0.526823 0.316667 0.018229 0.014815
0 0.543229 0.316667 0.018229 0.014815
0 0.564323 0.318056 0.018229 0.014815
0 0.580990 0.319444 0.018229 0.014815
0 0.580208 0.307407 0.018229 0.014815
0 0.564063 0.307407 0.018229 0.014815
0 0.543750 0.306019 0.018229 0.014815
0 0.527083 0.305556 0.018229 0.014815
0 0.508333 0.303704 0.018229 0.014815
0 0.490625 0.303704 0.018229 0.014815
0 0.473177 0.301852 0.018229 0.014815
0 0.456250 0.300463 0.018229 0.014815
0 0.457292 0.288889 0.018229 0.014815
0 0.473177 0.289815 0.018229 0.014815
0 0.492188 0.291204 0.018229 0.014815
0 0.508333 0.292130 0.018229 0.014815
0 0.527865 0.293519 0.018229 0.014815
0 0.543229 0.293981 0.018229 0.014815
0 0.563542 0.294907 0.018229 0.014815
0 0.580990 0.296759 0.018229 0.014815
0 0.581250 0.284722 0.018229 0.014815
0 0.564063 0.284259 0.018229 0.014815
0 0.544792 0.283796 0.018229 0.014815
0 0.527865 0.282407 0.018229 0.014815
0 0.508333 0.281481 0.018229 0.014815
0 0.492188 0.280556 0.018229 0.014815
0 0.473698 0.278241 0.018229 0.014815
0 0.458073 0.278241 0.018229 0.014815
0 0.459115 0.267593 0.018229 0.014815
0 0.474479 0.266667 0.018229 0.014815
0 0.494010 0.268981 0.018229 0.014815
0 0.508594 0.270370 0.018229 0.014815
0 0.528125 0.271296 0.018229 0.014815
0 0.544531 0.271759 0.018229 0.014815
0 0.563802 0.273611 0.018229 0.014815
0 0.580990 0.274537 0.018229 0.014815
0 0.580469 0.263426 0.018229 0.014815
0 0.564063 0.261574 0.018229 0.014815
0 0.544792 0.260648 0.018229 0.014815
0 0.528646 0.260185 0.018229 0.014815
0 0.509375 0.259722 0.018229 0.014815
0 0.492708 0.257407 0.018229 0.014815
0 0.459115 0.255093 0.018229 0.014815
0 0.475260 0.256944 0.018229 0.014815
0 0.459375 0.245370 0.018229 0.014815
0 0.475260 0.245833 0.018229 0.014815
0 0.493750 0.245833 0.018229 0.014815
0 0.510677 0.248148 0.018229 0.014815
0 0.528906 0.249537 0.018229 0.014815
0 0.544271 0.250463 0.018229 0.014815
0 0.563802 0.250463 0.018229 0.014815
0 0.579688 0.251852 0.018229 0.014815
0 0.580469 0.241667 0.018229 0.014815
0 0.562760 0.240278 0.018229 0.014815
0 0.493490 0.235185 0.018229 0.014815
0 0.475260 0.235648 0.018229 0.014815
0 0.459635 0.234259 0.018229 0.014815
0 0.460677 0.220370 0.018229 0.014815
0 0.461979 0.210648 0.018229 0.014815
0 0.461458 0.199074 0.018229 0.014815
0 0.462240 0.188889 0.018229 0.014815
0 0.462760 0.179630 0.018229 0.014815
0 0.463281 0.169907 0.018229 0.014815
0 0.463802 0.159722 0.018229 0.014815
0 0.464323 0.148148 0.018229 0.014815
0 0.464844 0.140278 0.018229 0.014815
0 0.479427 0.139815 0.018229 0.014815
0 0.479687 0.150000 0.018229 0.014815
0 0.479427 0.159259 0.018229 0.014815
0 0.479427 0.169907 0.018229 0.014815
0 0.478646 0.179167 0.018229 0.014815
0 0.478385 0.190278 0.018229 0.014815
0 0.477865 0.200463 0.018229 0.014815
0 0.477083 0.210648 0.018229 0.014815
0 0.477083 0.219907 0.018229 0.014815
0 0.494271 0.222222 0.018229 0.014815
0 0.494792 0.211111 0.018229 0.014815
0 0.495052 0.200463 0.018229 0.014815
0 0.495833 0.192130 0.018229 0.014815
0 0.496094 0.181481 0.018229 0.014815
0 0.496354 0.171759 0.018229 0.014815
0 0.496354 0.161111 0.018229 0.014815
0 0.497396 0.143056 0.018229 0.014815
0 0.495833 0.150463 0.018229 0.014815
0 0.518229 0.143981 0.018229 0.014815
0 0.517188 0.152778 0.018229 0.014815
0 0.517708 0.163426 0.018229 0.014815
0 0.516927 0.174074 0.018229 0.014815
0 0.517969 0.184722 0.018229 0.014815
0 0.517969 0.194444 0.018229 0.014815
0 0.517188 0.204167 0.018229 0.014815
0 0.516667 0.215278 0.018229 0.014815
0 0.532813 0.217130 0.018229 0.014815
0 0.533333 0.206944 0.018229 0.014815
0 0.533333 0.195833 0.018229 0.014815
0 0.533594 0.184722 0.018229 0.014815
0 0.532552 0.174074 0.018229 0.014815
0 0.532552 0.153241 0.018229 0.014815
0 0.532031 0.162037 0.018229 0.014815
0 0.532813 0.142593 0.018229 0.014815
0 0.548177 0.144444 0.018229 0.014815
0 0.547917 0.153241 0.018229 0.014815
0 0.547917 0.162500 0.018229 0.014815
0 0.547656 0.173611 0.018229 0.014815
0 0.549219 0.185185 0.018229 0.014815
0 0.549479 0.195833 0.018229 0.014815
0 0.548958 0.205093 0.018229 0.014815
0 0.548438 0.217130 0.018229 0.014815
0 0.564323 0.226852 0.018229 0.014815
0 0.563802 0.215741 0.018229 0.014815
0 0.564583 0.205093 0.018229 0.014815
0 0.564063 0.195370 0.018229 0.014815
0 0.564063 0.175000 0.018229 0.014815
0 0.563021 0.183796 0.018229 0.014815
0 0.563802 0.163889 0.018229 0.014815
0 0.564323 0.154630 0.018229 0.014815
0 0.563802 0.145833 0.018229 0.014815
0 0.578906 0.145370 0.018229 0.014815
0 0.579167 0.155093 0.018229 0.014815
0 0.579167 0.165278 0.018229 0.014815
0 0.578906 0.174537 0.018229 0.014815
0 0.578906 0.184722 0.018229 0.014815
0 0.579427 0.195370 0.018229 0.014815
0 0.579427 0.205093 0.018229 0.014815
0 0.579948 0.215741 0.018229 0.014815
0 0.579688 0.226389 0.018229 0.014815
0 0.447396 0.138426 0.015625 0.011111
0 0.432031 0.137963 0.015625 0.011111
0 0.413802 0.137037 0.015625 0.011111
0 0.398698 0.135648 0.015625 0.011111
0 0.381771 0.133796 0.015625 0.011111
0 0.366406 0.132870 0.015625 0.011111
0 0.366016 0.142361 0.016927 0.012500
0 0.380339 0.143750 0.016927 0.012500
0 0.398047 0.146065 0.016927 0.012500
0 0.413151 0.146528 0.016927 0.012500
0 0.431901 0.147454 0.016927 0.012500
0 0.447266 0.148380 0.016927 0.012500
0 0.446224 0.158102 0.016927 0.012500
0 0.431380 0.157639 0.016927 0.012500
0 0.412630 0.156713 0.016927 0.012500
0 0.397005 0.155324 0.016927 0.012500
0 0.380599 0.153472 0.016927 0.012500
0 0.365234 0.152546 0.016927 0.012500
0 0.364453 0.162269 0.016927 0.012500
0 0.379036 0.164120 0.016927 0.012500
0 0.396224 0.165046 0.016927 0.012500
0 0.411068 0.166898 0.016927 0.012500
0 0.429557 0.167361 0.016927 0.012500
0 0.445964 0.167824 0.016927 0.012500
0 0.445182 0.178472 0.016927 0.012500
0 0.429557 0.177546 0.016927 0.012500
0 0.410807 0.176620 0.016927 0.012500
0 0.395182 0.174306 0.016927 0.012500
0 0.377995 0.172917 0.016927 0.012500
0 0.362370 0.171528 0.016927 0.012500
0 0.361589 0.181713 0.016927 0.012500
0 0.376953 0.183102 0.016927 0.012500
0 0.393880 0.185417 0.016927 0.012500
0 0.409505 0.186343 0.016927 0.012500
0 0.429297 0.187731 0.016927 0.012500
0 0.444661 0.188657 0.016927 0.012500
0 0.443880 0.199306 0.016927 0.012500
0 0.428776 0.196991 0.016927 0.012500
0 0.409245 0.196528 0.016927 0.012500
0 0.393099 0.194676 0.016927 0.012500
0 0.375651 0.193287 0.016927 0.012500
0 0.360026 0.191435 0.016927 0.012500
0 0.359766 0.202546 0.016927 0.012500
0 0.375391 0.203009 0.016927 0.012500
0 0.393099 0.206250 0.016927 0.012500
0 0.408464 0.206713 0.016927 0.012500
0 0.427734 0.207176 0.016927 0.012500
0 0.442839 0.209028 0.016927 0.012500
0 0.442578 0.218750 0.016927 0.012500
0 0.426693 0.218287 0.016927 0.012500
0 0.407682 0.217824 0.016927 0.012500
0 0.391797 0.215972 0.016927 0.012500
0 0.374349 0.213657 0.016927 0.012500
0 0.357943 0.212269 0.016927 0.012500
0 0.356901 0.227083 0.016927 0.012500
0 0.372266 0.228009 0.016927 0.012500
0 0.390755 0.230324 0.016927 0.012500
0 0.406380 0.230324 0.016927 0.012500
0 0.425651 0.231713 0.016927 0.012500
0 0.441797 0.233102 0.016927 0.012500
0 0.440755 0.243287 0.016927 0.012500
0 0.424870 0.242361 0.016927 0.012500
0 0.405599 0.241898 0.016927 0.012500
0 0.389193 0.241435 0.016927 0.012500
0 0.371484 0.238657 0.016927 0.012500
0 0.355859 0.237269 0.016927 0.012500
0 0.354297 0.248380 0.016927 0.012500
0 0.370443 0.248843 0.016927 0.012500
0 0.388411 0.251620 0.016927 0.012500
0 0.404557 0.252546 0.016927 0.012500
0 0.424609 0.253009 0.016927 0.012500
0 0.440495 0.254861 0.016927 0.012500
0 0.439453 0.265046 0.016927 0.012500
0 0.423568 0.264120 0.016927 0.012500
0 0.403776 0.263657 0.016927 0.012500
0 0.387630 0.262731 0.016927 0.012500
0 0.369401 0.259491 0.016927 0.012500
0 0.352995 0.258565 0.016927 0.012500
0 0.352734 0.269676 0.016927 0.012500
0 0.368620 0.270602 0.016927 0.012500
0 0.386328 0.273380 0.016927 0.012500
0 0.402995 0.275231 0.016927 0.012500
0 0.422526 0.275231 0.016927 0.012500
0 0.438932 0.277083 0.016927 0.012500
0 0.438411 0.286343 0.016927 0.012500
0 0.422266 0.286343 0.016927 0.012500
0 0.402214 0.286343 0.016927 0.012500
0 0.385286 0.284491 0.016927 0.012500
0 0.367578 0.281250 0.016927 0.012500
0 0.351172 0.280787 0.016927 0.012500
0 0.350391 0.291435 0.016927 0.012500
0 0.366536 0.292824 0.016927 0.012500
0 0.384766 0.296065 0.016927 0.012500
0 0.400391 0.297454 0.016927 0.012500
0 0.421745 0.297917 0.016927 0.012500
0 0.437370 0.298380 0.016927 0.012500
0 0.436589 0.309954 0.016927 0.012500
0 0.420703 0.309491 0.016927 0.012500
0 0.400130 0.307639 0.016927 0.012500
0 0.383724 0.306713 0.016927 0.012500
0 0.365755 0.304398 0.016927 0.012500
0 0.348568 0.303009 0.016927 0.012500
0 0.347526 0.314352 0.019010 0.012037
0 0.364974 0.315741 0.019010 0.012037
0 0.382682 0.318519 0.019010 0.012037
0 0.399870 0.319444 0.019010 0.012037
0 0.420443 0.320370 0.019010 0.012037
0 0.436328 0.321296 0.019010 0.012037
0 0.435286 0.333796 0.019010 0.012037
0 0.418880 0.332407 0.019010 0.012037
0 0.398307 0.331019 0.019010 0.012037
0 0.381641 0.329630 0.019010 0.012037
0 0.363672 0.327778 0.019010 0.012037
0 0.347005 0.324537 0.019010 0.012037
0 0.345182 0.336574 0.019010 0.012037
0 0.344661 0.347685 0.019010 0.012037
0 0.343099 0.359259 0.019010 0.012037
0 0.342057 0.370833 0.019010 0.012037
0 0.339974 0.381944 0.019010 0.012037
0 0.338672 0.393519 0.019010 0.013889
0 0.362630 0.339815 0.019010 0.012037
0 0.361589 0.350463 0.019010 0.012037
0 0.360547 0.363889 0.019010 0.012037
0 0.359245 0.375926 0.019010 0.012037
0 0.380599 0.341667 0.019010 0.012037
0 0.379557 0.353241 0.019010 0.012037
0 0.378255 0.365741 0.019010 0.012037
0 0.397266 0.342593 0.019010 0.012037
0 0.397266 0.354630 0.019010 0.012037
0 0.395182 0.367130 0.019010 0.012037
0 0.417318 0.343519 0.019010 0.012037
0 0.417318 0.355556 0.019010 0.012037
0 0.416536 0.367593 0.019010 0.012037
0 0.435026 0.343981 0.019010 0.012037
0 0.433724 0.356019 0.019010 0.012037
0 0.433203 0.369444 0.019010 0.012037
0 0.318620 0.393981 0.018490 0.013889
0 0.319661 0.383333 0.018490 0.013889
0 0.321224 0.370833 0.018490 0.013889
0 0.322786 0.360648 0.018490 0.013889
0 0.324089 0.349074 0.018490 0.013889
0 0.325130 0.337963 0.018490 0.013889
0 0.326693 0.326852 0.018490 0.013889
0 0.327995 0.316204 0.018490 0.013889
0 0.329818 0.304630 0.018490 0.013889
0 0.331641 0.293981 0.018490 0.013889
0 0.332682 0.282870 0.018490 0.013889
0 0.333724 0.271759 0.018490 0.013889
0 0.335286 0.261111 0.018490 0.013889
0 0.336328 0.249537 0.018490 0.013889
0 0.337370 0.238426 0.018490 0.013889
0 0.338151 0.228704 0.018490 0.013889
0 0.339193 0.218519 0.018490 0.013889
0 0.340755 0.208333 0.018490 0.013889
0 0.341536 0.197222 0.018490 0.013889
0 0.343620 0.187037 0.018490 0.013889
0 0.344922 0.178241 0.018490 0.013889
0 0.345964 0.168056 0.018490 0.013889
0 0.347005 0.157870 0.018490 0.013889
0 0.347526 0.148148 0.018490 0.013889
0 0.349089 0.138889 0.018490 0.013889
0 0.350391 0.129167 0.018490 0.013889
0 0.414974 0.383565 0.016927 0.013426
0 0.414453 0.395139 0.016927 0.013426
0 0.413411 0.412731 0.016927 0.013426
0 0.412500 0.426157 0.017708 0.015278
0 0.430208 0.428472 0.017708 0.015278
0 0.430729 0.414583 0.017708 0.015278
0 0.432031 0.396991 0.017708 0.015278
0 0.432292 0.384491 0.017708 0.015278
0 0.451823 0.385880 0.017708 0.015278
0 0.451302 0.396991 0.017708 0.015278
0 0.450781 0.414583 0.017708 0.015278
0 0.449479 0.428935 0.017708 0.015278
0 0.468229 0.431250 0.017708 0.015278
0 0.468750 0.416898 0.017708 0.015278
0 0.469271 0.398843 0.017708 0.015278
0 0.469792 0.387731 0.017708 0.015278
0 0.489323 0.388657 0.017708 0.015278
0 0.488802 0.401620 0.017708 0.015278
0 0.487760 0.418287 0.017708 0.015278
0 0.487240 0.432176 0.017708 0.015278
0 0.505729 0.433102 0.017708 0.015278
0 0.506250 0.419213 0.017708 0.015278
0 0.505990 0.401620 0.017708 0.015278
0 0.506510 0.390509 0.017708 0.015278
0 0.526302 0.391435 0.017708 0.015278
0 0.526302 0.403009 0.017708 0.015278
0 0.525521 0.419213 0.017708 0.015278
0 0.525260 0.433102 0.017708 0.015278
0 0.541927 0.434491 0.017708 0.015278
0 0.542188 0.420602 0.017708 0.015278
0 0.542188 0.404861 0.017708 0.015278
0 0.543229 0.391435 0.017708 0.015278
0 0.561979 0.393287 0.017708 0.015278
0 0.561979 0.406250 0.017708 0.015278
0 0.562500 0.422917 0.017708 0.015278
0 0.562500 0.436343 0.017708 0.015278
0 0.580208 0.437731 0.017708 0.015278
0 0.580990 0.423380 0.017708 0.015278
0 0.580469 0.405787 0.017708 0.015278
0 0.580469 0.393287 0.017708 0.015278
0 0.599479 0.406250 0.017708 0.015278
0 0.600000 0.424306 0.017708 0.015278
0 0.599479 0.437731 0.017708 0.015278
0 0.617188 0.439120 0.017708 0.015278
0 0.617188 0.407176 0.017708 0.015278
0 0.637240 0.408102 0.017708 0.015278
0 0.638281 0.426620 0.017708 0.015278
0 0.637500 0.441435 0.017708 0.015278
0 0.685677 0.439583 0.017708 0.015278
0 0.703906 0.440509 0.017708 0.015278
0 0.723698 0.440972 0.017708 0.015278
0 0.724479 0.456250 0.017708 0.015278
0 0.704427 0.455324 0.017708 0.015278
0 0.685677 0.453472 0.017708 0.015278
0 0.612760 0.466435 0.017708 0.015278
0 0.629167 0.466898 0.017708 0.015278
0 0.649479 0.468287 0.017708 0.015278
0 0.667448 0.468750 0.017708 0.015278
0 0.687500 0.469213 0.017708 0.015278
0 0.704427 0.469676 0.017708 0.015278
0 0.724740 0.471065 0.017708 0.015278
0 0.742188 0.449306 0.017708 0.015278
0 0.742708 0.464583 0.017708 0.015278
0 0.743229 0.480324 0.017708 0.015278
0 0.725781 0.485880 0.017708 0.015278
0 0.704948 0.484491 0.017708 0.015278
0 0.688021 0.484491 0.017708 0.015278
0 0.667708 0.482176 0.017708 0.015278
0 0.650521 0.482176 0.017708 0.015278
0 0.629427 0.480787 0.017708 0.015278
0 0.613021 0.480324 0.017708 0.015278
0 0.612240 0.494676 0.017708 0.015278
0 0.629687 0.495139 0.017708 0.015278
0 0.650000 0.496528 0.017708 0.015278
0 0.667708 0.496991 0.017708 0.015278
0 0.688542 0.497917 0.017708 0.015278
0 0.705469 0.499769 0.017708 0.015278
0 0.726042 0.500231 0.017708 0.015278
0 0.744271 0.495139 0.017708 0.015278
0 0.744271 0.511806 0.017708 0.015278
0 0.726562 0.515046 0.017708 0.015278
0 0.706250 0.513657 0.017708 0.015278
0 0.688802 0.512731 0.017708 0.015278
0 0.668229 0.511806 0.017708 0.015278
0 0.650521 0.511343 0.017708 0.015278
0 0.629427 0.509954 0.017708 0.015278
0 0.613021 0.509028 0.017708 0.015278
0 0.613021 0.524306 0.017708 0.015278
0 0.629948 0.525231 0.017708 0.015278
0 0.650781 0.526157 0.017708 0.015278
0 0.668229 0.527083 0.017708 0.015278
0 0.688802 0.528009 0.017708 0.015278
0 0.707031 0.529398 0.017708 0.015278
0 0.726823 0.529398 0.017708 0.015278
0 0.744792 0.527083 0.017708 0.015278
0 0.745313 0.542361 0.017708 0.015278
0 0.727344 0.545139 0.017708 0.015278
0 0.707031 0.544213 0.017708 0.015278
0 0.689063 0.542824 0.017708 0.015278
0 0.668490 0.541898 0.017708 0.015278
0 0.651302 0.540972 0.017708 0.015278
0 0.630469 0.540046 0.017708 0.015278
0 0.612760 0.539120 0.017708 0.015278
0 0.613281 0.554398 0.017708 0.015278
0 0.630990 0.554398 0.017708 0.015278
0 0.651042 0.556250 0.017708 0.015278
0 0.668750 0.556713 0.017708 0.015278
0 0.690104 0.557639 0.017708 0.015278
0 0.707031 0.559028 0.017708 0.015278
0 0.727604 0.559491 0.017708 0.015278
0 0.745573 0.558102 0.017708 0.015278
0 0.746094 0.573843 0.017708 0.015278
0 0.728385 0.575231 0.017708 0.015278
0 0.707292 0.574306 0.017708 0.015278
0 0.690104 0.572917 0.017708 0.015278
0 0.669010 0.571991 0.017708 0.015278
0 0.651302 0.571065 0.017708 0.015278
0 0.630469 0.570139 0.017708 0.015278
0 0.613021 0.569213 0.017708 0.015278
0 0.613281 0.583565 0.017708 0.015278
0 0.631510 0.585417 0.017708 0.015278
0 0.652083 0.586343 0.017708 0.015278
0 0.669271 0.587269 0.017708 0.015278
0 0.690104 0.588194 0.017708 0.015278
0 0.708073 0.589120 0.017708 0.015278
0 0.728385 0.590509 0.017708 0.015278
0 0.746094 0.590046 0.017708 0.015278
0 0.746615 0.606250 0.017708 0.015278
0 0.729427 0.605787 0.017708 0.015278
0 0.708594 0.604861 0.017708 0.015278
0 0.690885 0.603472 0.017708 0.015278
0 0.669792 0.602546 0.017708 0.015278
0 0.651823 0.601620 0.017708 0.015278
0 0.631250 0.600231 0.017708 0.015278
0 0.613281 0.598843 0.017708 0.015278
0 0.613802 0.614583 0.017708 0.015278
0 0.631250 0.615509 0.017708 0.015278
0 0.652344 0.616898 0.017708 0.015278
0 0.670312 0.618287 0.017708 0.015278
0 0.690885 0.619213 0.017708 0.015278
0 0.708854 0.619676 0.017708 0.015278
0 0.729688 0.621065 0.017708 0.015278
0 0.747396 0.621528 0.017708 0.015278
0 0.747656 0.637269 0.017708 0.015278
0 0.729167 0.636806 0.017708 0.015278
0 0.708854 0.635417 0.017708 0.015278
0 0.691667 0.634028 0.017708 0.015278
0 0.669792 0.633565 0.017708 0.015278
0 0.652344 0.632176 0.017708 0.015278
0 0.631510 0.630787 0.017708 0.015278
0 0.613802 0.629398 0.017708 0.015278
0 0.614062 0.645602 0.017708 0.015278
0 0.632031 0.646528 0.017708 0.015278
0 0.652604 0.647917 0.017708 0.015278
0 0.671094 0.648380 0.017708 0.015278
0 0.691406 0.649769 0.017708 0.015278
0 0.709635 0.651157 0.017708 0.015278
0 0.730208 0.652083 0.017708 0.015278
0 0.748177 0.652546 0.017708 0.015278
0 0.748568 0.668519 0.017969 0.016667
0 0.730859 0.668056 0.017969 0.016667
0 0.709505 0.667593 0.017969 0.016667
0 0.692057 0.666204 0.017969 0.016667
0 0.670964 0.664352 0.017969 0.016667
0 0.653255 0.662963 0.017969 0.016667
0 0.632161 0.662037 0.017969 0.016667
0 0.614453 0.660648 0.017969 0.016667
0 0.613932 0.675926 0.017969 0.016667
0 0.614453 0.693056 0.017969 0.016667
0 0.653255 0.679630 0.017969 0.016667
0 0.671745 0.680556 0.017969 0.016667
0 0.692318 0.681019 0.017969 0.016667
0 0.710547 0.682870 0.017969 0.016667
0 0.731380 0.683333 0.017969 0.016667
0 0.749089 0.685185 0.017969 0.016667
0 0.750651 0.734722 0.017969 0.016667
0 0.732943 0.733333 0.017969 0.016667
0 0.711328 0.732407 0.017969 0.016667
0 0.693359 0.731019 0.017969 0.016667
0 0.671484 0.729630 0.017969 0.016667
0 0.653255 0.728241 0.017969 0.016667
0 0.632682 0.727315 0.017969 0.016667
0 0.614714 0.725000 0.017969 0.016667
0 0.614453 0.742130 0.017969 0.016667
0 0.632682 0.742593 0.017969 0.016667
0 0.653776 0.744444 0.017969 0.016667
0 0.671745 0.745370 0.017969 0.016667
0 0.693620 0.747222 0.017969 0.016667
0 0.711849 0.748148 0.017969 0.016667
0 0.750911 0.750926 0.017969 0.016667
0 0.751953 0.768056 0.017969 0.016667
0 0.733984 0.766667 0.017969 0.016667
0 0.712370 0.764815 0.017969 0.016667
0 0.672005 0.761574 0.017969 0.016667
0 0.654557 0.761111 0.017969 0.016667
0 0.632943 0.758796 0.017969 0.016667
0 0.614714 0.758796 0.017969 0.016667
0 0.614974 0.775000 0.017969 0.016667
0 0.632943 0.775926 0.017969 0.016667
0 0.654557 0.777315 0.017969 0.016667
0 0.672526 0.778704 0.017969 0.016667
0 0.694401 0.780093 0.017969 0.016667
0 0.712630 0.781019 0.017969 0.016667
0 0.733984 0.782870 0.017969 0.016667
0 0.752214 0.783333 0.017969 0.016667
0 0.752995 0.800000 0.017969 0.016667
0 0.734505 0.799074 0.017969 0.016667
0 0.695182 0.796296 0.017969 0.016667
0 0.712891 0.798148 0.017969 0.016667
0 0.655078 0.793981 0.017969 0.016667
0 0.632682 0.792593 0.017969 0.016667
0 0.614714 0.791204 0.017969 0.016667
0 0.614974 0.808796 0.017969 0.016667
0 0.633724 0.809259 0.017969 0.016667
0 0.654818 0.810648 0.017969 0.016667
0 0.673047 0.812500 0.017969 0.016667
0 0.694922 0.813426 0.017969 0.016667
0 0.713411 0.815278 0.017969 0.016667
0 0.735026 0.814815 0.017969 0.016667
0 0.753516 0.817130 0.017969 0.016667
0 0.754036 0.833796 0.017969 0.016667
0 0.735547 0.832870 0.017969 0.016667
0 0.713672 0.831019 0.017969 0.016667
0 0.694922 0.830093 0.017969 0.016667
0 0.673307 0.828241 0.017969 0.016667
0 0.654818 0.827315 0.017969 0.016667
0 0.633724 0.825463 0.017969 0.016667
0 0.615234 0.824537 0.017969 0.016667
0 0.615234 0.841667 0.017969 0.016667
0 0.633724 0.843056 0.017969 0.016667
0 0.654818 0.843981 0.017969 0.016667
0 0.673568 0.845370 0.017969 0.016667
0 0.695443 0.847222 0.017969 0.016667
0 0.714193 0.848148 0.017969 0.016667
0 0.735547 0.849074 0.017969 0.016667
0 0.754297 0.850000 0.017969 0.016667
0 0.755208 0.867824 0.018750 0.018056
0 0.736458 0.866898 0.018750 0.018056
0 0.714844 0.865509 0.018750 0.018056
0 0.695833 0.864120 0.018750 0.018056
0 0.673438 0.862731 0.018750 0.018056
0 0.654948 0.861343 0.018750 0.018056
0 0.634115 0.859491 0.018750 0.018056
0 0.615885 0.859028 0.018750 0.018056
0 0.616667 0.881713 0.018750 0.018056
0 0.617188 0.898843 0.018750 0.018056
0 0.616667 0.916898 0.018750 0.018056
0 0.636458 0.899306 0.018750 0.018056
0 0.636198 0.882176 0.018750 0.018056
0 0.655469 0.882639 0.018750 0.018056
0 0.656771 0.920139 0.018750 0.018056
0 0.676562 0.921065 0.018750 0.018056
0 0.676302 0.903009 0.018750 0.018056
0 0.675781 0.884954 0.018750 0.018056
0 0.695052 0.886343 0.018750 0.018056
0 0.695833 0.904861 0.018750 0.018056
0 0.696354 0.922454 0.018750 0.018056
0 0.715625 0.923843 0.018750 0.018056
0 0.715625 0.904861 0.018750 0.018056
0 0.714583 0.887269 0.018750 0.018056
0 0.737500 0.887269 0.018750 0.018056
0 0.738021 0.906713 0.018750 0.018056
0 0.738542 0.925231 0.018750 0.018056
0 0.758333 0.926157 0.018750 0.018056
0 0.758073 0.907176 0.018750 0.018056
0 0.757031 0.889120 0.018750 0.018056
0 0.597526 0.916667 0.020052 0.020370
0 0.577995 0.915278 0.020052 0.020370
0 0.557943 0.913889 0.020052 0.020370
0 0.538411 0.912500 0.020052 0.020370
0 0.517057 0.910185 0.020052 0.020370
0 0.497005 0.910185 0.020052 0.020370
0 0.498047 0.891667 0.020052 0.020370
0 0.517578 0.892593 0.020052 0.020370
0 0.538151 0.894444 0.020052 0.020370
0 0.558724 0.895833 0.020052 0.020370
0 0.578255 0.895833 0.020052 0.020370
0 0.597526 0.897685 0.020052 0.020370
0 0.597526 0.879630 0.020052 0.020370
0 0.578255 0.878241 0.020052 0.020370
0 0.557943 0.877315 0.020052 0.020370
0 0.538932 0.877315 0.020052 0.020370
0 0.517578 0.874537 0.020052 0.020370
0 0.498047 0.872685 0.020052 0.020370
0 0.499349 0.850000 0.020052 0.020370
0 0.517839 0.852315 0.020052 0.020370
0 0.539193 0.854167 0.020052 0.020370
0 0.557422 0.855556 0.020052 0.020370
0 0.577995 0.855556 0.020052 0.020370
0 0.597526 0.857870 0.020052 0.020370
0 0.597266 0.840278 0.020052 0.020370
0 0.579036 0.839352 0.020052 0.020370
0 0.556901 0.837963 0.020052 0.020370
0 0.539453 0.837037 0.020052 0.020370
0 0.517578 0.834722 0.020052 0.020370
0 0.499089 0.833333 0.020052 0.020370
0 0.499349 0.816204 0.020052 0.020370
0 0.518099 0.818981 0.020052 0.020370
0 0.538932 0.818519 0.020052 0.020370
0 0.557682 0.819907 0.020052 0.020370
0 0.578516 0.821759 0.020052 0.020370
0 0.597526 0.823148 0.020052 0.020370
0 0.596484 0.806944 0.020052 0.020370
0 0.578516 0.804630 0.020052 0.020370
0 0.556641 0.802778 0.020052 0.020370
0 0.538932 0.801852 0.020052 0.020370
0 0.517839 0.800463 0.020052 0.020370
0 0.500391 0.800000 0.020052 0.020370
0 0.500391 0.782870 0.020052 0.020370
0 0.517839 0.784722 0.020052 0.020370
0 0.540234 0.785185 0.020052 0.020370
0 0.557422 0.786111 0.020052 0.020370
0 0.579036 0.788889 0.020052 0.020370
0 0.597786 0.789815 0.020052 0.020370
0 0.597005 0.773148 0.020052 0.020370
0 0.578516 0.772222 0.020052 0.020370
0 0.558203 0.771296 0.020052 0.020370
0 0.539714 0.768519 0.020052 0.020370
0 0.518359 0.767593 0.020052 0.020370
0 0.500391 0.766667 0.020052 0.020370
0 0.500911 0.750000 0.020052 0.020370
0 0.518359 0.751389 0.020052 0.020370
0 0.539453 0.753704 0.020052 0.020370
0 0.557161 0.752778 0.020052 0.020370
0 0.578776 0.756019 0.020052 0.020370
0 0.596484 0.756944 0.020052 0.020370
0 0.595964 0.740278 0.020052 0.020370
0 0.579557 0.739815 0.020052 0.020370
0 0.557682 0.737500 0.020052 0.020370
0 0.540104 0.736111 0.020313 0.020370
0 0.519271 0.734722 0.020313 0.020370
0 0.501823 0.733796 0.020313 0.020370
0 0.501823 0.717130 0.020313 0.020370
0 0.519531 0.718981 0.020313 0.020370
0 0.539844 0.720833 0.020313 0.020370
0 0.558073 0.720833 0.020313 0.020370
0 0.578385 0.723148 0.020313 0.020370
0 0.477604 0.716667 0.020313 0.020370
0 0.458333 0.715278 0.020313 0.020370
0 0.458333 0.731481 0.020313 0.020370
0 0.476302 0.732870 0.020313 0.020370
0 0.476042 0.749537 0.020313 0.020370
0 0.457292 0.747685 0.020313 0.020370
0 0.457813 0.764815 0.020313 0.020370
0 0.475781 0.765741 0.020313 0.020370
0 0.475000 0.781944 0.020313 0.020370
0 0.456510 0.780093 0.020313 0.020370
0 0.475000 0.799074 0.020313 0.020370
0 0.474219 0.815741 0.020313 0.020370
0 0.455469 0.814352 0.020313 0.020370
0 0.454948 0.830556 0.020313 0.020370
0 0.473698 0.831944 0.020313 0.020370
0 0.473177 0.850463 0.020313 0.020370
0 0.454167 0.848148 0.020313 0.020370
0 0.454688 0.868981 0.020313 0.020370
0 0.474219 0.872222 0.020313 0.020370
0 0.473698 0.888889 0.020313 0.020370
0 0.454948 0.887963 0.020313 0.020370
0 0.454167 0.906944 0.020313 0.020370
0 0.472917 0.907407 0.020313 0.020370
0 0.432031 0.813426 0.020313 0.020370
0 0.413802 0.811574 0.020313 0.020370
0 0.394531 0.811111 0.020313 0.020370
0 0.373437 0.809259 0.020313 0.020370
0 0.355469 0.808796 0.020313 0.020370
0 0.357031 0.792130 0.020313 0.020370
0 0.375000 0.793056 0.020313 0.020370
0 0.396094 0.793519 0.020313 0.020370
0 0.414062 0.794444 0.020313 0.020370
0 0.431771 0.795833 0.020313 0.020370
0 0.432812 0.778704 0.020313 0.020370
0 0.415365 0.777315 0.020313 0.020370
0 0.396094 0.777083 0.020313 0.018056
0 0.375000 0.776389 0.020313 0.020370
0 0.357552 0.775000 0.020313 0.020370
0 0.358073 0.759722 0.020313 0.020370
0 0.376823 0.760185 0.020313 0.020370
0 0.397135 0.760185 0.020313 0.020370
0 0.415365 0.762963 0.020313 0.020370
0 0.433333 0.762963 0.020313 0.020370
0 0.434115 0.746296 0.020313 0.020370
0 0.416146 0.745370 0.020313 0.020370
0 0.397917 0.744444 0.020313 0.020370
0 0.377083 0.743519 0.020313 0.020370
0 0.359115 0.743519 0.020313 0.020370
0 0.359896 0.727315 0.020313 0.020370
0 0.377344 0.726852 0.020313 0.020370
0 0.398958 0.728241 0.020313 0.020370
0 0.416667 0.728704 0.020313 0.020370
0 0.434375 0.730093 0.020313 0.020370
0 0.434896 0.713426 0.020313 0.020370
0 0.417448 0.712963 0.020313 0.020370
0 0.398958 0.712037 0.020313 0.020370
0 0.378125 0.712963 0.020313 0.020370
0 0.359115 0.709259 0.020313 0.020370
0 0.361198 0.695370 0.020313 0.020370
0 0.378906 0.696296 0.020313 0.020370
0 0.400521 0.697222 0.020313 0.020370
0 0.417708 0.697222 0.020313 0.020370
0 0.435677 0.697685 0.020313 0.020370
0 0.436458 0.681019 0.020313 0.020370
0 0.418229 0.680556 0.020313 0.020370
0 0.379427 0.679630 0.020313 0.020370
0 0.362240 0.677778 0.020313 0.020370
0 0.362760 0.662500 0.020313 0.020370
0 0.381510 0.664352 0.020313 0.020370
0 0.419010 0.664815 0.020313 0.020370
0 0.435677 0.665741 0.020313 0.020370
0 0.436198 0.651389 0.020313 0.020370
0 0.420052 0.650000 0.020313 0.020370
0 0.401562 0.649074 0.020313 0.020370
0 0.380990 0.648611 0.020313 0.020370
0 0.363281 0.647222 0.020313 0.020370
0 0.364583 0.633333 0.020313 0.020370
0 0.382031 0.632870 0.020313 0.020370
0 0.401562 0.632870 0.020313 0.020370
0 0.420312 0.634259 0.020313 0.020370
0 0.438542 0.635185 0.020313 0.020370
0 0.438281 0.619444 0.020313 0.020370
0 0.420573 0.618519 0.020313 0.020370
0 0.403125 0.618981 0.020313 0.020370
0 0.382552 0.617593 0.020313 0.020370
0 0.365885 0.617130 0.020313 0.020370
0 0.366406 0.601852 0.020313 0.020370
0 0.383333 0.602315 0.020313 0.020370
0 0.403906 0.602778 0.020313 0.020370
0 0.421094 0.603704 0.020313 0.020370
0 0.437760 0.604167 0.020313 0.020370
0 0.439063 0.588889 0.020313 0.020370
0 0.421615 0.588889 0.020313 0.020370
0 0.403906 0.587037 0.020313 0.020370
0 0.383594 0.587963 0.020313 0.020370
0 0.366667 0.586574 0.020313 0.020370
0 0.368490 0.571759 0.020313 0.020370
0 0.384635 0.572685 0.020313 0.020370
0 0.406771 0.573148 0.020313 0.020370
0 0.424479 0.573148 0.020313 0.020370
0 0.440365 0.573611 0.020313 0.020370
0 0.440365 0.560185 0.020313 0.020370
0 0.423438 0.560185 0.020313 0.020370
0 0.404948 0.557407 0.020313 0.020370
0 0.385156 0.557870 0.020313 0.020370
0 0.368750 0.556019 0.020313 0.020370
0 0.369531 0.541204 0.020313 0.020370
0 0.386198 0.540741 0.020313 0.020370
0 0.406771 0.543519 0.020313 0.020370
0 0.423958 0.543981 0.020313 0.020370
0 0.441667 0.544907 0.020313 0.020370
0 0.441667 0.530556 0.020313 0.020370
0 0.424479 0.530093 0.020313 0.020370
0 0.406771 0.528704 0.020313 0.020370
0 0.386458 0.528241 0.020313 0.020370
0 0.370312 0.527315 0.020313 0.020370
0 0.371354 0.511574 0.020313 0.020370
0 0.386458 0.514352 0.020313 0.020370
0 0.408333 0.514352 0.020313 0.020370
0 0.423698 0.513426 0.020313 0.020370
0 0.441406 0.515278 0.020313 0.020370
0 0.441146 0.499537 0.020313 0.020370
0 0.423958 0.500000 0.020313 0.020370
0 0.408073 0.498611 0.020313 0.020370
0 0.372656 0.500000 0.020313 0.020370
0 0.388281 0.499537 0.020313 0.020370
0 0.371615 0.483333 0.020313 0.020370
0 0.389583 0.485185 0.020313 0.020370
0 0.408073 0.485185 0.020313 0.020370
0 0.425781 0.485185 0.020313 0.020370
0 0.442188 0.485648 0.020313 0.020370
0 0.441667 0.471759 0.020313 0.020370
0 0.426042 0.471759 0.020313 0.020370
0 0.408073 0.470370 0.020313 0.020370
0 0.388542 0.470370 0.020313 0.020370
0 0.372656 0.469444 0.020313 0.020370
0 0.373958 0.454630 0.020313 0.020370
0 0.390365 0.456481 0.020313 0.020370
0 0.410677 0.457407 0.020313 0.020370
0 0.427604 0.456019 0.020313 0.020370
0 0.444531 0.457870 0.020313 0.020370
0 0.465625 0.458796 0.017708 0.015741
0 0.483073 0.459722 0.017708 0.015741
0 0.506510 0.461111 0.017708 0.015741
0 0.523177 0.462037 0.017708 0.015741
0 0.542188 0.462963 0.017708 0.015741
0 0.559375 0.464352 0.017708 0.015741
0 0.578125 0.465278 0.017708 0.015741
0 0.595313 0.465278 0.017708 0.015741
0 0.595573 0.480556 0.017708 0.015741
0 0.578906 0.479630 0.017708 0.015741
0 0.559115 0.477778 0.017708 0.015741
0 0.542448 0.477315 0.017708 0.015741
0 0.523698 0.475926 0.017708 0.015741
0 0.506771 0.475000 0.017708 0.015741
0 0.483594 0.474074 0.017708 0.015741
0 0.466927 0.472685 0.017708 0.015741
0 0.465625 0.487037 0.017708 0.015741
0 0.483073 0.488426 0.017708 0.015741
0 0.506250 0.488889 0.017708 0.015741
0 0.522917 0.491204 0.017708 0.015741
0 0.542448 0.492130 0.017708 0.015741
0 0.558854 0.492593 0.017708 0.015741
0 0.578125 0.493056 0.017708 0.015741
0 0.595833 0.494907 0.017708 0.015741
0 0.595573 0.508796 0.017708 0.015741
0 0.578385 0.508333 0.017708 0.015741
0 0.559115 0.506481 0.017708 0.015741
0 0.542188 0.506019 0.017708 0.015741
0 0.522396 0.505556 0.017708 0.015741
0 0.506250 0.504167 0.017708 0.015741
0 0.482552 0.502778 0.017708 0.015741
0 0.464583 0.501389 0.017708 0.015741
0 0.464583 0.515741 0.017708 0.015741
0 0.482552 0.517593 0.017708 0.015741
0 0.505208 0.518056 0.017708 0.015741
0 0.522917 0.519907 0.017708 0.015741
0 0.541667 0.520833 0.017708 0.015741
0 0.558594 0.521759 0.017708 0.015741
0 0.578646 0.522685 0.017708 0.015741
0 0.595313 0.523611 0.017708 0.015741
0 0.596094 0.537963 0.017708 0.015741
0 0.578906 0.537500 0.017708 0.015741
0 0.559115 0.536111 0.017708 0.015741
0 0.541406 0.535185 0.017708 0.015741
0 0.521875 0.534259 0.017708 0.015741
0 0.505208 0.533333 0.017708 0.015741
0 0.482031 0.531481 0.017708 0.015741
0 0.464062 0.531019 0.017708 0.015741
0 0.463802 0.544907 0.017708 0.015741
0 0.481510 0.547222 0.017708 0.015741
0 0.504948 0.548148 0.017708 0.015741
0 0.522135 0.548611 0.017708 0.015741
0 0.541406 0.549537 0.017708 0.015741
0 0.558333 0.550926 0.017708 0.015741
0 0.578906 0.551389 0.017708 0.015741
0 0.596354 0.552778 0.017708 0.015741
0 0.595833 0.567593 0.017708 0.015741
0 0.578385 0.567130 0.017708 0.015741
0 0.558854 0.565741 0.017708 0.015741
0 0.541667 0.565278 0.017708 0.015741
0 0.521875 0.563889 0.017708 0.015741
0 0.504948 0.562500 0.017708 0.015741
0 0.481250 0.561111 0.017708 0.015741
0 0.463021 0.560185 0.017708 0.015741
0 0.462240 0.575463 0.017708 0.015741
0 0.480729 0.576852 0.017708 0.015741
0 0.504427 0.577778 0.017708 0.015741
0 0.521354 0.579167 0.017708 0.015741
0 0.541406 0.580093 0.017708 0.015741
0 0.559115 0.580556 0.017708 0.015741
0 0.578125 0.581944 0.017708 0.015741
0 0.595833 0.582870 0.017708 0.015741
0 0.595833 0.598148 0.017708 0.015741
0 0.578906 0.597222 0.017708 0.015741
0 0.558854 0.595370 0.017708 0.015741
0 0.540885 0.594444 0.017708 0.015741
0 0.521615 0.593056 0.017708 0.015741
0 0.504427 0.592593 0.017708 0.015741
0 0.480990 0.591667 0.017708 0.015741
0 0.462240 0.590278 0.017708 0.015741
0 0.461719 0.605556 0.017708 0.015741
0 0.480469 0.606481 0.017708 0.015741
0 0.503646 0.607870 0.017708 0.015741
0 0.521094 0.608796 0.017708 0.015741
0 0.540625 0.610185 0.017708 0.015741
0 0.558333 0.611111 0.017708 0.015741
0 0.578385 0.612500 0.017708 0.015741
0 0.595833 0.613426 0.017708 0.015741
0 0.596354 0.629167 0.017708 0.015741
0 0.578385 0.627778 0.017708 0.015741
0 0.558333 0.626389 0.017708 0.015741
0 0.541146 0.625463 0.017708 0.015741
0 0.520833 0.624074 0.017708 0.015741
0 0.503125 0.623611 0.017708 0.015741
0 0.479427 0.621296 0.017708 0.015741
0 0.460417 0.620370 0.017708 0.015741
0 0.460938 0.636111 0.017708 0.015741
0 0.478646 0.636574 0.017708 0.015741
0 0.502865 0.638426 0.017708 0.015741
0 0.520312 0.639815 0.017708 0.015741
0 0.540495 0.640741 0.017969 0.015741
0 0.558724 0.641667 0.017969 0.015741
0 0.579036 0.643519 0.017969 0.015741
0 0.596484 0.643519 0.017969 0.015741
0 0.596484 0.660185 0.017969 0.015741
0 0.577995 0.657870 0.017969 0.015741
0 0.557682 0.657407 0.017969 0.015741
0 0.540755 0.656481 0.017969 0.015741
0 0.520182 0.654630 0.017969 0.015741
0 0.502474 0.653704 0.017969 0.015741
0 0.479036 0.652778 0.017969 0.015741
0 0.460286 0.650926 0.017969 0.015741
0 0.478776 0.668056 0.017969 0.015741
0 0.478516 0.683333 0.017969 0.015741
0 0.519922 0.669444 0.017969 0.015741
0 0.519401 0.686111 0.017969 0.015741
0 0.540755 0.672222 0.017969 0.015741
0 0.558464 0.672222 0.017969 0.015741
0 0.596224 0.675926 0.017969 0.015741
0 0.596484 0.691667 0.017969 0.015741
0 0.318880 0.411806 0.017448 0.015278
0 0.338932 0.413194 0.017448 0.015278
0 0.355599 0.414583 0.017448 0.015278
0 0.354818 0.429398 0.017448 0.015278
0 0.338672 0.427083 0.017448 0.015278
0 0.317578 0.440972 0.017448 0.015278
0 0.337891 0.442361 0.017448 0.015278
0 0.354557 0.443287 0.017448 0.015278
0 0.353776 0.458102 0.017448 0.015278
0 0.336849 0.456250 0.017448 0.015278
0 0.316536 0.454861 0.017448 0.015278
0 0.316016 0.469676 0.017448 0.015278
0 0.335807 0.471065 0.017448 0.015278
0 0.352734 0.472454 0.017448 0.015278
0 0.352214 0.486806 0.017448 0.015278
0 0.335026 0.484954 0.017448 0.015278
0 0.314714 0.484028 0.017448 0.015278
0 0.314453 0.497454 0.017448 0.015278
0 0.335026 0.499769 0.017448 0.015278
0 0.351953 0.500231 0.017448 0.015278
0 0.351172 0.515509 0.017448 0.015278
0 0.333724 0.513657 0.017448 0.015278
0 0.313672 0.511806 0.017448 0.015278
0 0.313151 0.527083 0.017448 0.015278
0 0.333984 0.528935 0.017448 0.015278
0 0.350651 0.530324 0.017448 0.015278
0 0.348568 0.545139 0.017448 0.015278
0 0.332422 0.543750 0.017448 0.015278
0 0.311589 0.542824 0.017448 0.015278
0 0.310807 0.557176 0.017448 0.015278
0 0.331641 0.558565 0.017448 0.015278
0 0.349089 0.559491 0.017448 0.015278
0 0.348047 0.574306 0.017448 0.015278
0 0.330599 0.573843 0.017448 0.015278
0 0.310026 0.572454 0.017448 0.015278
0 0.309505 0.587269 0.017448 0.015278
0 0.330339 0.588194 0.017448 0.015278
0 0.347786 0.589120 0.017448 0.015278
0 0.346484 0.605324 0.017448 0.015278
0 0.328255 0.603935 0.017448 0.015278
0 0.307943 0.602546 0.017448 0.015278
0 0.307422 0.618287 0.017448 0.015278
0 0.327734 0.619213 0.017448 0.015278
0 0.345443 0.620139 0.017448 0.015278
0 0.344661 0.635417 0.017448 0.015278
0 0.326953 0.634491 0.017448 0.015278
0 0.306901 0.633102 0.017448 0.015278
0 0.305859 0.649306 0.017448 0.015278
0 0.326172 0.650231 0.017448 0.015278
0 0.344141 0.651157 0.017448 0.015278
0 0.325651 0.665509 0.017448 0.015278
0 0.304818 0.664120 0.017448 0.015278
0 0.342318 0.666435 0.017448 0.015278
0 0.341797 0.682176 0.017448 0.015278
0 0.323828 0.681250 0.017448 0.015278
0 0.304036 0.680324 0.017448 0.015278
0 0.302995 0.696065 0.017448 0.015278
0 0.323307 0.696528 0.017448 0.015278
0 0.340495 0.697454 0.017448 0.015278
0 0.339453 0.714120 0.017448 0.015278
0 0.322526 0.713194 0.017448 0.015278
0 0.302214 0.711806 0.017448 0.015278
0 0.301172 0.728472 0.017448 0.015278
0 0.321484 0.729167 0.018490 0.016667
0 0.339193 0.731019 0.018490 0.016667
0 0.338672 0.747222 0.018490 0.016667
0 0.320443 0.745370 0.018490 0.016667
0 0.300391 0.743981 0.018490 0.016667
0 0.299609 0.759722 0.018490 0.016667
0 0.299089 0.776389 0.018490 0.016667
0 0.298047 0.793519 0.018490 0.016667
0 0.317578 0.794444 0.018490 0.016667
0 0.318099 0.777778 0.018490 0.016667
0 0.319141 0.761574 0.018490 0.016667
0 0.337370 0.762963 0.018490 0.016667
0 0.336328 0.778704 0.018490 0.016667
0 0.335286 0.795833 0.018490 0.016667
0 0.618490 0.424769 0.017708 0.015278
0 0.732682 0.750463 0.017969 0.016667
0 0.694141 0.762500 0.017969 0.016667
0 0.672786 0.794444 0.017969 0.016667
0 0.636458 0.919676 0.018750 0.018056
0 0.656250 0.902083 0.018750 0.018056
0 0.596745 0.723148 0.020052 0.020370
0 0.456510 0.795370 0.020313 0.020370
0 0.317318 0.425231 0.017448 0.015278
