0 0.245573 0.956481 0.020313 0.018519
0 0.264583 0.957407 0.020313 0.018519
0 0.246354 0.938426 0.020313 0.018519
0 0.247135 0.920370 0.020313 0.018519
0 0.247917 0.902315 0.020313 0.018519
0 0.248958 0.885185 0.020313 0.018519
0 0.249479 0.867130 0.020313 0.018519
0 0.250521 0.849537 0.020313 0.018519
0 0.251042 0.831481 0.020313 0.018519
0 0.252083 0.815278 0.020313 0.018519
0 0.270833 0.814815 0.020313 0.018519
0 0.270313 0.831944 0.020313 0.018519
0 0.269531 0.849537 0.020313 0.018519
0 0.268750 0.867593 0.020313 0.018519
0 0.268229 0.885648 0.020313 0.018519
0 0.266927 0.903704 0.020313 0.018519
0 0.266406 0.921296 0.020313 0.018519
0 0.265365 0.939352 0.020313 0.018519
0 0.286458 0.957870 0.020313 0.018519
0 0.305729 0.958796 0.020313 0.018519
0 0.305990 0.940741 0.020313 0.018519
0 0.306771 0.923148 0.020313 0.018519
0 0.307812 0.905556 0.020313 0.018519
0 0.308594 0.887500 0.020313 0.018519
0 0.309375 0.869907 0.020313 0.018519
0 0.309896 0.852315 0.020313 0.018519
0 0.310677 0.834722 0.020313 0.018519
0 0.311458 0.817593 0.020313 0.018519
0 0.287500 0.940278 0.020313 0.018519
0 0.288021 0.922222 0.020313 0.018519
0 0.288802 0.904167 0.020313 0.018519
0 0.289323 0.886574 0.020313 0.018519
0 0.290104 0.868981 0.020313 0.018519
0 0.291146 0.850463 0.020313 0.018519
0 0.291406 0.833796 0.020313 0.018519
0 0.292708 0.816667 0.020313 0.018519
0 0.332031 0.818056 0.020313 0.018519
0 0.332031 0.835648 0.020313 0.018519
0 0.330729 0.853704 0.020313 0.018519
0 0.330208 0.870833 0.020313 0.018519
0 0.329688 0.888889 0.020313 0.018519
0 0.329167 0.906019 0.020313 0.018519
0 0.328125 0.924074 0.020313 0.018519
0 0.327865 0.942130 0.020313 0.018519
0 0.326823 0.960185 0.020313 0.018519
0 0.346354 0.960648 0.020313 0.018519
0 0.347135 0.943056 0.020313 0.018519
0 0.347396 0.925000 0.020313 0.018519
0 0.347917 0.907407 0.020313 0.018519
0 0.348177 0.888889 0.020313 0.018519
0 0.349479 0.871759 0.020313 0.018519
0 0.350000 0.854167 0.020313 0.018519
0 0.350260 0.836574 0.020313 0.018519
0 0.351302 0.818519 0.020313 0.018519
0 0.372135 0.819444 0.020313 0.018519
0 0.372396 0.837037 0.020313 0.018519
0 0.371615 0.854167 0.020313 0.018519
0 0.371094 0.872222 0.020313 0.018519
0 0.370312 0.890278 0.020313 0.018519
0 0.370052 0.907870 0.020313 0.018519
0 0.369271 0.925926 0.020313 0.018519
0 0.368490 0.943981 0.020313 0.018519
0 0.367969 0.961111 0.020313 0.018519
0 0.387760 0.962500 0.020313 0.018519
0 0.388281 0.944907 0.020313 0.018519
0 0.388542 0.927315 0.020313 0.018519
0 0.389062 0.908796 0.020313 0.018519
0 0.389583 0.891204 0.020313 0.018519
0 0.390104 0.873148 0.020313 0.018519
0 0.390365 0.855556 0.020313 0.018519
0 0.391146 0.837963 0.020313 0.018519
0 0.391146 0.820370 0.020313 0.018519
0 0.412500 0.820370 0.020313 0.018519
0 0.411979 0.838426 0.020313 0.018519
0 0.411979 0.856944 0.020313 0.018519
0 0.411979 0.874074 0.020313 0.018519
0 0.411458 0.892130 0.020313 0.018519
0 0.410938 0.910185 0.020313 0.018519
0 0.410156 0.927778 0.020313 0.018519
0 0.410156 0.945833 0.020313 0.018519
0 0.410156 0.963889 0.020313 0.018519
0 0.428906 0.964815 0.020313 0.018519
0 0.429427 0.946759 0.020313 0.018519
0 0.430208 0.928241 0.020313 0.018519
0 0.429948 0.911111 0.020313 0.018519
0 0.429688 0.893056 0.020313 0.018519
0 0.430469 0.875000 0.020313 0.018519
0 0.430469 0.857407 0.020313 0.018519
0 0.431250 0.839352 0.020313 0.018519
0 0.431771 0.822222 0.020313 0.018519
0 0.449479 0.825926 0.020313 0.018519
0 0.449219 0.843981 0.020313 0.018519
0 0.448698 0.861111 0.020313 0.018519
0 0.448437 0.879167 0.020313 0.018519
0 0.467708 0.881019 0.020313 0.018519
0 0.468229 0.862963 0.020313 0.018519
0 0.468490 0.844676 0.020313 0.018981
0 0.468490 0.827083 0.020313 0.018981
0 0.487760 0.828009 0.020313 0.018981
0 0.487500 0.845602 0.020313 0.018981
0 0.487240 0.864120 0.020313 0.018981
0 0.487240 0.881250 0.020313 0.018981
0 0.488802 0.913657 0.020313 0.018981
0 0.488281 0.931713 0.020313 0.018981
0 0.487760 0.949769 0.020313 0.018981
0 0.487500 0.967824 0.020313 0.018981
0 0.467969 0.966435 0.020313 0.018981
0 0.468229 0.949306 0.020313 0.018981
0 0.468490 0.930787 0.020313 0.018981
0 0.469010 0.912731 0.020313 0.018981
0 0.450260 0.911806 0.020313 0.018981
0 0.449740 0.929861 0.020313 0.018981
0 0.448698 0.946528 0.020313 0.018981
0 0.448437 0.965046 0.020313 0.018981
0 0.514323 0.826620 0.020313 0.018981
0 0.513802 0.844213 0.020313 0.018981
0 0.514062 0.861343 0.020313 0.018981
0 0.514062 0.879398 0.020313 0.018981
0 0.513021 0.897454 0.020313 0.018981
0 0.513281 0.915509 0.020313 0.018981
0 0.513281 0.934491 0.020313 0.018981
0 0.513021 0.952083 0.020313 0.018981
0 0.512760 0.969676 0.020313 0.018981
0 0.534896 0.971065 0.020313 0.018981
0 0.554427 0.971528 0.020313 0.018981
0 0.554688 0.953935 0.020313 0.018981
0 0.535417 0.952546 0.020313 0.018981
0 0.535677 0.934954 0.020313 0.018981
0 0.554688 0.934954 0.020313 0.018981
0 0.554948 0.917361 0.020313 0.018981
0 0.535417 0.916435 0.020313 0.018981
0 0.535677 0.898380 0.020313 0.018981
0 0.554427 0.899306 0.020313 0.018981
0 0.554688 0.881713 0.020313 0.018981
0 0.535937 0.880787 0.020313 0.018981
0 0.535937 0.862269 0.020313 0.018981
0 0.554948 0.864120 0.020313 0.018981
0 0.554948 0.845602 0.020313 0.018981
0 0.536198 0.844676 0.020313 0.018981
0 0.536198 0.826620 0.020313 0.018981
0 0.555729 0.827546 0.020313 0.018981
0 0.577083 0.828935 0.020313 0.018981
0 0.595833 0.829861 0.020313 0.018981
0 0.596094 0.847917 0.020313 0.018981
0 0.577083 0.846528 0.020313 0.018981
0 0.577083 0.864120 0.020313 0.018981
0 0.596354 0.865972 0.020313 0.018981
0 0.596094 0.883565 0.020313 0.018981
0 0.577083 0.882639 0.020313 0.018981
0 0.576562 0.900694 0.020313 0.018981
0 0.596094 0.901157 0.020313 0.018981
0 0.596354 0.919213 0.020313 0.018981
0 0.576823 0.918287 0.020313 0.018981
0 0.576562 0.936806 0.020313 0.018981
0 0.596094 0.937269 0.020313 0.018981
0 0.596094 0.955787 0.020313 0.018981
0 0.576823 0.954861 0.020313 0.018981
0 0.576562 0.972917 0.020313 0.018981
0 0.595573 0.974306 0.020313 0.018981
0 0.619531 0.975231 0.020313 0.018981
0 0.619531 0.957176 0.020313 0.018981
0 0.619792 0.939120 0.020313 0.018981
0 0.619531 0.920602 0.020313 0.018981
0 0.619531 0.903009 0.020313 0.018981
0 0.619271 0.884954 0.020313 0.018981
0 0.619271 0.866898 0.020313 0.018981
0 0.619271 0.849306 0.020313 0.018981
0 0.619271 0.831713 0.020313 0.018981
0 0.638281 0.831713 0.020313 0.018981
0 0.638542 0.849769 0.020313 0.018981
0 0.638542 0.868287 0.020313 0.018981
0 0.638802 0.885880 0.020313 0.018981
0 0.638802 0.903472 0.020313 0.018981
0 0.638542 0.921991 0.020313 0.018981
0 0.638281 0.939583 0.020313 0.018981
0 0.639323 0.958102 0.020313 0.018981
0 0.639323 0.976157 0.020313 0.018981
0 0.659896 0.834028 0.020313 0.018981
0 0.679167 0.835417 0.020313 0.018981
0 0.659635 0.852083 0.020313 0.018981
0 0.660417 0.870139 0.020313 0.018981
0 0.660156 0.887269 0.020313 0.018981
0 0.660417 0.906250 0.020313 0.018981
0 0.660677 0.922917 0.020313 0.018981
0 0.660937 0.940972 0.020313 0.018981
0 0.660417 0.959028 0.020313 0.018981
0 0.661198 0.977083 0.020313 0.018981
0 0.680469 0.978009 0.020313 0.018981
0 0.680729 0.959954 0.020313 0.018981
0 0.680469 0.941435 0.020313 0.018981
0 0.679948 0.923843 0.020313 0.018981
0 0.679688 0.905787 0.020313 0.018981
0 0.679688 0.888657 0.020313 0.018981
0 0.679688 0.870602 0.020313 0.018981
0 0.679167 0.853472 0.020313 0.018981
0 0.678906 0.835417 0.020313 0.018981
0 0.702344 0.984954 0.020313 0.018981
0 0.701823 0.967824 0.020313 0.018981
0 0.702344 0.948380 0.020313 0.018981
0 0.701562 0.930787 0.020313 0.018981
0 0.701042 0.913194 0.020313 0.018981
0 0.701042 0.894676 0.020313 0.018981
0 0.700521 0.877083 0.020313 0.018981
0 0.701042 0.858565 0.020313 0.018981
0 0.700000 0.840972 0.020313 0.018981
0 0.700521 0.823843 0.020313 0.018981
0 0.699740 0.806250 0.020313 0.018981
0 0.699479 0.789120 0.020313 0.018981
0 0.699219 0.771991 0.020313 0.018981
0 0.699479 0.754398 0.020313 0.018981
0 0.698958 0.738194 0.020313 0.018981
0 0.698698 0.721528 0.020313 0.018981
0 0.698177 0.704398 0.020313 0.018981
0 0.698698 0.687269 0.020313 0.018981
0 0.698177 0.686806 0.020313 0.018981
0 0.698438 0.670602 0.020313 0.018981
0 0.698177 0.654398 0.020313 0.018981
0 0.697917 0.638194 0.020313 0.018981
0 0.697917 0.622917 0.020313 0.018981
0 0.697656 0.606713 0.020313 0.018981
0 0.697656 0.590046 0.020313 0.018981
0 0.697396 0.575694 0.020313 0.018981
0 0.697135 0.560417 0.020313 0.018981
0 0.252865 0.788657 0.019271 0.018981
0 0.253906 0.771991 0.019271 0.018981
0 0.254688 0.754398 0.019271 0.018981
0 0.255469 0.737731 0.019271 0.018981
0 0.256510 0.720602 0.019271 0.018981
0 0.257292 0.703472 0.019271 0.018981
0 0.258073 0.686806 0.019271 0.018981
0 0.258594 0.670139 0.019271 0.018981
0 0.259375 0.653472 0.019271 0.018981
0 0.260156 0.636806 0.019271 0.018981
0 0.260937 0.620602 0.019271 0.018981
0 0.261979 0.603472 0.019271 0.018981
0 0.262500 0.587731 0.019271 0.018981
0 0.280469 0.588194 0.019271 0.018981
0 0.279948 0.604861 0.019271 0.018981
0 0.279167 0.621528 0.019271 0.018981
0 0.278646 0.637731 0.019271 0.018981
0 0.277865 0.653935 0.019271 0.018981
0 0.277083 0.670602 0.019271 0.018981
0 0.276562 0.687731 0.019271 0.018981
0 0.275781 0.704861 0.019271 0.018981
0 0.275000 0.721991 0.019271 0.018981
0 0.273958 0.739120 0.019271 0.018981
0 0.273177 0.756250 0.019271 0.018981
0 0.272396 0.773380 0.019271 0.018981
0 0.271875 0.790046 0.019271 0.018981
0 0.293490 0.790972 0.019271 0.018981
0 0.294271 0.773380 0.019271 0.018981
0 0.294792 0.756713 0.019271 0.018981
0 0.295833 0.740046 0.019271 0.018981
0 0.296094 0.722454 0.019271 0.018981
0 0.297135 0.705324 0.019271 0.018981
0 0.297656 0.688194 0.019271 0.018981
0 0.298438 0.671528 0.019271 0.018981
0 0.298958 0.654861 0.019271 0.018981
0 0.299479 0.638194 0.019271 0.018981
0 0.300521 0.621528 0.019271 0.018981
0 0.301042 0.605324 0.019271 0.018981
0 0.301563 0.589120 0.019271 0.018981
0 0.320052 0.589120 0.019271 0.018981
0 0.319271 0.606250 0.019271 0.018981
0 0.319010 0.622454 0.019271 0.018981
0 0.318490 0.638657 0.019271 0.018981
0 0.317448 0.655324 0.019271 0.018981
0 0.316927 0.671991 0.019271 0.018981
0 0.315885 0.689583 0.019271 0.018981
0 0.315365 0.706713 0.019271 0.018981
0 0.314844 0.722917 0.019271 0.018981
0 0.314323 0.740509 0.019271 0.018981
0 0.313281 0.757176 0.019271 0.018981
0 0.313021 0.774769 0.019271 0.018981
0 0.312500 0.791435 0.019271 0.018981
0 0.333333 0.792361 0.019271 0.018981
0 0.333333 0.775694 0.019271 0.018981
0 0.334375 0.758102 0.019271 0.018981
0 0.334896 0.741435 0.019271 0.018981
0 0.335938 0.723843 0.019271 0.018981
0 0.336198 0.706713 0.019271 0.018981
0 0.337240 0.690046 0.019271 0.018981
0 0.337500 0.673380 0.019271 0.018981
0 0.338021 0.656250 0.019271 0.018981
0 0.338542 0.639583 0.019271 0.018981
0 0.339062 0.622917 0.019271 0.018981
0 0.340365 0.607176 0.019271 0.018981
0 0.340625 0.590972 0.019271 0.018981
0 0.359115 0.590972 0.019271 0.018981
0 0.358594 0.607176 0.019271 0.018981
0 0.357812 0.623843 0.019271 0.018981
0 0.357031 0.640046 0.019271 0.018981
0 0.356510 0.657176 0.019271 0.018981
0 0.355990 0.674306 0.019271 0.018981
0 0.355469 0.690509 0.019271 0.018981
0 0.354948 0.706713 0.019271 0.018981
0 0.354167 0.724769 0.019271 0.018981
0 0.353385 0.741898 0.019271 0.018981
0 0.352865 0.759028 0.019271 0.018981
0 0.352344 0.775694 0.019271 0.018981
0 0.352083 0.794213 0.019271 0.018981
0 0.373437 0.794213 0.019271 0.018981
0 0.374219 0.777083 0.019271 0.018981
0 0.374479 0.759954 0.019271 0.018981
0 0.375260 0.742361 0.019271 0.018981
0 0.393750 0.743287 0.019271 0.018981
0 0.393229 0.760880 0.019271 0.018981
0 0.392708 0.777546 0.019271 0.018981
0 0.392188 0.794213 0.019271 0.018981
0 0.377344 0.673843 0.019271 0.018981
0 0.377865 0.656250 0.019271 0.018981
0 0.378385 0.640509 0.019271 0.018981
0 0.378906 0.625231 0.019271 0.018981
0 0.379167 0.608102 0.019271 0.018981
0 0.379948 0.591435 0.019271 0.018981
0 0.398177 0.591898 0.019271 0.018981
0 0.398177 0.608102 0.019271 0.018981
0 0.397396 0.625231 0.019271 0.018981
0 0.397135 0.641898 0.019271 0.018981
0 0.396615 0.657639 0.019271 0.018981
0 0.395833 0.674769 0.019271 0.018981
0 0.419271 0.593287 0.019271 0.018981
0 0.419010 0.610417 0.019271 0.018981
0 0.418229 0.626157 0.019271 0.018981
0 0.418229 0.642824 0.019271 0.018981
0 0.417708 0.659954 0.019271 0.018981
0 0.417448 0.676157 0.019271 0.018981
0 0.416927 0.693287 0.019271 0.018981
0 0.416146 0.709954 0.019271 0.018981
0 0.415625 0.727546 0.019271 0.018981
0 0.415625 0.744676 0.019271 0.018981
0 0.414583 0.761343 0.019271 0.018981
0 0.414062 0.779398 0.019271 0.018981
0 0.413802 0.795602 0.019271 0.018981
0 0.432552 0.796991 0.019271 0.018981
0 0.432812 0.779861 0.019271 0.018981
0 0.433073 0.762731 0.019271 0.018981
0 0.433594 0.745139 0.019271 0.018981
0 0.433854 0.728009 0.019271 0.018981
0 0.434635 0.710880 0.019271 0.018981
0 0.434896 0.692824 0.019271 0.018981
0 0.435937 0.659491 0.019271 0.018981
0 0.435417 0.676620 0.019271 0.018981
0 0.436458 0.644213 0.019271 0.018981
0 0.436979 0.627083 0.019271 0.018981
0 0.436979 0.610417 0.019271 0.018981
0 0.437240 0.594676 0.019271 0.018981
0 0.459635 0.595139 0.019271 0.018981
0 0.459635 0.611806 0.019271 0.018981
0 0.459375 0.628935 0.019271 0.018981
0 0.458854 0.644676 0.019271 0.018981
0 0.458073 0.661343 0.019271 0.018981
0 0.458594 0.678009 0.019271 0.018981
0 0.457813 0.694676 0.019271 0.018981
0 0.457552 0.711343 0.019271 0.018981
0 0.456771 0.728935 0.019271 0.018981
0 0.456510 0.746528 0.019271 0.018981
0 0.456250 0.763657 0.019271 0.018981
0 0.455469 0.781250 0.019271 0.018981
0 0.474219 0.781713 0.019271 0.018981
0 0.474740 0.765046 0.019271 0.018981
0 0.474740 0.746991 0.019271 0.018981
0 0.474740 0.730787 0.019271 0.018981
0 0.476302 0.713194 0.019271 0.018981
0 0.476302 0.696065 0.019271 0.018981
0 0.475781 0.679861 0.019271 0.018981
0 0.476823 0.662731 0.019271 0.018981
0 0.476823 0.646528 0.019271 0.018981
0 0.477344 0.629398 0.019271 0.018981
0 0.477604 0.612731 0.019271 0.018981
0 0.478125 0.596991 0.019271 0.018981
0 0.498958 0.596991 0.019271 0.018981
0 0.498698 0.613657 0.019271 0.018981
0 0.498698 0.629398 0.019271 0.018981
0 0.497917 0.646528 0.019271 0.018981
0 0.497656 0.663194 0.019271 0.018981
0 0.497656 0.679398 0.019271 0.018981
0 0.497396 0.696528 0.019271 0.018981
0 0.496875 0.714583 0.019271 0.018981
0 0.496615 0.730324 0.019271 0.018981
0 0.496615 0.748380 0.019271 0.018981
0 0.496615 0.765509 0.019271 0.018981
0 0.496094 0.782639 0.019271 0.018981
0 0.514844 0.802083 0.019271 0.018981
0 0.514844 0.784491 0.019271 0.018981
0 0.515104 0.767361 0.019271 0.018981
0 0.515365 0.749769 0.019271 0.018981
0 0.515104 0.733102 0.019271 0.018981
0 0.515365 0.715509 0.019271 0.018981
0 0.515885 0.698380 0.019271 0.018981
0 0.516146 0.681713 0.019271 0.018981
0 0.516406 0.664583 0.019271 0.018981
0 0.516667 0.647454 0.019271 0.018981
0 0.516927 0.630787 0.019271 0.018981
0 0.516927 0.614583 0.019271 0.018981
0 0.516927 0.598843 0.019271 0.018981
0 0.537760 0.598843 0.019271 0.018981
0 0.538021 0.615509 0.019271 0.018981
0 0.537500 0.631713 0.019271 0.018981
0 0.537500 0.649306 0.019271 0.018981
0 0.536979 0.665509 0.019271 0.018981
0 0.536979 0.681713 0.019271 0.018981
0 0.536979 0.699306 0.019271 0.018981
0 0.537240 0.717361 0.019271 0.018981
0 0.536719 0.734491 0.019271 0.018981
0 0.536458 0.751157 0.019271 0.018981
0 0.535937 0.768750 0.019271 0.018981
0 0.536198 0.786343 0.019271 0.018981
0 0.535937 0.803935 0.019271 0.018981
0 0.555208 0.805324 0.019271 0.018981
0 0.554948 0.787269 0.019271 0.018981
0 0.555729 0.769213 0.019271 0.018981
0 0.555208 0.752546 0.019271 0.018981
0 0.555469 0.734954 0.019271 0.018981
0 0.555469 0.717361 0.019271 0.018981
0 0.555469 0.700231 0.019271 0.018981
0 0.555729 0.683565 0.019271 0.018981
0 0.556250 0.666898 0.019271 0.018981
0 0.555729 0.650231 0.019271 0.018981
0 0.556250 0.632176 0.019271 0.018981
0 0.556250 0.615972 0.019271 0.018981
0 0.556250 0.600231 0.019271 0.018981
0 0.577083 0.601157 0.019271 0.018981
0 0.595573 0.602083 0.019271 0.018981
0 0.595573 0.618750 0.019271 0.018981
0 0.577083 0.617361 0.019271 0.018981
0 0.576823 0.634954 0.019271 0.018981
0 0.595833 0.651620 0.019271 0.018981
0 0.577344 0.650694 0.019271 0.018981
0 0.577083 0.668287 0.019271 0.018981
0 0.595573 0.669213 0.019271 0.018981
0 0.595573 0.685417 0.019271 0.018981
0 0.577083 0.685417 0.019271 0.018981
0 0.576823 0.701620 0.019271 0.018981
0 0.595573 0.703009 0.019271 0.018981
0 0.595573 0.720602 0.019271 0.018981
0 0.577083 0.719676 0.019271 0.018981
0 0.576562 0.736343 0.019271 0.018981
0 0.595573 0.736806 0.019271 0.018981
0 0.595573 0.754398 0.019271 0.018981
0 0.577344 0.753472 0.019271 0.018981
0 0.576823 0.771528 0.019271 0.018981
0 0.595833 0.771991 0.019271 0.018981
0 0.596094 0.789583 0.019271 0.018981
0 0.577344 0.788657 0.019271 0.018981
0 0.576823 0.805787 0.019271 0.018981
0 0.596094 0.807176 0.019271 0.018981
0 0.619010 0.806713 0.019271 0.018981
0 0.638281 0.808102 0.019271 0.018981
0 0.638281 0.790509 0.019271 0.018981
0 0.619271 0.789120 0.019271 0.018981
0 0.619271 0.771528 0.019271 0.018981
0 0.638021 0.773843 0.019271 0.018981
0 0.638281 0.756250 0.019271 0.018981
0 0.619531 0.754861 0.019271 0.018981
0 0.619010 0.737269 0.019271 0.018981
0 0.638542 0.738194 0.019271 0.018981
0 0.637760 0.720602 0.019271 0.018981
0 0.619010 0.720602 0.019271 0.018981
0 0.619271 0.702546 0.019271 0.018981
0 0.637760 0.704398 0.019271 0.018981
0 0.637760 0.686806 0.019271 0.018981
0 0.618750 0.685417 0.019271 0.018981
0 0.618490 0.669676 0.019271 0.018981
0 0.637760 0.670139 0.019271 0.018981
0 0.637760 0.652546 0.019271 0.018981
0 0.618750 0.652083 0.019271 0.018981
0 0.618490 0.635417 0.019271 0.018981
0 0.637500 0.636343 0.019271 0.018981
0 0.637240 0.620602 0.019271 0.018981
0 0.618229 0.619213 0.019271 0.018981
0 0.618229 0.602546 0.019271 0.018981
0 0.636719 0.603009 0.019271 0.018981
0 0.656510 0.587269 0.019271 0.018981
0 0.675781 0.578009 0.019271 0.018981
0 0.676302 0.563194 0.019271 0.018981
0 0.676042 0.593750 0.019271 0.018981
0 0.657031 0.604398 0.019271 0.018981
0 0.675781 0.609028 0.019271 0.018981
0 0.657031 0.620602 0.019271 0.018981
0 0.675781 0.625694 0.019271 0.018981
0 0.676302 0.641435 0.019271 0.018981
0 0.657292 0.636806 0.019271 0.018981
0 0.657292 0.654398 0.019271 0.018981
0 0.676562 0.657176 0.019271 0.018981
0 0.676562 0.672454 0.019271 0.018981
0 0.657031 0.671528 0.019271 0.018981
0 0.657552 0.688657 0.019271 0.018981
0 0.676562 0.689120 0.019271 0.018981
0 0.677344 0.707176 0.019271 0.018981
0 0.658073 0.706713 0.019271 0.018981
0 0.658854 0.723843 0.019271 0.018981
0 0.677865 0.724769 0.019271 0.018981
0 0.678125 0.741435 0.019271 0.018981
0 0.658333 0.740509 0.019271 0.018981
0 0.658854 0.757639 0.019271 0.018981
0 0.677604 0.759028 0.019271 0.018981
0 0.677865 0.775694 0.019271 0.018981
0 0.659115 0.775231 0.019271 0.018981
0 0.659115 0.792824 0.019271 0.018981
0 0.678646 0.793750 0.019271 0.018981
0 0.678125 0.809954 0.019271 0.018981
0 0.659635 0.809954 0.019271 0.018981
0 0.659115 0.792824 0.019271 0.018981
0 0.263281 0.566898 0.019271 0.018981
0 0.264062 0.549769 0.019271 0.018981
0 0.282292 0.551157 0.019271 0.018981
0 0.281771 0.567361 0.019271 0.018981
0 0.303385 0.552546 0.019271 0.018981
0 0.302344 0.568287 0.019271 0.018981
0 0.362370 0.540509 0.019010 0.018056
0 0.382943 0.541204 0.019010 0.017593
0 0.401432 0.541667 0.018490 0.017593
0 0.363281 0.519907 0.018229 0.013889
0 0.364583 0.506019 0.018229 0.013889
0 0.383854 0.506944 0.018229 0.013889
0 0.383333 0.520833 0.018229 0.013889
0 0.403385 0.507639 0.018229 0.015278
0 0.402344 0.521528 0.018229 0.015278
0 0.422135 0.509028 0.018229 0.015278
0 0.421875 0.522454 0.018229 0.015278
0 0.441406 0.509491 0.018229 0.015278
0 0.441146 0.523380 0.018229 0.015278
0 0.420964 0.540741 0.017448 0.016667
0 0.440495 0.541204 0.017448 0.016667
0 0.439714 0.556944 0.017448 0.016667
0 0.420573 0.556250 0.018229 0.017130
0 0.461589 0.510648 0.017448 0.016667
0 0.478906 0.510648 0.017708 0.015741
0 0.478646 0.525000 0.017708 0.015741
0 0.461198 0.524537 0.017708 0.015741
0 0.460938 0.543519 0.017708 0.015741
0 0.477865 0.543981 0.017708 0.015741
0 0.477604 0.558796 0.017708 0.015741
0 0.460677 0.557870 0.017708 0.015741
0 0.498437 0.512037 0.017708 0.015741
0 0.517188 0.512963 0.017708 0.015741
0 0.516927 0.526852 0.017708 0.015741
0 0.498698 0.525926 0.017708 0.015741
0 0.498437 0.544907 0.017708 0.015741
0 0.517188 0.545833 0.017708 0.015741
0 0.516927 0.560648 0.017708 0.015741
0 0.497917 0.559259 0.017708 0.015741
0 0.537240 0.514352 0.017708 0.015741
0 0.537500 0.546759 0.017708 0.015741
0 0.536979 0.562037 0.017708 0.015741
0 0.556510 0.562963 0.017708 0.015741
0 0.556250 0.547685 0.017708 0.015741
0 0.556250 0.528241 0.017708 0.015741
0 0.556250 0.514352 0.017708 0.015741
0 0.576302 0.514815 0.017708 0.015741
0 0.576823 0.529167 0.017708 0.015741
0 0.576823 0.548148 0.017708 0.015741
0 0.576302 0.563889 0.017708 0.015741
0 0.594792 0.564815 0.017708 0.015741
0 0.595313 0.549074 0.017708 0.015741
0 0.594792 0.530093 0.017708 0.015741
0 0.594271 0.516204 0.017708 0.015741
0 0.258333 0.511111 0.019792 0.016667
0 0.259375 0.496296 0.019792 0.015741
0 0.261458 0.482639 0.019271 0.015278
0 0.262760 0.468750 0.019271 0.015278
0 0.264062 0.454861 0.019271 0.015278
0 0.265625 0.440046 0.019271 0.015278
0 0.266667 0.427083 0.019271 0.015278
0 0.267969 0.413194 0.019271 0.015278
0 0.269531 0.399306 0.019271 0.015278
0 0.271094 0.386343 0.019271 0.015278
0 0.272396 0.373380 0.019271 0.015278
0 0.274219 0.360417 0.019271 0.015278
0 0.275391 0.348380 0.018490 0.015278
0 0.276432 0.336343 0.018490 0.015278
0 0.277734 0.324769 0.017448 0.012500
0 0.279557 0.312269 0.017448 0.012500
0 0.294922 0.313657 0.017448 0.012500
0 0.293880 0.325231 0.017448 0.012500
0 0.292839 0.337269 0.017448 0.012500
0 0.291797 0.349306 0.017448 0.012500
0 0.290495 0.362269 0.017448 0.012500
0 0.289453 0.373843 0.017448 0.012500
0 0.288411 0.386806 0.017448 0.012500
0 0.286589 0.399769 0.017448 0.012500
0 0.285807 0.412269 0.017448 0.012500
0 0.284766 0.424769 0.017448 0.012500
0 0.283073 0.437963 0.017188 0.013889
0 0.281771 0.450926 0.017188 0.013889
0 0.280599 0.464352 0.017969 0.013889
0 0.279297 0.477778 0.017969 0.013889
0 0.278255 0.490741 0.017969 0.013889
0 0.277344 0.504630 0.019271 0.015741
0 0.276042 0.518981 0.019271 0.015741
0 0.296354 0.519907 0.019271 0.015741
0 0.297656 0.505093 0.019271 0.015741
0 0.298568 0.491435 0.018490 0.014352
0 0.299609 0.478472 0.018490 0.014352
0 0.300911 0.464583 0.018490 0.014352
0 0.301953 0.452546 0.018490 0.014352
0 0.302995 0.439120 0.018490 0.014352
0 0.304036 0.425694 0.018490 0.014352
0 0.305078 0.412731 0.018490 0.014352
0 0.306380 0.400694 0.018490 0.014352
0 0.307422 0.387731 0.018490 0.014352
0 0.308464 0.374769 0.018490 0.014352
0 0.309766 0.363194 0.018490 0.014352
0 0.310286 0.349769 0.018490 0.014352
0 0.311068 0.337731 0.018490 0.014352
0 0.312370 0.326620 0.018490 0.014352
0 0.313411 0.313657 0.018490 0.014352
0 0.329818 0.315046 0.018490 0.014352
0 0.348307 0.315509 0.017448 0.013426
0 0.364453 0.315972 0.017448 0.013426
0 0.347786 0.327083 0.017448 0.013426
0 0.346745 0.339583 0.017448 0.013426
0 0.363932 0.328009 0.017448 0.013426
0 0.363411 0.340509 0.017448 0.013426
0 0.346224 0.352083 0.017448 0.013426
0 0.362370 0.352546 0.017448 0.013426
0 0.345182 0.364120 0.017448 0.013426
0 0.361589 0.364583 0.017448 0.013426
0 0.361068 0.376620 0.017448 0.013426
0 0.344141 0.375694 0.017448 0.013426
0 0.343620 0.388657 0.017448 0.013426
0 0.360026 0.389120 0.017448 0.013426
0 0.358984 0.402083 0.017448 0.013426
0 0.342578 0.401620 0.017448 0.013426
0 0.329036 0.326157 0.018490 0.014352
0 0.328516 0.339120 0.018490 0.014352
0 0.327214 0.351157 0.018490 0.014352
0 0.326172 0.363194 0.018490 0.014352
0 0.324870 0.375694 0.018490 0.014352
0 0.323828 0.388657 0.018490 0.014352
0 0.322526 0.400694 0.018490 0.014352
0 0.321745 0.413657 0.018490 0.014352
0 0.320703 0.426157 0.018490 0.014352
0 0.319922 0.440046 0.018490 0.014352
0 0.318880 0.452546 0.018490 0.014352
0 0.317839 0.465972 0.018490 0.014352
0 0.316536 0.479398 0.018490 0.014352
0 0.315755 0.491435 0.018490 0.014352
0 0.316016 0.506713 0.018490 0.014352
0 0.314714 0.520602 0.018490 0.014352
0 0.341797 0.414583 0.017448 0.013426
0 0.358724 0.414583 0.017448 0.013426
0 0.357682 0.427546 0.017448 0.013426
0 0.340755 0.427083 0.017448 0.013426
0 0.339974 0.440509 0.017448 0.013426
0 0.339193 0.452546 0.017448 0.013426
0 0.356380 0.453935 0.017448 0.013426
0 0.355339 0.466898 0.017448 0.013426
0 0.338411 0.465972 0.017448 0.013426
0 0.337109 0.479398 0.017448 0.013426
0 0.354297 0.479861 0.017448 0.013426
0 0.353516 0.492824 0.017448 0.013426
0 0.336328 0.492824 0.017448 0.013426
0 0.373568 0.492361 0.017448 0.013426
0 0.391016 0.492824 0.017448 0.013426
0 0.408203 0.493750 0.017448 0.013426
0 0.424870 0.494213 0.017448 0.013426
0 0.425911 0.482639 0.017448 0.013426
0 0.408724 0.480787 0.017448 0.013426
0 0.391536 0.480787 0.017448 0.013426
0 0.374609 0.480787 0.017448 0.013426
0 0.375130 0.467361 0.017448 0.013426
0 0.392318 0.467361 0.017448 0.013426
0 0.409245 0.468287 0.017448 0.013426
0 0.426172 0.468287 0.017448 0.013426
0 0.426432 0.455787 0.017448 0.013426
0 0.409766 0.454861 0.017448 0.013426
0 0.392578 0.454861 0.017448 0.013426
0 0.375651 0.453935 0.017448 0.013426
0 0.376693 0.440972 0.017448 0.013426
0 0.393359 0.441898 0.017448 0.013426
0 0.410286 0.441898 0.017448 0.013426
0 0.427214 0.442824 0.017448 0.013426
0 0.427734 0.429861 0.017448 0.013426
0 0.410807 0.428935 0.017448 0.013426
0 0.393880 0.428472 0.017448 0.013426
0 0.377214 0.428472 0.017448 0.013426
0 0.378255 0.415509 0.017448 0.013426
0 0.394922 0.415509 0.017448 0.013426
0 0.411068 0.416435 0.017448 0.013426
0 0.427734 0.416435 0.017448 0.013426
0 0.428516 0.403935 0.017448 0.013426
0 0.411849 0.403472 0.017448 0.013426
0 0.395443 0.403009 0.017448 0.013426
0 0.378516 0.402546 0.017448 0.013426
0 0.379297 0.390046 0.017448 0.013426
0 0.395703 0.390509 0.017448 0.013426
0 0.412109 0.390972 0.017448 0.013426
0 0.428776 0.391435 0.017448 0.013426
0 0.429557 0.379398 0.017448 0.013426
0 0.412370 0.378935 0.017448 0.013426
0 0.395964 0.378009 0.017448 0.013426
0 0.379818 0.377546 0.017448 0.013426
0 0.380859 0.365046 0.017448 0.013426
0 0.397005 0.365972 0.017448 0.013426
0 0.413411 0.365972 0.017448 0.013426
0 0.430078 0.366435 0.017448 0.013426
0 0.430339 0.354398 0.017448 0.013426
0 0.414193 0.353935 0.017448 0.013426
0 0.397786 0.353935 0.017448 0.013426
0 0.381120 0.353009 0.017448 0.013426
0 0.381901 0.340509 0.017448 0.013426
0 0.397786 0.341435 0.017448 0.013426
0 0.414714 0.341898 0.017448 0.013426
0 0.430599 0.342361 0.017448 0.013426
0 0.431120 0.330787 0.017448 0.013426
0 0.414974 0.329861 0.017448 0.013426
0 0.398828 0.328935 0.017448 0.013426
0 0.382682 0.328935 0.017448 0.013426
0 0.399349 0.317361 0.017448 0.013426
0 0.415495 0.317824 0.017448 0.013426
0 0.416016 0.306250 0.017448 0.013426
0 0.399609 0.305787 0.017448 0.013426
0 0.449609 0.319213 0.017448 0.013426
0 0.465755 0.319676 0.017448 0.013426
0 0.483984 0.320139 0.017448 0.013426
0 0.484245 0.308102 0.017448 0.013426
0 0.499870 0.332639 0.017448 0.013426
0 0.483984 0.332176 0.017448 0.013426
0 0.465495 0.331250 0.017448 0.013426
0 0.449349 0.330787 0.017448 0.013426
0 0.448828 0.343287 0.017448 0.013426
0 0.464974 0.343750 0.017448 0.013426
0 0.483724 0.344676 0.017448 0.013426
0 0.500391 0.344676 0.017448 0.013426
0 0.500130 0.357176 0.017448 0.013426
0 0.483984 0.356713 0.017448 0.013426
0 0.465495 0.355787 0.017448 0.013426
0 0.448828 0.355324 0.017448 0.013426
0 0.448307 0.367824 0.017448 0.013426
0 0.464453 0.367824 0.017448 0.013426
0 0.482943 0.368750 0.017448 0.013426
0 0.499609 0.369213 0.017448 0.013426
0 0.498828 0.381250 0.017448 0.013426
0 0.482943 0.381250 0.017448 0.013426
0 0.464453 0.380324 0.017448 0.013426
0 0.447786 0.379861 0.017448 0.013426
0 0.447526 0.392361 0.017448 0.013426
0 0.463932 0.392824 0.017448 0.013426
0 0.483203 0.393287 0.017448 0.013426
0 0.499089 0.394213 0.017448 0.013426
0 0.498828 0.406250 0.017448 0.013426
0 0.482422 0.405787 0.017448 0.013426
0 0.463411 0.404861 0.017448 0.013426
0 0.447526 0.404398 0.017448 0.013426
0 0.446745 0.417361 0.017448 0.013426
0 0.463672 0.417361 0.017448 0.013426
0 0.481901 0.419213 0.017448 0.013426
0 0.498568 0.419676 0.017448 0.013426
0 0.498568 0.432639 0.017448 0.013426
0 0.482161 0.431250 0.017448 0.013426
0 0.463151 0.430787 0.017448 0.013426
0 0.446224 0.430324 0.017448 0.013426
0 0.445964 0.442824 0.017448 0.013426
0 0.462891 0.443750 0.017448 0.013426
0 0.481641 0.444213 0.017448 0.013426
0 0.498307 0.445139 0.017448 0.013426
0 0.498047 0.457639 0.017448 0.013426
0 0.481641 0.457639 0.017448 0.013426
0 0.462630 0.456713 0.017448 0.013426
0 0.445964 0.455787 0.017448 0.013426
0 0.445443 0.468750 0.017448 0.013426
0 0.444401 0.482639 0.017448 0.013426
0 0.443880 0.495602 0.017448 0.013426
0 0.461849 0.495602 0.017448 0.013426
0 0.461849 0.483102 0.017448 0.013426
0 0.462109 0.469676 0.017448 0.013426
0 0.481380 0.471065 0.017448 0.013426
0 0.481120 0.484028 0.017448 0.013426
0 0.480859 0.496991 0.017448 0.013426
0 0.498047 0.471528 0.017448 0.013426
0 0.497786 0.484028 0.017448 0.013426
0 0.497786 0.496991 0.017448 0.013426
0 0.522005 0.310417 0.017448 0.013426
0 0.522266 0.321528 0.017448 0.013426
0 0.521745 0.333565 0.017448 0.013426
0 0.539453 0.334028 0.017448 0.013426
0 0.539453 0.346065 0.017448 0.013426
0 0.522266 0.346065 0.017448 0.013426
0 0.522266 0.358102 0.017448 0.013426
0 0.538932 0.358102 0.017448 0.013426
0 0.538932 0.369676 0.017448 0.013426
0 0.521745 0.370602 0.017448 0.013426
0 0.522005 0.383102 0.017448 0.013426
0 0.538932 0.383102 0.017448 0.013426
0 0.539193 0.395602 0.017448 0.013426
0 0.521484 0.395139 0.017448 0.013426
0 0.521484 0.408102 0.017448 0.013426
0 0.538672 0.408102 0.017448 0.013426
0 0.538672 0.421528 0.017448 0.013426
0 0.521484 0.420602 0.017448 0.013426
0 0.521224 0.433565 0.017448 0.013426
0 0.539453 0.433102 0.017448 0.013426
0 0.539193 0.446065 0.017448 0.013426
0 0.521484 0.445602 0.017448 0.013426
0 0.520964 0.458565 0.017448 0.013426
0 0.538932 0.459491 0.017448 0.013426
0 0.538932 0.471991 0.017448 0.013426
0 0.521484 0.471991 0.017448 0.013426
0 0.520964 0.484954 0.017448 0.013426
0 0.539193 0.485880 0.017448 0.013426
0 0.539193 0.498843 0.017448 0.013426
0 0.520964 0.497917 0.017448 0.013426
0 0.562370 0.498843 0.017448 0.013426
0 0.579036 0.499769 0.017448 0.013426
0 0.596224 0.500231 0.017448 0.013426
0 0.595964 0.485880 0.017448 0.013426
0 0.578776 0.486806 0.017448 0.013426
0 0.561849 0.485880 0.017448 0.013426
0 0.561328 0.472917 0.017448 0.013426
0 0.578516 0.472917 0.017448 0.013426
0 0.595703 0.472917 0.017448 0.013426
0 0.595443 0.459491 0.017448 0.013426
0 0.578255 0.459954 0.017448 0.013426
0 0.561589 0.459491 0.017448 0.013426
0 0.561328 0.446528 0.017448 0.013426
0 0.578255 0.446528 0.017448 0.013426
0 0.594922 0.446528 0.017448 0.013426
0 0.594401 0.433565 0.017448 0.013426
0 0.577995 0.433565 0.017448 0.013426
0 0.561068 0.433565 0.017448 0.013426
0 0.561068 0.420602 0.017448 0.013426
0 0.577474 0.420602 0.017448 0.013426
0 0.594141 0.420602 0.017448 0.013426
0 0.594141 0.408565 0.017448 0.013426
0 0.577214 0.408565 0.017448 0.013426
0 0.561068 0.407639 0.017448 0.013426
0 0.561068 0.395602 0.017448 0.013426
0 0.577734 0.395602 0.017448 0.013426
0 0.593880 0.395602 0.017448 0.013426
0 0.593620 0.383565 0.017448 0.013426
0 0.576953 0.383565 0.017448 0.013426
0 0.561328 0.383565 0.017448 0.013426
0 0.560286 0.370602 0.017448 0.013426
0 0.577214 0.371065 0.017448 0.013426
0 0.593359 0.371065 0.017448 0.013426
0 0.593099 0.358565 0.017448 0.013426
0 0.576693 0.358102 0.017448 0.013426
0 0.560026 0.358102 0.017448 0.013426
0 0.560286 0.346528 0.017448 0.013426
0 0.576172 0.346528 0.017448 0.013426
0 0.592578 0.346065 0.017448 0.013426
0 0.560286 0.334028 0.017448 0.013426
0 0.576432 0.333565 0.017448 0.013426
0 0.592578 0.334954 0.017448 0.013426
0 0.575651 0.321991 0.017448 0.013426
0 0.560286 0.321991 0.017448 0.013426
0 0.560286 0.310417 0.017448 0.013426
0 0.575911 0.310417 0.017448 0.013426
0 0.560026 0.298380 0.017448 0.013426
0 0.575651 0.297917 0.017448 0.013426
0 0.591797 0.298843 0.017448 0.013426
0 0.591536 0.287269 0.017448 0.013426
0 0.575651 0.286806 0.017448 0.013426
0 0.559766 0.286343 0.017448 0.013426
0 0.560026 0.274769 0.017448 0.013426
0 0.575911 0.275231 0.017448 0.013426
0 0.591797 0.275231 0.017448 0.013426
0 0.591016 0.264120 0.017448 0.013426
0 0.575391 0.264120 0.017448 0.013426
0 0.560026 0.263657 0.017448 0.013426
0 0.559766 0.252083 0.017448 0.013426
0 0.575651 0.253009 0.017448 0.013426
0 0.590495 0.252083 0.017448 0.013426
0 0.590234 0.240972 0.017448 0.013426
0 0.574349 0.240509 0.017448 0.013426
0 0.559505 0.240509 0.017448 0.013426
0 0.559245 0.229398 0.017448 0.013426
0 0.574349 0.229398 0.017448 0.013426
0 0.590234 0.229861 0.017448 0.013426
0 0.589453 0.218750 0.017448 0.013426
0 0.574870 0.217824 0.017448 0.013426
0 0.558724 0.217824 0.017448 0.013426
0 0.608333 0.217593 0.016146 0.013889
0 0.623698 0.218519 0.016146 0.013889
0 0.623698 0.229630 0.016146 0.013889
0 0.608854 0.229630 0.016146 0.013889
0 0.609115 0.241204 0.016146 0.013889
0 0.624479 0.241667 0.016146 0.013889
0 0.625000 0.252315 0.016146 0.013889
0 0.609115 0.252778 0.016146 0.013889
0 0.609635 0.263889 0.016146 0.013889
0 0.625000 0.263889 0.016146 0.013889
0 0.625260 0.275463 0.016146 0.013889
0 0.609896 0.275463 0.016146 0.013889
0 0.610417 0.287037 0.016146 0.013889
0 0.626042 0.287500 0.016146 0.013889
0 0.626302 0.299537 0.016146 0.013889
0 0.610677 0.299074 0.016146 0.013889
0 0.611198 0.310648 0.016146 0.013889
0 0.627083 0.311111 0.016146 0.013889
0 0.627344 0.322222 0.016146 0.013889
0 0.611458 0.322685 0.016146 0.013889
0 0.611458 0.334259 0.016146 0.013889
0 0.627865 0.334722 0.016146 0.013889
0 0.628125 0.346759 0.016146 0.013889
0 0.611719 0.347222 0.016146 0.013889
0 0.612240 0.358796 0.016146 0.013889
0 0.628646 0.359259 0.016146 0.013889
0 0.628906 0.370833 0.016146 0.013889
0 0.612760 0.370833 0.016146 0.013889
0 0.613021 0.383333 0.016146 0.013889
0 0.629167 0.383333 0.016146 0.013889
0 0.629948 0.396296 0.016146 0.013889
0 0.613542 0.396296 0.016146 0.013889
0 0.613802 0.408796 0.016146 0.013889
0 0.630599 0.409028 0.016927 0.013426
0 0.630859 0.421528 0.016927 0.013426
0 0.614193 0.421065 0.016927 0.013426
0 0.614193 0.434491 0.016927 0.013426
0 0.631120 0.434491 0.016927 0.013426
0 0.631901 0.447454 0.016927 0.013426
0 0.614714 0.447454 0.016927 0.013426
0 0.615234 0.460417 0.016927 0.013426
0 0.632161 0.460417 0.016927 0.013426
0 0.632682 0.474306 0.016927 0.013426
0 0.615755 0.473843 0.016927 0.013426
0 0.616016 0.487269 0.016927 0.013426
0 0.633203 0.487963 0.017448 0.013889
0 0.633724 0.500926 0.017448 0.013889
0 0.616276 0.500000 0.017448 0.013889
0 0.655729 0.539352 0.018750 0.014815
0 0.672917 0.539352 0.018750 0.014815
0 0.694792 0.541204 0.018750 0.014815
0 0.693750 0.525926 0.018750 0.014815
0 0.672396 0.525463 0.018750 0.014815
0 0.654948 0.525463 0.018750 0.014815
0 0.654167 0.511574 0.018750 0.014815
0 0.671875 0.512037 0.018750 0.014815
0 0.693229 0.512500 0.018750 0.014815
0 0.692187 0.499074 0.018750 0.014815
0 0.670573 0.498611 0.018750 0.014815
0 0.653125 0.498148 0.018750 0.014815
0 0.653385 0.484722 0.018750 0.014815
0 0.670052 0.485648 0.018750 0.014815
0 0.691146 0.485648 0.018750 0.014815
0 0.690625 0.471296 0.018750 0.014815
0 0.669792 0.471759 0.018750 0.014815
0 0.652344 0.471296 0.018750 0.014815
0 0.651563 0.457870 0.018750 0.014815
0 0.668490 0.458333 0.018750 0.014815
0 0.689323 0.458796 0.018750 0.014815
0 0.688542 0.445370 0.018750 0.014815
0 0.667969 0.445370 0.018750 0.014815
0 0.651042 0.444907 0.018750 0.014815
0 0.650260 0.432407 0.018750 0.014815
0 0.667188 0.431944 0.018750 0.014815
0 0.686979 0.432407 0.018750 0.014815
0 0.686979 0.419444 0.018750 0.014815
0 0.666406 0.419444 0.018750 0.014815
0 0.649740 0.418981 0.018750 0.014815
0 0.649479 0.406481 0.018750 0.014815
0 0.665885 0.406481 0.018750 0.014815
0 0.686198 0.406481 0.018750 0.014815
0 0.685677 0.393981 0.018750 0.014815
0 0.665625 0.393519 0.018750 0.014815
0 0.648698 0.393981 0.018750 0.014815
0 0.648438 0.381019 0.018750 0.014815
0 0.664583 0.381019 0.018750 0.014815
0 0.684375 0.381481 0.018750 0.014815
0 0.683854 0.368981 0.018750 0.014815
0 0.664062 0.368981 0.018750 0.014815
0 0.647656 0.368519 0.018750 0.014815
0 0.647396 0.356019 0.018750 0.014815
0 0.664062 0.355556 0.017708 0.014815
0 0.682552 0.356481 0.017708 0.014815
0 0.682031 0.344907 0.017708 0.014815
0 0.662760 0.343981 0.017708 0.014815
0 0.646875 0.344444 0.017708 0.014815
0 0.645833 0.331944 0.017708 0.014815
0 0.662240 0.331944 0.017708 0.014815
0 0.681510 0.332407 0.017708 0.014815
0 0.680469 0.320370 0.017708 0.014815
0 0.661719 0.320370 0.017708 0.014815
0 0.645052 0.320370 0.017708 0.014815
0 0.645052 0.307870 0.017708 0.014815
0 0.661458 0.308333 0.017708 0.014815
0 0.679688 0.307870 0.017708 0.014815
0 0.678646 0.296759 0.017708 0.014815
0 0.660417 0.296296 0.017708 0.014815
0 0.644792 0.295833 0.017708 0.014815
0 0.644271 0.284722 0.017708 0.014815
0 0.660156 0.284722 0.017708 0.014815
0 0.678385 0.285185 0.017708 0.014815
0 0.677604 0.274537 0.017708 0.014815
0 0.659375 0.272685 0.017708 0.014815
0 0.643490 0.272685 0.017708 0.014815
0 0.643490 0.260648 0.017708 0.014815
0 0.659115 0.261574 0.017708 0.014815
0 0.676823 0.261574 0.017708 0.014815
0 0.675781 0.250463 0.017708 0.014815
0 0.658594 0.250000 0.017708 0.014815
0 0.643490 0.249537 0.017708 0.014815
0 0.642708 0.238426 0.017708 0.014815
0 0.658333 0.238426 0.017708 0.014815
0 0.675521 0.238889 0.017708 0.014815
0 0.674219 0.227315 0.017708 0.014815
0 0.657813 0.227315 0.017708 0.014815
0 0.642448 0.226852 0.017708 0.014815
0 0.282682 0.276620 0.015885 0.011574
0 0.298047 0.277546 0.015885 0.011574
0 0.283984 0.265046 0.015885 0.011574
0 0.299349 0.265972 0.015885 0.011574
0 0.300130 0.254398 0.015885 0.011574
0 0.284766 0.253935 0.015885 0.011574
0 0.285938 0.242824 0.016146 0.011574
0 0.301302 0.243287 0.016146 0.011574
0 0.302344 0.231250 0.016146 0.011574
0 0.286979 0.232176 0.016146 0.011574
0 0.288021 0.220602 0.016146 0.011574
0 0.303646 0.220602 0.016146 0.011574
0 0.304688 0.209491 0.016146 0.011574
0 0.289062 0.209491 0.016146 0.011574
0 0.290365 0.198843 0.016146 0.011574
0 0.305208 0.198843 0.016146 0.011574
0 0.306510 0.188194 0.016146 0.011574
0 0.291667 0.187731 0.016146 0.011574
0 0.291667 0.173843 0.016146 0.011574
0 0.307552 0.174769 0.016146 0.011574
0 0.308594 0.163657 0.016146 0.011574
0 0.292969 0.163194 0.016146 0.011574
0 0.294141 0.152083 0.016927 0.010648
0 0.309635 0.152778 0.016667 0.011111
0 0.327604 0.153241 0.016667 0.011111
0 0.343490 0.153241 0.016667 0.011111
0 0.342708 0.164815 0.016667 0.011111
0 0.326823 0.164352 0.016667 0.011111
0 0.325521 0.175463 0.016667 0.011111
0 0.341667 0.175463 0.016667 0.011111
0 0.339844 0.188889 0.016667 0.011111
0 0.324740 0.188426 0.016667 0.011111
0 0.323177 0.199537 0.016667 0.011111
0 0.338802 0.200000 0.016667 0.011111
0 0.337760 0.210648 0.016667 0.011111
0 0.322656 0.210185 0.016667 0.011111
0 0.321615 0.221759 0.016667 0.011111
0 0.336979 0.221296 0.016667 0.011111
0 0.336198 0.233796 0.016667 0.011111
0 0.320833 0.232407 0.016667 0.011111
0 0.319792 0.243519 0.016667 0.011111
0 0.335417 0.243981 0.016667 0.011111
0 0.334505 0.255556 0.016406 0.012963
0 0.318880 0.255556 0.016406 0.012963
0 0.318099 0.266204 0.016406 0.012963
0 0.333464 0.266667 0.016406 0.012963
0 0.332682 0.278704 0.016406 0.012963
0 0.316797 0.278241 0.016406 0.012963
0 0.351432 0.279167 0.016406 0.012963
0 0.367318 0.279630 0.016406 0.012963
0 0.367578 0.268519 0.016406 0.012963
0 0.352214 0.267593 0.016406 0.012963
0 0.352995 0.256481 0.016406 0.012963
0 0.368359 0.257407 0.016406 0.012963
0 0.369661 0.245370 0.016406 0.012963
0 0.354036 0.244907 0.016406 0.012963
0 0.354557 0.233796 0.016406 0.012963
0 0.370182 0.234259 0.016406 0.012963
0 0.370443 0.223148 0.016406 0.012963
0 0.355599 0.222222 0.016406 0.012963
0 0.356380 0.211574 0.016406 0.012963
0 0.372005 0.211574 0.016406 0.012963
0 0.372266 0.201852 0.016406 0.012963
0 0.357161 0.200926 0.016406 0.012963
0 0.357943 0.189815 0.016406 0.012963
0 0.373047 0.190741 0.016406 0.012963
0 0.373307 0.176852 0.016406 0.012963
0 0.357682 0.176389 0.016406 0.012963
0 0.358203 0.165278 0.016406 0.012963
0 0.374089 0.166204 0.016406 0.012963
0 0.374870 0.155093 0.016406 0.012963
0 0.358984 0.154167 0.016406 0.012963
0 0.390495 0.155556 0.016406 0.012963
0 0.390234 0.166204 0.016406 0.012963
0 0.389714 0.177315 0.016406 0.012963
0 0.405339 0.177315 0.016406 0.012963
0 0.405859 0.166667 0.016406 0.012963
0 0.406380 0.156019 0.016406 0.012963
0 0.422266 0.156481 0.016406 0.012963
0 0.421745 0.167130 0.016406 0.012963
0 0.421224 0.177778 0.016406 0.012963
0 0.437109 0.178704 0.016406 0.012963
0 0.437370 0.167130 0.016406 0.012963
0 0.438151 0.156944 0.016406 0.012963
0 0.453776 0.157407 0.016406 0.012963
0 0.453255 0.168519 0.016406 0.012963
0 0.453255 0.179630 0.016406 0.012963
0 0.469141 0.180093 0.016406 0.012963
0 0.469661 0.168519 0.016406 0.012963
0 0.469922 0.157870 0.016406 0.012963
0 0.487370 0.158796 0.016406 0.012963
0 0.502995 0.159259 0.016406 0.012963
0 0.502995 0.169907 0.016406 0.012963
0 0.487109 0.170370 0.016406 0.012963
0 0.486328 0.181481 0.016406 0.012963
0 0.502734 0.181481 0.016406 0.012963
0 0.522005 0.180556 0.016406 0.012963
0 0.538151 0.181944 0.016406 0.012963
0 0.538151 0.170370 0.016406 0.012963
0 0.522005 0.170370 0.016406 0.012963
0 0.522266 0.158796 0.016406 0.012963
0 0.538151 0.159722 0.016406 0.012963
0 0.390234 0.191204 0.016406 0.012963
0 0.389714 0.201389 0.016406 0.012963
0 0.389193 0.212963 0.016406 0.012963
0 0.388672 0.223611 0.016406 0.012963
0 0.388151 0.235185 0.016406 0.012963
0 0.387630 0.246296 0.016406 0.012963
0 0.387109 0.258333 0.016406 0.012963
0 0.386328 0.269444 0.016406 0.012963
0 0.385807 0.281019 0.016406 0.012963
0 0.401172 0.281481 0.016406 0.012963
0 0.401953 0.269907 0.016406 0.012963
0 0.402214 0.258333 0.016406 0.012963
0 0.402734 0.247222 0.016406 0.012963
0 0.403516 0.235648 0.016406 0.012963
0 0.404297 0.225000 0.016406 0.012963
0 0.404557 0.213426 0.016406 0.012963
0 0.405339 0.202315 0.016406 0.012963
0 0.405599 0.191667 0.016406 0.012963
0 0.420964 0.192130 0.016406 0.012963
0 0.420703 0.203241 0.016406 0.012963
0 0.420182 0.213889 0.016406 0.012963
0 0.419922 0.225000 0.016406 0.012963
0 0.419141 0.236574 0.016406 0.012963
0 0.418620 0.247685 0.016406 0.012963
0 0.418359 0.259259 0.016406 0.012963
0 0.417578 0.270833 0.016406 0.012963
0 0.417318 0.281944 0.016406 0.012963
0 0.432943 0.282870 0.016406 0.012963
0 0.433464 0.270833 0.016406 0.012963
0 0.433464 0.259722 0.016406 0.012963
0 0.434505 0.248611 0.016406 0.012963
0 0.434505 0.237500 0.016406 0.012963
0 0.435026 0.225463 0.016406 0.012963
0 0.435547 0.214815 0.016406 0.012963
0 0.436068 0.203704 0.016406 0.012963
0 0.436068 0.192130 0.016406 0.012963
0 0.453776 0.193519 0.016406 0.012963
0 0.453516 0.204630 0.016406 0.012963
0 0.453255 0.215741 0.016406 0.012963
0 0.452474 0.226389 0.016406 0.012963
0 0.452474 0.237500 0.016406 0.012963
0 0.451953 0.248611 0.016406 0.012963
0 0.451172 0.260648 0.016406 0.012963
0 0.451172 0.271759 0.016406 0.012963
0 0.450911 0.282870 0.016406 0.012963
0 0.466797 0.283796 0.016406 0.012963
0 0.466797 0.272685 0.016406 0.012963
0 0.467318 0.261574 0.016406 0.012963
0 0.467578 0.249537 0.016406 0.012963
0 0.467578 0.238889 0.016406 0.012963
0 0.468099 0.227315 0.016406 0.012963
0 0.468620 0.215741 0.016406 0.012963
0 0.468620 0.204630 0.016406 0.012963
0 0.469401 0.193981 0.016406 0.012963
0 0.487109 0.193981 0.015885 0.011111
0 0.486589 0.205556 0.015885 0.011111
0 0.486328 0.216204 0.015885 0.011111
0 0.486068 0.227778 0.015885 0.011111
0 0.485807 0.238657 0.015365 0.012500
0 0.485807 0.250231 0.015365 0.012500
0 0.485807 0.261806 0.015365 0.012500
0 0.485026 0.273380 0.015365 0.012500
0 0.485026 0.285417 0.015365 0.012500
0 0.500651 0.285417 0.015365 0.012500
0 0.500911 0.273380 0.015365 0.012500
0 0.500651 0.262269 0.015365 0.012500
0 0.501432 0.250694 0.015365 0.012500
0 0.501432 0.239583 0.015365 0.012500
0 0.501693 0.228009 0.015365 0.012500
0 0.501693 0.217361 0.015365 0.012500
0 0.501953 0.206713 0.015365 0.012500
0 0.502474 0.195139 0.015365 0.012500
0 0.523307 0.195602 0.015365 0.012500
0 0.523047 0.206250 0.015365 0.012500
0 0.522526 0.217824 0.015365 0.012500
0 0.522786 0.228935 0.015365 0.012500
0 0.522786 0.239583 0.015365 0.012500
0 0.522526 0.252083 0.015365 0.012500
0 0.522526 0.262731 0.015365 0.012500
0 0.522526 0.274306 0.015365 0.012500
0 0.522266 0.286343 0.015365 0.012500
0 0.538932 0.286806 0.015365 0.012500
0 0.539453 0.274306 0.015365 0.012500
0 0.538932 0.262731 0.015365 0.012500
0 0.538932 0.252083 0.015365 0.012500
0 0.539193 0.240509 0.015365 0.012500
0 0.539193 0.228935 0.015365 0.012500
0 0.538672 0.218287 0.015365 0.012500
0 0.539453 0.206713 0.015365 0.012500
0 0.539453 0.196065 0.015365 0.012500
