0 0.323307 0.222222 0.008594 0.023148
0 0.330859 0.221296 0.008594 0.023148
0 0.338151 0.219907 0.008594 0.023148
0 0.346224 0.218519 0.008594 0.023148
0 0.353255 0.217130 0.008594 0.023148
0 0.361068 0.216204 0.008594 0.023148
0 0.368620 0.214815 0.008594 0.023148
0 0.376432 0.213426 0.008594 0.023148
0 0.383984 0.212037 0.008594 0.023148
0 0.382943 0.235185 0.008594 0.023148
0 0.375130 0.236111 0.008594 0.023148
0 0.367839 0.237500 0.008594 0.023148
0 0.360026 0.238889 0.008594 0.023148
0 0.351953 0.239815 0.008594 0.023148
0 0.344141 0.240741 0.008594 0.023148
0 0.337109 0.242130 0.008594 0.023148
0 0.329036 0.243519 0.008594 0.023148
0 0.321745 0.244444 0.008594 0.023148
0 0.319922 0.270370 0.008594 0.023148
0 0.327474 0.268981 0.008594 0.023148
0 0.335286 0.268056 0.008594 0.023148
0 0.342839 0.267130 0.008594 0.023148
0 0.350651 0.266667 0.008594 0.023148
0 0.358464 0.265278 0.008594 0.023148
0 0.366536 0.263889 0.008594 0.023148
0 0.374349 0.262963 0.008594 0.023148
0 0.381901 0.262037 0.008594 0.023148
0 0.380859 0.285185 0.008594 0.023148
0 0.373307 0.286574 0.008594 0.023148
0 0.365234 0.287500 0.008594 0.023148
0 0.357422 0.287963 0.008594 0.023148
0 0.349349 0.289352 0.008594 0.023148
0 0.341536 0.290741 0.008594 0.023148
0 0.333724 0.291667 0.008594 0.023148
0 0.326172 0.292593 0.008594 0.023148
0 0.318359 0.293981 0.008594 0.023148
0 0.316797 0.319907 0.008594 0.023148
0 0.324349 0.319213 0.009115 0.024537
0 0.332161 0.317824 0.009115 0.024537
0 0.339974 0.316898 0.009115 0.024537
0 0.348047 0.315972 0.009115 0.024537
0 0.356120 0.315046 0.009115 0.024537
0 0.363932 0.314120 0.009115 0.024537
0 0.372266 0.313194 0.009115 0.024537
0 0.379818 0.311343 0.009115 0.024537
0 0.378906 0.336343 0.008854 0.025463
0 0.370964 0.337269 0.009115 0.025463
0 0.362760 0.338657 0.009375 0.026389
0 0.354687 0.340046 0.009375 0.026389
0 0.346615 0.340046 0.009375 0.026389
0 0.338802 0.341435 0.009375 0.026389
0 0.330469 0.342361 0.009375 0.026389
0 0.322656 0.344213 0.009375 0.026389
0 0.314583 0.345139 0.009375 0.026389
0 0.313021 0.372685 0.009375 0.025000
0 0.320703 0.371759 0.010156 0.025926
0 0.329036 0.370833 0.010156 0.025926
0 0.336849 0.369907 0.010156 0.025926
0 0.344922 0.369444 0.010156 0.025926
0 0.352995 0.368056 0.010156 0.025926
0 0.361068 0.366667 0.010156 0.025926
0 0.369401 0.366204 0.010156 0.025926
0 0.377734 0.364815 0.010156 0.025926
0 0.376432 0.389815 0.010156 0.025926
0 0.368620 0.391667 0.010156 0.025926
0 0.360026 0.391667 0.010156 0.025926
0 0.351953 0.392593 0.010156 0.025926
0 0.343620 0.393056 0.010156 0.025926
0 0.335547 0.394444 0.010156 0.025926
0 0.327474 0.395833 0.010156 0.025926
0 0.319141 0.396296 0.010156 0.025926
0 0.311068 0.397685 0.009635 0.026852
0 0.309245 0.426389 0.009635 0.026852
0 0.317448 0.425926 0.009896 0.025926
0 0.325521 0.425000 0.009896 0.025926
0 0.333854 0.424074 0.009896 0.025926
0 0.341927 0.423380 0.009896 0.026389
0 0.350260 0.421991 0.009896 0.026389
0 0.358594 0.421065 0.009896 0.026389
0 0.366927 0.420139 0.009896 0.026389
0 0.375260 0.419213 0.009896 0.026389
0 0.373958 0.445602 0.009896 0.026389
0 0.365885 0.445602 0.009896 0.026389
0 0.357292 0.446991 0.009896 0.026389
0 0.348698 0.448380 0.009896 0.026389
0 0.340625 0.448843 0.009896 0.026389
0 0.504557 0.609028 0.010156 0.028241
0 0.323958 0.451157 0.009896 0.026389
0 0.315625 0.452083 0.009896 0.026389
0 0.307552 0.452546 0.009896 0.026389
0 0.305469 0.480093 0.010417 0.027778
0 0.314063 0.479167 0.010417 0.027778
0 0.322396 0.478704 0.010417 0.027778
0 0.330729 0.478241 0.010417 0.027778
0 0.344531 0.469907 0.009896 0.026852
0 0.353125 0.468519 0.009896 0.027778
0 0.361719 0.468056 0.009896 0.027778
0 0.369792 0.467130 0.009896 0.027778
0 0.369010 0.494444 0.009896 0.027778
0 0.360417 0.495833 0.009896 0.027778
0 0.351432 0.496296 0.010156 0.027778
0 0.342839 0.497222 0.010156 0.027778
0 0.328646 0.505324 0.010417 0.029167
0 0.320312 0.506713 0.010417 0.029167
0 0.311979 0.507176 0.010417 0.029167
0 0.303646 0.508102 0.010417 0.029167
0 0.301563 0.535417 0.010417 0.029167
0 0.309896 0.535417 0.010417 0.029167
0 0.318490 0.534028 0.010417 0.029167
0 0.327344 0.533565 0.010417 0.029167
0 0.341406 0.525231 0.010417 0.029167
0 0.350260 0.524306 0.010417 0.029167
0 0.358854 0.523380 0.010417 0.029167
0 0.367448 0.521991 0.010417 0.029167
0 0.368490 0.565046 0.010417 0.029167
0 0.359375 0.566435 0.010417 0.029167
0 0.350781 0.567361 0.010417 0.029167
0 0.342187 0.568750 0.010417 0.029167
0 0.333073 0.569676 0.010417 0.029167
0 0.324479 0.570602 0.010417 0.029167
0 0.315885 0.571528 0.010417 0.029167
0 0.307552 0.571991 0.010417 0.029167
0 0.298698 0.572917 0.010417 0.029167
0 0.296354 0.606019 0.010417 0.029630
0 0.304818 0.605556 0.010677 0.030556
0 0.313672 0.604630 0.010677 0.030556
0 0.322526 0.604167 0.010677 0.030556
0 0.331380 0.602778 0.010677 0.030556
0 0.340234 0.602315 0.010677 0.030556
0 0.348828 0.601852 0.010677 0.030556
0 0.357943 0.600463 0.010677 0.030556
0 0.366536 0.599537 0.010677 0.030556
0 0.365495 0.629630 0.010677 0.030556
0 0.356380 0.630093 0.010677 0.030556
0 0.347266 0.630556 0.010677 0.030556
0 0.338151 0.631944 0.010677 0.030556
0 0.329557 0.632870 0.010677 0.030556
0 0.320443 0.633796 0.010677 0.030556
0 0.311849 0.633796 0.010677 0.030556
0 0.302995 0.635648 0.010677 0.030556
0 0.294401 0.635185 0.010677 0.030556
0 0.292057 0.670833 0.010677 0.030556
0 0.300651 0.670370 0.010677 0.030556
0 0.309505 0.669444 0.010677 0.030556
0 0.318359 0.668519 0.010677 0.030556
0 0.327214 0.667593 0.010677 0.030556
0 0.336458 0.666667 0.010937 0.032407
0 0.345313 0.666204 0.010937 0.032407
0 0.354427 0.665741 0.010937 0.032407
0 0.363542 0.664815 0.010937 0.032407
0 0.362240 0.695370 0.010937 0.032407
0 0.352865 0.696296 0.010937 0.032407
0 0.343490 0.697222 0.010937 0.032407
0 0.334375 0.698611 0.010937 0.032407
0 0.325260 0.699537 0.010937 0.032407
0 0.316146 0.699537 0.010937 0.032407
0 0.307292 0.700926 0.010937 0.032407
0 0.298698 0.701852 0.010937 0.032407
0 0.289583 0.701852 0.010937 0.032407
0 0.286719 0.740278 0.010937 0.032407
0 0.295573 0.740278 0.010937 0.032407
0 0.304948 0.738889 0.010937 0.032407
0 0.313802 0.738426 0.010937 0.032407
0 0.323177 0.738426 0.010937 0.032407
0 0.332292 0.737037 0.010937 0.032407
0 0.341406 0.736574 0.010937 0.032407
0 0.350781 0.735648 0.010937 0.032407
0 0.360156 0.734722 0.010937 0.032407
0 0.358203 0.767824 0.011198 0.033796
0 0.348828 0.768750 0.011198 0.033796
0 0.339974 0.768287 0.011198 0.033796
0 0.330339 0.770139 0.011198 0.033796
0 0.321224 0.770602 0.011198 0.033796
0 0.312109 0.771065 0.011198 0.033796
0 0.302474 0.771065 0.011198 0.033796
0 0.293620 0.771991 0.011198 0.033796
0 0.284505 0.773380 0.011198 0.033796
0 0.281771 0.809954 0.011458 0.032870
0 0.290885 0.809259 0.011458 0.033333
0 0.300000 0.808796 0.011458 0.033333
0 0.309375 0.808333 0.011458 0.033333
0 0.318490 0.807407 0.011458 0.033333
0 0.327604 0.806481 0.011458 0.033333
0 0.337109 0.806713 0.011719 0.034722
0 0.346224 0.805787 0.011719 0.034722
0 0.355469 0.805556 0.010937 0.034259
0 0.354167 0.839352 0.010937 0.034259
0 0.344792 0.839815 0.010937 0.034259
0 0.335156 0.840278 0.010937 0.034259
0 0.325781 0.840741 0.010937 0.034259
0 0.316406 0.841667 0.010937 0.034259
0 0.307031 0.841667 0.011458 0.035185
0 0.297917 0.843056 0.011458 0.035185
0 0.288542 0.843519 0.011458 0.035185
0 0.279167 0.843750 0.011458 0.033796
0 0.395182 0.210648 0.008594 0.023148
0 0.403255 0.209722 0.008594 0.023148
0 0.410807 0.208796 0.008594 0.023148
0 0.418359 0.207639 0.009115 0.024537
0 0.426172 0.206713 0.009115 0.024537
0 0.433984 0.205787 0.009115 0.024537
0 0.441797 0.204398 0.009115 0.024537
0 0.449349 0.203009 0.009115 0.024537
0 0.457422 0.201620 0.009115 0.024537
0 0.465234 0.200694 0.009115 0.024537
0 0.473047 0.199306 0.009115 0.024537
0 0.481120 0.197917 0.009115 0.024537
0 0.489193 0.196065 0.009115 0.024537
0 0.498828 0.194676 0.009115 0.024537
0 0.506901 0.193750 0.009115 0.024537
0 0.506901 0.217130 0.009115 0.025926
0 0.498568 0.218519 0.009115 0.025926
0 0.489193 0.219444 0.009115 0.025926
0 0.480859 0.221296 0.009115 0.025926
0 0.473047 0.222222 0.009115 0.025926
0 0.465495 0.223611 0.009115 0.025926
0 0.457422 0.225000 0.009115 0.025926
0 0.449089 0.225926 0.009115 0.025926
0 0.441276 0.226852 0.009115 0.025926
0 0.433464 0.228241 0.009115 0.025926
0 0.425651 0.229167 0.009115 0.025926
0 0.417578 0.230556 0.009115 0.025926
0 0.409766 0.231019 0.009115 0.025926
0 0.401953 0.232870 0.009115 0.025926
0 0.394661 0.234259 0.009115 0.025926
0 0.393620 0.260648 0.009115 0.025926
0 0.401172 0.259722 0.009115 0.025926
0 0.409505 0.258333 0.009115 0.025926
0 0.416797 0.256944 0.009115 0.025926
0 0.425130 0.256019 0.009115 0.025926
0 0.432682 0.255093 0.009115 0.025926
0 0.440755 0.254167 0.009115 0.025926
0 0.448568 0.252778 0.009115 0.025926
0 0.456641 0.251389 0.009115 0.025926
0 0.464974 0.250463 0.009115 0.025926
0 0.472786 0.249537 0.009115 0.025926
0 0.480599 0.248148 0.009115 0.025926
0 0.489193 0.246296 0.009115 0.025926
0 0.498828 0.244444 0.009115 0.025926
0 0.507161 0.243056 0.009115 0.025926
0 0.488672 0.270370 0.009115 0.025926
0 0.480339 0.271296 0.009115 0.025926
0 0.472526 0.273148 0.009115 0.025926
0 0.464453 0.274537 0.009115 0.025926
0 0.456380 0.275000 0.009115 0.025926
0 0.448568 0.276389 0.009115 0.025926
0 0.440234 0.277778 0.009115 0.025926
0 0.432422 0.278704 0.009115 0.025926
0 0.424349 0.279630 0.009115 0.025926
0 0.416536 0.281019 0.009115 0.025926
0 0.408203 0.282870 0.009115 0.025926
0 0.400651 0.283333 0.009115 0.025926
0 0.392839 0.284259 0.009115 0.025926
0 0.391536 0.310185 0.009115 0.025926
0 0.399609 0.309259 0.009115 0.025926
0 0.407422 0.308333 0.009115 0.025926
0 0.415234 0.307407 0.009115 0.025926
0 0.423568 0.306019 0.009115 0.025926
0 0.431641 0.305556 0.009115 0.025926
0 0.439714 0.304167 0.009115 0.025926
0 0.447526 0.303704 0.009115 0.025926
0 0.456120 0.301852 0.009115 0.025926
0 0.464193 0.301389 0.009115 0.025926
0 0.472266 0.300000 0.009115 0.025926
0 0.480339 0.299074 0.009115 0.025926
0 0.488411 0.297222 0.009115 0.025926
0 0.488151 0.322222 0.009115 0.025926
0 0.480078 0.323611 0.009115 0.025926
0 0.471745 0.324074 0.009115 0.025926
0 0.463672 0.325463 0.009115 0.025926
0 0.455339 0.326852 0.009115 0.025926
0 0.447526 0.327778 0.009115 0.025926
0 0.439453 0.328704 0.009115 0.025926
0 0.431641 0.330093 0.009115 0.025926
0 0.422786 0.331019 0.009115 0.025926
0 0.414974 0.331944 0.009115 0.025926
0 0.406901 0.332870 0.009115 0.025926
0 0.398568 0.333796 0.009115 0.025926
0 0.390234 0.335648 0.009115 0.025926
0 0.389453 0.363426 0.009115 0.025926
0 0.397526 0.362500 0.009115 0.025926
0 0.405599 0.361111 0.009115 0.025926
0 0.413672 0.360648 0.009115 0.025926
0 0.447005 0.356481 0.009115 0.025926
0 0.455078 0.355556 0.009115 0.025926
0 0.463151 0.354167 0.009115 0.025926
0 0.471484 0.352778 0.009115 0.025926
0 0.479557 0.351852 0.009115 0.025926
0 0.488151 0.350463 0.009115 0.025926
0 0.488411 0.375926 0.009115 0.025926
0 0.479818 0.377315 0.009115 0.025926
0 0.471224 0.378704 0.009115 0.025926
0 0.463151 0.379630 0.009115 0.025926
0 0.454557 0.380093 0.009115 0.025926
0 0.446484 0.381481 0.009115 0.025926
0 0.412891 0.385648 0.009115 0.025926
0 0.404818 0.386574 0.009115 0.025926
0 0.396484 0.387500 0.009115 0.025926
0 0.388151 0.388889 0.009115 0.025926
0 0.386849 0.417593 0.009115 0.025926
0 0.395443 0.416667 0.009115 0.025926
0 0.403776 0.415741 0.009115 0.025926
0 0.412109 0.414815 0.009115 0.025926
0 0.420182 0.413426 0.009115 0.025926
0 0.429036 0.412963 0.009635 0.027778
0 0.437109 0.412963 0.009635 0.027778
0 0.445443 0.411574 0.009635 0.027778
0 0.453776 0.410185 0.009635 0.027778
0 0.462109 0.409722 0.009635 0.027778
0 0.470703 0.408333 0.009635 0.027778
0 0.479297 0.407407 0.009635 0.027778
0 0.487370 0.406481 0.009635 0.027778
0 0.487630 0.433333 0.009635 0.027778
0 0.479036 0.433796 0.009635 0.027778
0 0.470182 0.434259 0.009635 0.027778
0 0.461589 0.435648 0.009635 0.027778
0 0.452995 0.437037 0.009635 0.027778
0 0.444922 0.437500 0.009635 0.027778
0 0.436589 0.438889 0.009635 0.027778
0 0.427995 0.438889 0.009635 0.027778
0 0.419661 0.440741 0.009635 0.027778
0 0.411068 0.441204 0.009635 0.027778
0 0.402474 0.442593 0.009635 0.027778
0 0.394141 0.443519 0.009635 0.027778
0 0.385807 0.443981 0.009635 0.027778
0 0.393359 0.475000 0.009635 0.027778
0 0.401432 0.474537 0.009635 0.027778
0 0.410026 0.473611 0.009635 0.027778
0 0.418359 0.472685 0.009635 0.027778
0 0.426953 0.471759 0.009635 0.027778
0 0.435547 0.470833 0.009635 0.027778
0 0.443880 0.469907 0.009635 0.027778
0 0.452474 0.469444 0.009635 0.027778
0 0.461328 0.468056 0.009635 0.027778
0 0.469922 0.467593 0.009635 0.027778
0 0.478516 0.466667 0.009635 0.027778
0 0.487109 0.466204 0.009635 0.027778
0 0.487109 0.492593 0.009635 0.027778
0 0.477995 0.493981 0.009635 0.027778
0 0.469661 0.494907 0.009635 0.027778
0 0.460807 0.495370 0.009635 0.027778
0 0.451953 0.496759 0.009635 0.027778
0 0.443359 0.497222 0.009635 0.027778
0 0.434505 0.498148 0.009635 0.027778
0 0.426172 0.498148 0.009635 0.027778
0 0.417578 0.499537 0.009635 0.027778
0 0.408984 0.500463 0.009635 0.027778
0 0.400391 0.501389 0.009635 0.028704
0 0.391797 0.502778 0.009635 0.028704
0 0.390495 0.534722 0.009635 0.028704
0 0.399089 0.534722 0.009635 0.028704
0 0.407682 0.533333 0.009635 0.028704
0 0.416536 0.532407 0.009635 0.028704
0 0.425391 0.531019 0.009635 0.028704
0 0.433724 0.531019 0.009635 0.028704
0 0.442839 0.529630 0.009635 0.028704
0 0.451432 0.529167 0.009635 0.028704
0 0.460286 0.528241 0.009635 0.028704
0 0.468880 0.527315 0.009635 0.028704
0 0.477995 0.525926 0.009635 0.028704
0 0.486849 0.525926 0.009635 0.028704
0 0.486849 0.554630 0.009635 0.029630
0 0.477214 0.555556 0.009635 0.030556
0 0.468620 0.556481 0.009635 0.030556
0 0.460026 0.556481 0.009635 0.030556
0 0.450651 0.557870 0.009635 0.030556
0 0.442057 0.558796 0.009635 0.030556
0 0.432943 0.560185 0.009635 0.030556
0 0.424089 0.559722 0.009635 0.030556
0 0.415495 0.562037 0.009635 0.030556
0 0.397786 0.563426 0.009635 0.030556
0 0.388411 0.563426 0.009635 0.030556
0 0.380078 0.565278 0.009635 0.030556
0 0.378255 0.598148 0.009635 0.030556
0 0.387109 0.597222 0.009635 0.030556
0 0.396224 0.596759 0.009635 0.030556
0 0.405339 0.595370 0.009635 0.030556
0 0.414193 0.593981 0.009635 0.030556
0 0.423307 0.593981 0.009635 0.030556
0 0.431901 0.592593 0.009635 0.030556
0 0.441276 0.592593 0.009635 0.030556
0 0.450130 0.590741 0.009635 0.030556
0 0.459505 0.590278 0.009635 0.030556
0 0.468359 0.589352 0.009635 0.030556
0 0.477214 0.588426 0.009635 0.030556
0 0.486589 0.587963 0.009635 0.030556
0 0.485807 0.617593 0.010156 0.032407
0 0.476953 0.619444 0.010156 0.032407
0 0.467839 0.618981 0.010156 0.032407
0 0.458724 0.620370 0.010156 0.032407
0 0.449609 0.621296 0.010156 0.032407
0 0.440234 0.622685 0.010156 0.032407
0 0.431380 0.623148 0.010156 0.032407
0 0.422005 0.623148 0.010156 0.032407
0 0.413411 0.624074 0.010156 0.032407
0 0.404036 0.625463 0.010156 0.032407
0 0.394922 0.626389 0.010156 0.032407
0 0.386068 0.626852 0.010156 0.032407
0 0.377214 0.628241 0.010156 0.032407
0 0.375521 0.662963 0.010417 0.031481
0 0.384635 0.662500 0.010417 0.031481
0 0.393490 0.661574 0.010417 0.031481
0 0.402865 0.660648 0.010417 0.031481
0 0.411719 0.660185 0.010417 0.031481
0 0.420964 0.659028 0.010677 0.032870
0 0.430078 0.658565 0.010677 0.032870
0 0.439453 0.657639 0.010677 0.032870
0 0.448568 0.656713 0.010677 0.032870
0 0.458203 0.655787 0.010677 0.032870
0 0.466797 0.655324 0.010677 0.032870
0 0.476172 0.654398 0.010677 0.032870
0 0.486328 0.653472 0.010677 0.032870
0 0.485547 0.685417 0.010677 0.032870
0 0.476172 0.685880 0.010677 0.032870
0 0.466797 0.687269 0.010677 0.032870
0 0.457161 0.687731 0.010677 0.032870
0 0.447526 0.687731 0.010677 0.032870
0 0.438672 0.689120 0.010677 0.032870
0 0.429297 0.689583 0.010677 0.032870
0 0.419922 0.690509 0.010677 0.032870
0 0.410286 0.691435 0.010677 0.032870
0 0.401172 0.692824 0.010677 0.032870
0 0.392057 0.693287 0.010677 0.032870
0 0.382943 0.694676 0.010677 0.032870
0 0.373568 0.695602 0.010677 0.032870
0 0.372526 0.734491 0.010677 0.032870
0 0.382161 0.733102 0.010677 0.032870
0 0.391536 0.732176 0.010677 0.032870
0 0.400911 0.731944 0.010677 0.034259
0 0.410026 0.731019 0.010677 0.034259
0 0.419401 0.730556 0.010677 0.034259
0 0.429036 0.730093 0.010677 0.034259
0 0.438151 0.729630 0.010677 0.034259
0 0.448047 0.728241 0.010677 0.034259
0 0.457422 0.727778 0.010677 0.034259
0 0.466797 0.726852 0.010677 0.034259
0 0.476432 0.726389 0.010677 0.034259
0 0.485547 0.725000 0.010677 0.034259
0 0.485807 0.758796 0.010677 0.034259
0 0.476172 0.758796 0.010677 0.034259
0 0.466536 0.760185 0.010677 0.034259
0 0.456641 0.760648 0.010677 0.034259
0 0.447005 0.761111 0.010677 0.034259
0 0.437630 0.761574 0.010677 0.034259
0 0.427995 0.762500 0.010677 0.034259
0 0.418099 0.763889 0.010677 0.034259
0 0.408724 0.764352 0.010677 0.034259
0 0.399609 0.765278 0.010677 0.034259
0 0.390234 0.766204 0.010677 0.034259
0 0.380599 0.767130 0.010677 0.034259
0 0.370964 0.767593 0.010677 0.034259
0 0.369401 0.804167 0.010677 0.034259
0 0.378516 0.803241 0.010677 0.034259
0 0.388151 0.802315 0.010677 0.034259
0 0.397266 0.801852 0.010677 0.034259
0 0.407161 0.800926 0.010677 0.034259
0 0.416276 0.800463 0.010677 0.034259
0 0.425911 0.800000 0.010677 0.034259
0 0.436589 0.798148 0.010677 0.034259
0 0.446224 0.797222 0.010677 0.034259
0 0.455599 0.796296 0.010677 0.034259
0 0.465755 0.795833 0.010677 0.034259
0 0.475391 0.794907 0.010677 0.034259
0 0.485026 0.794907 0.010677 0.034259
0 0.494922 0.794444 0.010677 0.034259
0 0.511068 0.830093 0.010677 0.036111
0 0.501432 0.830093 0.010677 0.036111
0 0.491536 0.830093 0.010677 0.036111
0 0.482161 0.830093 0.010677 0.036111
0 0.472786 0.830556 0.010677 0.036111
0 0.463672 0.831481 0.010677 0.036111
0 0.454557 0.832407 0.010677 0.036111
0 0.444661 0.832407 0.010677 0.036111
0 0.435547 0.833333 0.010677 0.036111
0 0.425130 0.834722 0.010677 0.036111
0 0.415234 0.835185 0.010677 0.036111
0 0.405859 0.835648 0.010677 0.036111
0 0.395964 0.836111 0.010677 0.036111
0 0.386328 0.837500 0.010677 0.036111
0 0.376953 0.838426 0.010677 0.036111
0 0.367057 0.838889 0.010677 0.036111
0 0.512891 0.871528 0.010677 0.038426
0 0.503516 0.871991 0.010677 0.038426
0 0.494141 0.871991 0.010677 0.038426
0 0.484245 0.872454 0.010677 0.038426
0 0.474609 0.873380 0.010677 0.038426
0 0.465495 0.873380 0.010677 0.038426
0 0.456120 0.873843 0.010677 0.038426
0 0.446224 0.873843 0.010677 0.038426
0 0.436589 0.874769 0.010677 0.038426
0 0.426693 0.875231 0.010677 0.038426
0 0.416797 0.875231 0.010677 0.038426
0 0.407552 0.875463 0.010937 0.037037
0 0.397656 0.875000 0.010937 0.037037
0 0.387500 0.875926 0.010937 0.037037
0 0.378125 0.876852 0.010937 0.037037
0 0.368099 0.877778 0.011198 0.036111
0 0.358724 0.878241 0.011198 0.036111
0 0.349089 0.879630 0.011198 0.036111
0 0.339453 0.879398 0.011719 0.036574
0 0.330078 0.879861 0.011719 0.036574
0 0.320573 0.881019 0.012500 0.036111
0 0.311198 0.880556 0.012500 0.036111
0 0.301823 0.881019 0.012500 0.036111
0 0.292578 0.881481 0.012240 0.035185
0 0.282682 0.882407 0.012240 0.035185
0 0.273568 0.882870 0.012240 0.035185
0 0.511328 0.314815 0.009115 0.025926
0 0.522786 0.313889 0.009115 0.025926
0 0.530599 0.315278 0.009115 0.025926
0 0.531120 0.343056 0.009115 0.025926
0 0.522786 0.342130 0.009115 0.025926
0 0.511328 0.343056 0.009115 0.025926
0 0.511589 0.368519 0.009115 0.025926
0 0.523568 0.368981 0.009115 0.025926
0 0.531380 0.370370 0.009115 0.025926
0 0.531380 0.398380 0.009115 0.027315
0 0.523047 0.397454 0.009115 0.027315
0 0.512630 0.396991 0.009115 0.027315
0 0.505078 0.397917 0.009115 0.027315
0 0.504557 0.426157 0.009115 0.027315
0 0.512891 0.425231 0.009115 0.027315
0 0.523568 0.425231 0.009115 0.027315
0 0.531641 0.426157 0.009115 0.027315
0 0.531901 0.456713 0.009115 0.027315
0 0.523568 0.455787 0.009115 0.027315
0 0.512630 0.455787 0.009115 0.027315
0 0.504818 0.456713 0.009115 0.027315
0 0.504557 0.483102 0.009115 0.027315
0 0.512891 0.482176 0.009115 0.027315
0 0.523307 0.482176 0.009115 0.027315
0 0.532161 0.483102 0.009115 0.027315
0 0.532292 0.514352 0.009375 0.028704
0 0.523958 0.513889 0.009375 0.028704
0 0.512760 0.513889 0.009375 0.028704
0 0.504687 0.514352 0.009375 0.028704
0 0.504427 0.543981 0.009375 0.028704
0 0.513281 0.543519 0.009375 0.028704
0 0.524219 0.543519 0.009375 0.028704
0 0.533073 0.544444 0.009375 0.028704
0 0.533203 0.578009 0.009635 0.030093
0 0.524609 0.577083 0.009635 0.030093
0 0.513151 0.577546 0.009635 0.030093
0 0.504297 0.577546 0.009635 0.030093
0 0.513411 0.608565 0.010156 0.030093
0 0.524609 0.608565 0.010156 0.030093
0 0.533464 0.609491 0.010156 0.030093
0 0.534115 0.643519 0.009896 0.030556
0 0.524740 0.642130 0.009896 0.030556
0 0.513021 0.643056 0.009896 0.030556
0 0.504427 0.643056 0.009896 0.030556
0 0.503906 0.675463 0.009896 0.030556
0 0.513281 0.673611 0.009896 0.030556
0 0.525781 0.674074 0.009896 0.030556
0 0.534375 0.675000 0.009896 0.030556
0 0.526953 0.182176 0.009115 0.024537
0 0.534766 0.183565 0.009115 0.024537
0 0.542839 0.184954 0.009115 0.024537
0 0.550651 0.185417 0.009115 0.024537
0 0.558464 0.186806 0.009115 0.024537
0 0.566536 0.187963 0.008594 0.023148
0 0.574609 0.189583 0.009115 0.024537
0 0.582161 0.190972 0.009115 0.024537
0 0.590234 0.192361 0.009115 0.024537
0 0.597786 0.194213 0.009115 0.024537
0 0.605599 0.195602 0.009115 0.024537
0 0.613151 0.196528 0.009115 0.024537
0 0.620443 0.198843 0.009115 0.024537
0 0.627995 0.199306 0.009115 0.024537
0 0.634766 0.201157 0.009115 0.024537
0 0.641797 0.202083 0.009115 0.024537
0 0.643359 0.223611 0.008073 0.023148
0 0.635807 0.222685 0.008073 0.023148
0 0.628776 0.221759 0.008073 0.023148
0 0.620964 0.219907 0.008073 0.023148
0 0.613672 0.218519 0.008073 0.023148
0 0.606380 0.217593 0.008073 0.023148
0 0.598568 0.216667 0.008073 0.023148
0 0.591536 0.215741 0.008073 0.023148
0 0.583984 0.214815 0.008073 0.023148
0 0.576432 0.212963 0.008073 0.023148
0 0.568620 0.212037 0.008073 0.023148
0 0.561589 0.211111 0.008073 0.023148
0 0.554036 0.210185 0.008073 0.023148
0 0.546224 0.208796 0.008073 0.023148
0 0.538672 0.207407 0.008073 0.023148
0 0.530990 0.206713 0.008333 0.024537
0 0.523438 0.205324 0.008333 0.024537
0 0.523307 0.231713 0.008594 0.025463
0 0.531120 0.232639 0.008594 0.025463
0 0.539193 0.234028 0.008594 0.025463
0 0.546615 0.235185 0.008854 0.024074
0 0.554167 0.235185 0.008854 0.024074
0 0.561979 0.237037 0.008854 0.024074
0 0.570052 0.238426 0.008854 0.024074
0 0.577083 0.238889 0.008854 0.024074
0 0.584896 0.240278 0.008854 0.024074
0 0.592187 0.241204 0.008854 0.024074
0 0.599740 0.241667 0.008854 0.024074
0 0.607552 0.243981 0.008854 0.024074
0 0.614844 0.244444 0.008854 0.024074
0 0.622135 0.245833 0.008854 0.024074
0 0.629948 0.246759 0.008854 0.024074
0 0.637240 0.247685 0.008854 0.024074
0 0.644531 0.249074 0.008854 0.024074
0 0.645833 0.270833 0.008854 0.024074
0 0.638542 0.270370 0.008854 0.024074
0 0.630990 0.269444 0.008854 0.024074
0 0.623177 0.268519 0.008854 0.024074
0 0.615365 0.267593 0.008854 0.024074
0 0.607812 0.265741 0.008854 0.024074
0 0.600781 0.264352 0.008854 0.024074
0 0.592708 0.263426 0.008854 0.024074
0 0.585156 0.262963 0.008854 0.024074
0 0.577604 0.262037 0.008854 0.024074
0 0.569792 0.261111 0.008854 0.024074
0 0.562240 0.259722 0.008854 0.024074
0 0.554688 0.258333 0.008854 0.024074
0 0.546875 0.257407 0.008854 0.024074
0 0.539323 0.256481 0.008854 0.024074
0 0.531641 0.256713 0.009635 0.026389
0 0.523568 0.255787 0.009115 0.025463
0 0.539974 0.284491 0.009115 0.025463
0 0.547786 0.284491 0.009115 0.025463
0 0.555599 0.285880 0.009115 0.025463
0 0.563411 0.286806 0.009115 0.025463
0 0.570964 0.288194 0.009115 0.025463
0 0.578516 0.288657 0.009115 0.025463
0 0.586328 0.289120 0.009115 0.025463
0 0.593880 0.290972 0.009115 0.025463
0 0.601693 0.291898 0.009115 0.025463
0 0.609245 0.292824 0.009115 0.025463
0 0.616797 0.293750 0.009115 0.025463
0 0.624349 0.294676 0.009115 0.025463
0 0.632161 0.295139 0.009115 0.025463
0 0.639714 0.296991 0.009115 0.025463
0 0.647786 0.297454 0.009115 0.025463
0 0.648568 0.321065 0.009115 0.025463
0 0.640755 0.320139 0.009115 0.025463
0 0.633203 0.318750 0.009115 0.025463
0 0.625651 0.318287 0.009115 0.025463
0 0.618099 0.317361 0.009115 0.025463
0 0.610026 0.316435 0.009115 0.025463
0 0.602214 0.315046 0.009115 0.025463
0 0.594401 0.314120 0.009115 0.025463
0 0.586849 0.313657 0.009115 0.025463
0 0.578776 0.312269 0.009115 0.025463
0 0.571484 0.311806 0.009115 0.025463
0 0.563672 0.310417 0.009115 0.025463
0 0.555599 0.309491 0.009115 0.025463
0 0.548047 0.308565 0.009115 0.025463
0 0.540234 0.307639 0.009115 0.025463
0 0.540495 0.334954 0.009115 0.025463
0 0.548828 0.336343 0.009115 0.025463
0 0.556641 0.337731 0.009115 0.025463
0 0.564453 0.338194 0.009115 0.025463
0 0.572526 0.338657 0.009115 0.025463
0 0.580339 0.340046 0.009115 0.025463
0 0.588151 0.340972 0.009115 0.025463
0 0.595964 0.341435 0.009115 0.025463
0 0.603516 0.342824 0.009115 0.025463
0 0.611328 0.343750 0.009115 0.025463
0 0.619141 0.345139 0.009115 0.025463
0 0.627214 0.345602 0.009115 0.025463
0 0.634505 0.346528 0.009115 0.025463
0 0.642578 0.348380 0.009115 0.025463
0 0.659245 0.372917 0.009115 0.025463
0 0.651693 0.372917 0.009115 0.025463
0 0.643880 0.371991 0.009115 0.025463
0 0.635807 0.371065 0.009115 0.025463
0 0.627995 0.369676 0.009115 0.025463
0 0.619922 0.368750 0.009115 0.025463
0 0.612630 0.368287 0.009115 0.025463
0 0.604297 0.367361 0.009115 0.025463
0 0.596484 0.366435 0.009115 0.025463
0 0.588672 0.365046 0.009115 0.025463
0 0.580599 0.364583 0.009115 0.025463
0 0.572786 0.363657 0.009115 0.025463
0 0.564974 0.362731 0.009115 0.025463
0 0.557161 0.361806 0.009115 0.025463
0 0.549349 0.360880 0.009115 0.025463
0 0.541276 0.359954 0.009115 0.025463
0 0.541276 0.384954 0.009115 0.025463
0 0.549609 0.384954 0.009115 0.025463
0 0.557943 0.385880 0.009115 0.025463
0 0.565495 0.386806 0.009115 0.025463
0 0.573828 0.387731 0.009115 0.025463
0 0.581641 0.388657 0.009115 0.025463
0 0.589714 0.389583 0.009115 0.025463
0 0.597526 0.390972 0.009115 0.025463
0 0.605859 0.391435 0.009115 0.025463
0 0.613672 0.392361 0.009115 0.025463
0 0.621484 0.393287 0.009115 0.025463
0 0.629036 0.393750 0.009115 0.025463
0 0.637109 0.395139 0.009115 0.025463
0 0.644922 0.395602 0.009115 0.025463
0 0.653255 0.396991 0.009115 0.025463
0 0.660807 0.396991 0.009115 0.025463
0 0.646484 0.420139 0.009115 0.025463
0 0.638411 0.419213 0.009115 0.025463
0 0.630599 0.418750 0.009115 0.025463
0 0.622266 0.417824 0.009115 0.025463
0 0.614714 0.416898 0.009115 0.025463
0 0.606380 0.416435 0.009115 0.025463
0 0.598568 0.415046 0.009115 0.025463
0 0.590234 0.414120 0.009115 0.025463
0 0.582422 0.413194 0.009115 0.025463
0 0.574349 0.412731 0.009115 0.025463
0 0.566276 0.411343 0.009115 0.025463
0 0.558203 0.410880 0.009115 0.025463
0 0.550130 0.409954 0.009115 0.025463
0 0.542318 0.409491 0.009115 0.025463
0 0.542839 0.437731 0.009115 0.025463
0 0.550911 0.439120 0.009115 0.025463
0 0.559505 0.440046 0.009115 0.027315
0 0.567057 0.440972 0.009115 0.027315
0 0.575651 0.442361 0.009115 0.027315
0 0.583203 0.442361 0.009115 0.027315
0 0.592057 0.443750 0.009115 0.027315
0 0.599870 0.444676 0.009115 0.027315
0 0.607943 0.445602 0.009115 0.027315
0 0.616016 0.446065 0.009115 0.027315
0 0.623828 0.447917 0.009115 0.027315
0 0.631901 0.447917 0.009115 0.027315
0 0.639974 0.448843 0.009115 0.027315
0 0.648047 0.449769 0.009115 0.027315
0 0.656380 0.451157 0.009115 0.027315
0 0.657682 0.477083 0.009115 0.027315
0 0.649349 0.475231 0.009115 0.027315
0 0.641016 0.474769 0.009115 0.027315
0 0.633203 0.473148 0.009635 0.027778
0 0.625391 0.473611 0.009635 0.027778
0 0.617057 0.472685 0.009635 0.027778
0 0.609245 0.471759 0.009635 0.027778
0 0.600391 0.470833 0.009635 0.027778
0 0.592318 0.469444 0.009635 0.027778
0 0.583724 0.468981 0.009635 0.027778
0 0.575911 0.467593 0.009635 0.027778
0 0.568099 0.467130 0.009635 0.027778
0 0.559505 0.466204 0.009635 0.027778
0 0.551432 0.464815 0.009635 0.027778
0 0.543099 0.463889 0.009635 0.027778
0 0.543880 0.493519 0.009635 0.027778
0 0.552214 0.494907 0.009635 0.027778
0 0.560286 0.496759 0.009635 0.027778
0 0.568620 0.496759 0.009635 0.027778
0 0.576953 0.497685 0.009635 0.027778
0 0.585547 0.498611 0.009635 0.027778
0 0.593359 0.500000 0.009635 0.027778
0 0.601432 0.500926 0.009635 0.027778
0 0.610026 0.501852 0.009635 0.027778
0 0.618099 0.502778 0.009635 0.027778
0 0.626172 0.503704 0.009635 0.027778
0 0.634505 0.504630 0.009635 0.027778
0 0.642839 0.505093 0.009635 0.027778
0 0.651172 0.506944 0.009635 0.027778
0 0.658984 0.506944 0.009635 0.027778
0 0.667578 0.507870 0.009635 0.027778
0 0.652734 0.532870 0.009635 0.027778
0 0.644401 0.531944 0.009635 0.027778
0 0.636068 0.530556 0.009635 0.027778
0 0.627995 0.530093 0.009635 0.027778
0 0.619661 0.529167 0.009635 0.027778
0 0.611068 0.528241 0.009635 0.027778
0 0.602995 0.527315 0.009635 0.027778
0 0.594661 0.526389 0.009635 0.027778
0 0.586068 0.525463 0.009635 0.027778
0 0.577995 0.524537 0.009635 0.027778
0 0.569141 0.523611 0.009635 0.027778
0 0.561068 0.522685 0.009635 0.027778
0 0.552734 0.521296 0.009635 0.027778
0 0.544661 0.520833 0.009635 0.027778
0 0.545182 0.557870 0.009635 0.027778
0 0.553516 0.558796 0.009635 0.027778
0 0.562109 0.559722 0.009635 0.027778
0 0.570443 0.560648 0.009635 0.027778
0 0.579036 0.562037 0.009635 0.027778
0 0.587370 0.562963 0.009635 0.027778
0 0.595964 0.563426 0.009635 0.027778
0 0.604297 0.564815 0.009635 0.027778
0 0.612630 0.565278 0.009635 0.027778
0 0.620964 0.566667 0.009635 0.027778
0 0.629557 0.567593 0.009635 0.027778
0 0.637891 0.568519 0.009635 0.027778
0 0.646484 0.569444 0.009635 0.027778
0 0.655078 0.570370 0.009635 0.027778
0 0.662891 0.570833 0.009635 0.027778
0 0.671484 0.572222 0.009635 0.027778
0 0.656380 0.600463 0.010156 0.028704
0 0.648568 0.600000 0.010156 0.028704
0 0.639453 0.599074 0.010156 0.028704
0 0.631250 0.598148 0.010417 0.029630
0 0.622656 0.597685 0.010417 0.029630
0 0.614583 0.596759 0.010417 0.029630
0 0.605990 0.595833 0.010417 0.029630
0 0.597135 0.594907 0.010417 0.029630
0 0.588542 0.593519 0.010417 0.029630
0 0.579688 0.593056 0.010417 0.029630
0 0.571094 0.592130 0.010417 0.029630
0 0.562500 0.591204 0.010417 0.029630
0 0.554427 0.590741 0.010417 0.029630
0 0.546094 0.589815 0.010417 0.029630
0 0.546354 0.627778 0.010417 0.029630
0 0.554948 0.628704 0.010417 0.029630
0 0.564063 0.629167 0.010417 0.029630
0 0.572396 0.631019 0.010417 0.029630
0 0.580990 0.631019 0.010417 0.029630
0 0.589844 0.631944 0.010417 0.029630
0 0.598177 0.632870 0.010417 0.029630
0 0.607292 0.633796 0.010417 0.029630
0 0.615885 0.634722 0.010417 0.029630
0 0.624740 0.635648 0.010417 0.029630
0 0.633333 0.636574 0.010417 0.029630
0 0.641667 0.637037 0.010417 0.029630
0 0.650521 0.638426 0.010417 0.029630
0 0.658854 0.638889 0.010417 0.029630
0 0.667188 0.638889 0.010417 0.029630
0 0.676042 0.640278 0.010417 0.029630
0 0.684635 0.641204 0.010417 0.029630
0 0.692708 0.641667 0.010417 0.029630
0 0.701302 0.642593 0.010417 0.029630
0 0.709635 0.643056 0.010417 0.029630
0 0.717969 0.643519 0.010417 0.029630
0 0.726042 0.644907 0.010417 0.029630
0 0.734896 0.645370 0.010417 0.029630
0 0.742708 0.645833 0.010417 0.029630
0 0.745313 0.674537 0.010417 0.029630
0 0.736979 0.674537 0.010417 0.029630
0 0.728385 0.673611 0.010417 0.029630
0 0.720313 0.673148 0.010417 0.029630
0 0.711458 0.672222 0.010417 0.029630
0 0.703385 0.671296 0.010417 0.029630
0 0.694531 0.671296 0.010417 0.029630
0 0.686198 0.670370 0.010417 0.029630
0 0.677604 0.669444 0.010417 0.029630
0 0.669271 0.668519 0.010417 0.029630
0 0.660677 0.667593 0.010417 0.029630
0 0.651823 0.666667 0.010417 0.029630
0 0.643229 0.666204 0.010417 0.029630
0 0.634896 0.665741 0.010417 0.029630
0 0.626042 0.664815 0.010417 0.029630
0 0.617188 0.663889 0.010417 0.029630
0 0.608333 0.663426 0.010417 0.029630
0 0.599740 0.662037 0.010417 0.029630
0 0.591146 0.661574 0.010417 0.029630
0 0.582552 0.660648 0.010417 0.029630
0 0.573828 0.659491 0.010677 0.030093
0 0.564974 0.659028 0.010677 0.030093
0 0.556120 0.658102 0.010677 0.030093
0 0.547005 0.658102 0.010677 0.030093
0 0.547786 0.687269 0.010677 0.030093
0 0.557161 0.688194 0.010677 0.030093
0 0.566276 0.689120 0.010677 0.030093
0 0.574609 0.690509 0.010677 0.030093
0 0.583464 0.690972 0.010677 0.030093
0 0.592318 0.691898 0.010677 0.030093
0 0.600651 0.692824 0.010677 0.030093
0 0.610026 0.693287 0.010677 0.030093
0 0.618359 0.694213 0.010677 0.030093
0 0.627734 0.695139 0.010677 0.030093
0 0.636068 0.695602 0.010677 0.030093
0 0.645443 0.696528 0.010677 0.030093
0 0.654036 0.697454 0.010677 0.030093
0 0.662370 0.697917 0.010677 0.030093
0 0.688411 0.699769 0.010677 0.030093
0 0.696484 0.701157 0.010677 0.030093
0 0.705599 0.701620 0.010677 0.030093
0 0.713932 0.702083 0.010677 0.030093
0 0.722786 0.703009 0.010677 0.030093
0 0.730859 0.703472 0.010677 0.030093
0 0.739453 0.703935 0.010677 0.030093
0 0.748047 0.703472 0.010677 0.030093
0 0.751432 0.740046 0.010677 0.030093
0 0.742057 0.739120 0.010677 0.030093
0 0.733984 0.738426 0.011198 0.030556
0 0.725391 0.738426 0.011198 0.030556
0 0.717057 0.737500 0.011198 0.030556
0 0.708464 0.737269 0.011719 0.031944
0 0.699870 0.736806 0.011719 0.031944
0 0.691536 0.736806 0.011719 0.031944
0 0.682422 0.735880 0.011719 0.031944
0 0.674089 0.735880 0.011719 0.031944
0 0.665234 0.734954 0.011719 0.031944
0 0.656901 0.734028 0.011719 0.031944
0 0.647526 0.733102 0.011719 0.031944
0 0.638672 0.733102 0.011719 0.031944
0 0.629818 0.732176 0.011719 0.031944
0 0.620964 0.730787 0.011719 0.031944
0 0.611849 0.729861 0.011719 0.031944
0 0.602734 0.729398 0.011719 0.031944
0 0.593880 0.728935 0.011719 0.031944
0 0.585026 0.727546 0.011719 0.031944
0 0.576172 0.727546 0.011719 0.031944
0 0.566536 0.726620 0.011719 0.031944
0 0.558203 0.725231 0.011719 0.031944
0 0.548568 0.725231 0.009635 0.032870
0 0.549349 0.756713 0.010156 0.031019
0 0.558594 0.758333 0.010417 0.033333
0 0.568229 0.758333 0.010417 0.033333
0 0.576562 0.759722 0.010417 0.033333
0 0.586198 0.760185 0.010417 0.033333
0 0.595052 0.761111 0.010417 0.033333
0 0.603906 0.761111 0.010417 0.033333
0 0.613021 0.762500 0.010417 0.033333
0 0.621875 0.763426 0.010417 0.033333
0 0.630990 0.763889 0.010417 0.033333
0 0.639844 0.764352 0.010417 0.033333
0 0.648958 0.764815 0.010417 0.033333
0 0.657813 0.765741 0.010417 0.033333
0 0.666667 0.765972 0.010937 0.032870
0 0.675260 0.766435 0.010937 0.032870
0 0.684115 0.767361 0.010937 0.032870
0 0.692708 0.767824 0.010937 0.032870
0 0.701823 0.768287 0.010937 0.032870
0 0.710417 0.768287 0.010937 0.032870
0 0.719010 0.769213 0.010937 0.032870
0 0.727865 0.770139 0.010937 0.032870
0 0.736458 0.769676 0.010937 0.032870
0 0.745313 0.771065 0.010937 0.032870
0 0.753646 0.771065 0.010937 0.032870
0 0.750391 0.807407 0.011719 0.032407
0 0.741536 0.806481 0.011719 0.032407
0 0.732943 0.805556 0.011719 0.032407
0 0.724089 0.806019 0.011719 0.032407
0 0.715495 0.805556 0.011719 0.032407
0 0.707161 0.803704 0.011719 0.032407
0 0.697786 0.804167 0.011719 0.032407
0 0.689193 0.803704 0.011719 0.032407
0 0.680339 0.802315 0.011719 0.032407
0 0.671354 0.802546 0.010937 0.032870
0 0.661979 0.802083 0.010937 0.032870
0 0.653125 0.801620 0.010937 0.032870
0 0.644010 0.800694 0.010937 0.032870
0 0.634896 0.800694 0.010937 0.032870
0 0.625781 0.799306 0.010937 0.032870
0 0.616927 0.799306 0.010937 0.032870
0 0.608073 0.798380 0.010937 0.032870
0 0.598437 0.797454 0.010937 0.032870
0 0.589063 0.796991 0.010937 0.032870
0 0.580469 0.796528 0.010937 0.032870
0 0.571354 0.796065 0.010937 0.032870
0 0.561979 0.795602 0.010937 0.032870
0 0.552865 0.795370 0.010937 0.035185
0 0.543229 0.793981 0.010937 0.035185
0 0.534375 0.793981 0.010937 0.035185
0 0.524740 0.793056 0.010937 0.035185
0 0.525000 0.826852 0.010937 0.035185
0 0.535156 0.827315 0.010937 0.035185
0 0.544010 0.827778 0.010937 0.035185
0 0.553385 0.828241 0.010937 0.035185
0 0.563021 0.829167 0.010937 0.035185
0 0.572135 0.830093 0.010937 0.035185
0 0.581510 0.830093 0.010937 0.035185
0 0.590885 0.831019 0.010937 0.035185
0 0.600260 0.831019 0.010937 0.035185
0 0.608594 0.831481 0.010937 0.035185
0 0.617969 0.831944 0.010937 0.035185
0 0.627604 0.833333 0.010937 0.035185
0 0.636719 0.833796 0.010937 0.035185
0 0.645573 0.834259 0.010937 0.035185
0 0.655208 0.835185 0.010937 0.035185
0 0.663802 0.835185 0.010937 0.035185
0 0.672917 0.835185 0.010937 0.035185
0 0.681771 0.836111 0.010937 0.035185
0 0.690625 0.837037 0.010937 0.035185
0 0.699740 0.836111 0.010937 0.035185
0 0.708854 0.837500 0.010937 0.035185
0 0.717708 0.837500 0.010937 0.035185
0 0.726562 0.838426 0.010937 0.035185
0 0.735156 0.838426 0.010937 0.035185
0 0.744010 0.839352 0.010937 0.035185
0 0.752865 0.838426 0.010937 0.035185
0 0.756120 0.875694 0.012240 0.034722
0 0.746745 0.875694 0.012240 0.034722
0 0.737891 0.875231 0.012240 0.034722
0 0.729297 0.875694 0.012240 0.034722
0 0.720443 0.874769 0.012240 0.034722
0 0.711328 0.874306 0.012240 0.034722
0 0.702214 0.873843 0.012240 0.034722
0 0.693359 0.873843 0.012240 0.034722
0 0.683724 0.873380 0.012240 0.034722
0 0.675130 0.873380 0.012240 0.034722
0 0.665755 0.872917 0.012240 0.034722
0 0.657161 0.873380 0.012240 0.034722
0 0.647786 0.871991 0.012240 0.034722
0 0.638411 0.871991 0.012240 0.034722
0 0.629297 0.871528 0.012240 0.034722
0 0.620182 0.871528 0.012240 0.034722
0 0.611068 0.871528 0.012240 0.034722
0 0.601172 0.870602 0.012240 0.034722
0 0.591797 0.870139 0.012240 0.034722
0 0.582682 0.870139 0.012240 0.034722
0 0.573307 0.870139 0.012240 0.034722
0 0.563932 0.869213 0.012240 0.034722
0 0.553776 0.869213 0.012240 0.034722
0 0.544661 0.868750 0.012240 0.034722
0 0.535026 0.868287 0.012240 0.034722
0 0.525651 0.868750 0.011198 0.036574
0 0.664323 0.204630 0.008333 0.022222
0 0.671875 0.206019 0.008333 0.022222
0 0.678646 0.206944 0.008333 0.022222
0 0.685937 0.207870 0.008333 0.022222
0 0.693229 0.209722 0.008333 0.022222
0 0.700260 0.211111 0.008333 0.022222
0 0.707552 0.211574 0.008333 0.022222
0 0.714583 0.212963 0.008333 0.022222
0 0.721354 0.213889 0.008333 0.022222
0 0.730469 0.213889 0.009896 0.024074
0 0.737760 0.215741 0.009896 0.024074
0 0.745313 0.216667 0.009896 0.024074
0 0.747396 0.238889 0.009896 0.024074
0 0.739323 0.237963 0.009896 0.024074
0 0.732812 0.237037 0.009896 0.024074
0 0.723828 0.235648 0.009635 0.023148
0 0.716276 0.234259 0.009635 0.023148
0 0.708724 0.233796 0.009635 0.023148
0 0.702214 0.231944 0.009115 0.022222
0 0.694401 0.231019 0.009115 0.022222
0 0.687370 0.230093 0.009115 0.022222
0 0.680339 0.228704 0.009115 0.022222
0 0.673047 0.227778 0.009115 0.022222
0 0.665755 0.227083 0.009115 0.023611
0 0.667318 0.252546 0.009115 0.023611
0 0.674609 0.253472 0.009115 0.023611
0 0.682161 0.254398 0.009115 0.023611
0 0.689193 0.255787 0.009115 0.023611
0 0.696745 0.257176 0.009115 0.023611
0 0.704297 0.257639 0.009115 0.023611
0 0.711328 0.259028 0.009115 0.023611
0 0.718620 0.260417 0.009115 0.023611
0 0.725651 0.261806 0.009115 0.023611
0 0.735026 0.262731 0.009115 0.023611
0 0.742057 0.264120 0.009115 0.023611
0 0.750130 0.265509 0.010156 0.024537
0 0.752214 0.288194 0.010156 0.024537
0 0.744401 0.287269 0.010156 0.024537
0 0.737370 0.286343 0.010156 0.024537
0 0.727995 0.283565 0.009635 0.023611
0 0.720703 0.282639 0.009635 0.023611
0 0.713411 0.281250 0.009635 0.023611
0 0.705859 0.279861 0.009635 0.023611
0 0.698568 0.279398 0.009635 0.023611
0 0.691276 0.277546 0.009635 0.023611
0 0.683724 0.276620 0.009635 0.023611
0 0.676432 0.275694 0.009635 0.023611
0 0.669141 0.274769 0.009635 0.023611
0 0.669922 0.301157 0.009635 0.023611
0 0.677995 0.303009 0.009635 0.023611
0 0.685807 0.303935 0.009635 0.023611
0 0.693099 0.303935 0.009635 0.023611
0 0.700651 0.305787 0.009635 0.023611
0 0.707682 0.306713 0.009635 0.023611
0 0.715234 0.307639 0.009635 0.023611
0 0.722786 0.309028 0.009635 0.023611
0 0.730078 0.309954 0.009635 0.023611
0 0.738932 0.309028 0.009635 0.023611
0 0.746745 0.311343 0.009635 0.023611
0 0.754687 0.312269 0.010417 0.025463
0 0.756771 0.336343 0.010417 0.025463
0 0.748958 0.334954 0.010417 0.025463
0 0.741146 0.333565 0.010417 0.025463
0 0.731901 0.333102 0.010156 0.023611
0 0.724870 0.331713 0.010156 0.023611
0 0.717057 0.330324 0.010156 0.023611
0 0.709766 0.329861 0.010156 0.023611
0 0.701953 0.328472 0.010156 0.023611
0 0.694661 0.327083 0.010156 0.023611
0 0.686849 0.326157 0.010156 0.023611
0 0.679036 0.325231 0.010156 0.023611
0 0.671745 0.324306 0.010156 0.023611
0 0.673698 0.352083 0.010417 0.025463
0 0.680990 0.353009 0.010417 0.025463
0 0.689063 0.353935 0.010417 0.025463
0 0.696615 0.354861 0.010417 0.025463
0 0.704167 0.355324 0.010417 0.025463
0 0.711458 0.356713 0.010417 0.025463
0 0.719271 0.357639 0.010417 0.025463
0 0.726823 0.358565 0.010417 0.025463
0 0.734115 0.359954 0.010417 0.025463
0 0.743490 0.358102 0.010417 0.025463
0 0.751563 0.358565 0.010417 0.025463
0 0.759375 0.359954 0.010417 0.025463
0 0.761458 0.384954 0.010417 0.025463
0 0.753646 0.384028 0.010417 0.025463
0 0.745573 0.383102 0.010417 0.025463
0 0.736458 0.383565 0.010417 0.025463
0 0.729167 0.382176 0.010417 0.025463
0 0.721354 0.381250 0.010417 0.025463
0 0.713542 0.380787 0.010417 0.025463
0 0.706250 0.379398 0.010417 0.025463
0 0.698438 0.378935 0.010417 0.025463
0 0.690885 0.377083 0.010417 0.025463
0 0.683073 0.376620 0.010417 0.025463
0 0.675000 0.376157 0.010417 0.025463
0 0.677083 0.399306 0.010417 0.025463
0 0.684375 0.401157 0.010417 0.025463
0 0.692448 0.402083 0.010417 0.025463
0 0.700000 0.402546 0.010417 0.025463
0 0.707812 0.403472 0.010417 0.025463
0 0.714583 0.403935 0.010417 0.025463
0 0.723177 0.404861 0.010417 0.025463
0 0.731250 0.406250 0.010417 0.025463
0 0.738802 0.407176 0.010417 0.025463
0 0.748177 0.407639 0.010417 0.025463
0 0.756250 0.409028 0.010417 0.025463
0 0.764193 0.410417 0.010677 0.027315
0 0.766536 0.436806 0.010677 0.027315
0 0.758203 0.435880 0.010677 0.027315
0 0.750651 0.433565 0.010677 0.027315
0 0.740755 0.432407 0.009115 0.026852
0 0.732943 0.431481 0.009115 0.026852
0 0.725130 0.430556 0.009115 0.026852
0 0.717318 0.430093 0.009115 0.026852
0 0.709505 0.428241 0.009115 0.026852
0 0.702214 0.427315 0.009115 0.026852
0 0.693880 0.426852 0.009115 0.026852
0 0.686328 0.425463 0.009115 0.026852
0 0.678255 0.424537 0.009115 0.026852
0 0.680339 0.453704 0.010156 0.026852
0 0.688151 0.454167 0.010156 0.026852
0 0.695964 0.455556 0.010156 0.026852
0 0.704036 0.456944 0.010156 0.026852
0 0.712109 0.457407 0.010156 0.026852
0 0.719661 0.458333 0.010156 0.026852
0 0.727734 0.459259 0.010156 0.026852
0 0.735286 0.460648 0.010156 0.026852
0 0.743359 0.461574 0.010156 0.026852
0 0.752734 0.460648 0.010156 0.026852
0 0.760807 0.461574 0.010156 0.026852
0 0.768620 0.462500 0.010156 0.026852
0 0.771484 0.489815 0.010156 0.026852
0 0.763151 0.487963 0.010677 0.027778
0 0.755599 0.487037 0.010677 0.027778
0 0.745573 0.487500 0.009896 0.026852
0 0.737760 0.485648 0.009896 0.026852
0 0.729688 0.484722 0.009896 0.026852
0 0.721875 0.483796 0.009896 0.026852
0 0.713802 0.483333 0.009896 0.026852
0 0.706250 0.481944 0.009896 0.026852
0 0.697656 0.481019 0.009896 0.026852
0 0.690104 0.480093 0.009896 0.026852
0 0.682031 0.479167 0.009896 0.026852
0 0.683594 0.509722 0.009896 0.026852
0 0.692448 0.510185 0.009896 0.026852
0 0.700521 0.512037 0.009896 0.026852
0 0.708333 0.512500 0.009896 0.026852
0 0.716146 0.513426 0.009896 0.026852
0 0.724479 0.514352 0.009896 0.026852
0 0.732292 0.514815 0.009896 0.026852
0 0.740104 0.516667 0.009896 0.026852
0 0.748177 0.517130 0.009896 0.026852
0 0.757552 0.518056 0.009896 0.026852
0 0.766146 0.518750 0.010417 0.028241
0 0.773958 0.519676 0.010417 0.028241
0 0.777083 0.546991 0.010417 0.028241
0 0.768620 0.545833 0.011198 0.028704
0 0.760807 0.545833 0.011198 0.028704
0 0.750391 0.544444 0.010156 0.028704
0 0.742318 0.543056 0.010156 0.028704
0 0.734245 0.542130 0.010156 0.028704
0 0.726172 0.541667 0.010156 0.028704
0 0.718359 0.540741 0.010156 0.028704
0 0.710026 0.539352 0.010156 0.028704
0 0.702214 0.538426 0.010156 0.028704
0 0.694141 0.537500 0.010156 0.028704
0 0.685547 0.537037 0.010156 0.028704
0 0.688151 0.574074 0.010156 0.028704
0 0.696484 0.575000 0.010156 0.028704
0 0.704557 0.575926 0.010156 0.028704
0 0.712891 0.576389 0.010156 0.028704
0 0.721224 0.577778 0.010156 0.028704
0 0.729036 0.578704 0.010156 0.028704
0 0.737370 0.579630 0.010156 0.028704
0 0.745443 0.580093 0.010156 0.028704
0 0.753516 0.581019 0.010156 0.028704
0 0.763672 0.580556 0.010156 0.028704
0 0.772266 0.580787 0.010677 0.029167
0 0.780859 0.582176 0.010677 0.029167
0 0.783464 0.611343 0.010677 0.029167
0 0.774740 0.609722 0.010937 0.030556
0 0.766146 0.609722 0.010937 0.030556
0 0.756250 0.610185 0.010937 0.030556
0 0.747135 0.609491 0.010937 0.029167
0 0.740104 0.609491 0.010937 0.029167
0 0.732031 0.608565 0.010937 0.029167
0 0.723177 0.607176 0.010937 0.029167
0 0.715104 0.606713 0.010937 0.029167
0 0.706771 0.605324 0.010937 0.029167
0 0.698698 0.604398 0.010937 0.029167
0 0.690365 0.603472 0.010937 0.029167
0 0.333073 0.450231 0.009896 0.026389
0 0.406380 0.563426 0.009635 0.030556
