0 0.347917 0.136111 0.015625 0.011111
0 0.346875 0.145833 0.015625 0.011111
0 0.345833 0.156019 0.015625 0.011111
0 0.344792 0.166667 0.015625 0.011111
0 0.344010 0.177315 0.015625 0.011111
0 0.342969 0.188889 0.015625 0.011111
0 0.341927 0.198148 0.015625 0.011111
0 0.341146 0.209259 0.015625 0.011111
0 0.340104 0.220833 0.015625 0.011111
0 0.338281 0.231250 0.016146 0.012500
0 0.337760 0.241898 0.016146 0.012500
0 0.336198 0.253009 0.016146 0.012500
0 0.335417 0.264120 0.016146 0.012500
0 0.334375 0.276620 0.016146 0.012500
0 0.333333 0.287731 0.016146 0.012500
0 0.332552 0.298843 0.016146 0.012500
0 0.331250 0.311343 0.016146 0.012500
0 0.329688 0.322454 0.016146 0.012500
0 0.328385 0.334954 0.016146 0.012500
0 0.327214 0.346528 0.017969 0.014352
0 0.325911 0.358565 0.017969 0.014352
0 0.324870 0.369213 0.017969 0.014352
0 0.323568 0.381250 0.017969 0.014352
0 0.322786 0.393287 0.017969 0.014352
0 0.320964 0.405324 0.017969 0.014352
0 0.320182 0.417361 0.017969 0.014352
0 0.340365 0.415972 0.018750 0.013426
0 0.341406 0.403935 0.018750 0.013426
0 0.341927 0.391898 0.018750 0.013426
0 0.343490 0.379861 0.018750 0.013426
0 0.344271 0.367361 0.018750 0.013426
0 0.345833 0.356250 0.018750 0.013426
0 0.346615 0.344213 0.018750 0.013426
0 0.347656 0.333565 0.018750 0.013426
0 0.349219 0.322454 0.018750 0.013426
0 0.349740 0.309491 0.018750 0.013426
0 0.350260 0.297917 0.018750 0.013426
0 0.351042 0.285880 0.018750 0.013426
0 0.352604 0.274306 0.018750 0.013426
0 0.353646 0.263194 0.018750 0.013426
0 0.354948 0.251620 0.018750 0.013426
0 0.356250 0.240972 0.018750 0.013426
0 0.370833 0.241435 0.018750 0.013426
0 0.370312 0.252546 0.018750 0.013426
0 0.369271 0.264120 0.018750 0.013426
0 0.367708 0.286806 0.018750 0.013426
0 0.368229 0.273843 0.018750 0.013426
0 0.366927 0.298843 0.018750 0.013426
0 0.366146 0.309491 0.018750 0.013426
0 0.365885 0.322917 0.018750 0.013426
0 0.364844 0.334028 0.018750 0.013426
0 0.363542 0.347454 0.018750 0.013426
0 0.362760 0.359491 0.018750 0.013426
0 0.361458 0.371991 0.018750 0.013426
0 0.360417 0.384954 0.018750 0.013426
0 0.359115 0.397454 0.018750 0.013426
0 0.364714 0.140509 0.015885 0.011574
0 0.379557 0.141435 0.015885 0.011574
0 0.396224 0.142361 0.015885 0.011574
0 0.411589 0.143750 0.015885 0.011574
0 0.430078 0.144676 0.015885 0.011574
0 0.445182 0.145139 0.015885 0.011574
0 0.463151 0.145602 0.015885 0.011574
0 0.477995 0.146065 0.015885 0.011574
0 0.494922 0.146991 0.015885 0.011574
0 0.494661 0.157176 0.015885 0.011574
0 0.477474 0.156250 0.015885 0.011574
0 0.462370 0.156250 0.015885 0.011574
0 0.444922 0.155324 0.015885 0.011574
0 0.429818 0.154398 0.015885 0.011574
0 0.411068 0.153472 0.015885 0.011574
0 0.395964 0.152546 0.015885 0.011574
0 0.378516 0.152083 0.015885 0.011574
0 0.363411 0.150694 0.015885 0.011574
0 0.362630 0.161806 0.015885 0.011574
0 0.377474 0.161806 0.015885 0.011574
0 0.395182 0.164120 0.015885 0.011574
0 0.410286 0.164583 0.015885 0.011574
0 0.428776 0.165509 0.015885 0.011574
0 0.444141 0.165046 0.015885 0.011574
0 0.461589 0.166898 0.015885 0.011574
0 0.476693 0.167361 0.015885 0.011574
0 0.494661 0.167824 0.015885 0.011574
0 0.494401 0.178472 0.015885 0.011574
0 0.476172 0.178009 0.015885 0.011574
0 0.461328 0.177083 0.015885 0.011574
0 0.443620 0.177083 0.015885 0.011574
0 0.427995 0.176157 0.015885 0.011574
0 0.409766 0.175231 0.015885 0.011574
0 0.394661 0.173843 0.015885 0.011574
0 0.376953 0.172454 0.015885 0.011574
0 0.362109 0.171065 0.015885 0.011574
0 0.361068 0.181713 0.015885 0.011574
0 0.376172 0.182639 0.015885 0.011574
0 0.393359 0.184491 0.015885 0.011574
0 0.409245 0.184954 0.015885 0.011574
0 0.427474 0.186343 0.015885 0.011574
0 0.443099 0.187269 0.015885 0.011574
0 0.461068 0.187731 0.015365 0.011574
0 0.475911 0.188657 0.015365 0.011574
0 0.493880 0.189120 0.015365 0.011574
0 0.493620 0.199306 0.015365 0.011574
0 0.475911 0.199769 0.015365 0.011574
0 0.460547 0.199306 0.015365 0.011574
0 0.442839 0.198380 0.015365 0.011574
0 0.427214 0.197454 0.015365 0.011574
0 0.407943 0.195602 0.015365 0.011574
0 0.392839 0.195602 0.015365 0.011574
0 0.375391 0.193287 0.015365 0.011574
0 0.359766 0.192361 0.015365 0.011574
0 0.358984 0.203472 0.015365 0.011574
0 0.391797 0.206713 0.015365 0.011574
0 0.373828 0.203472 0.015365 0.011574
0 0.407682 0.206713 0.015365 0.011574
0 0.426172 0.208565 0.015365 0.011574
0 0.442318 0.209028 0.015365 0.011574
0 0.460286 0.209491 0.015365 0.011574
0 0.475130 0.210417 0.015365 0.011574
0 0.493620 0.210880 0.015365 0.011574
0 0.493099 0.221991 0.015365 0.011574
0 0.475391 0.221991 0.015365 0.011574
0 0.459766 0.221065 0.015365 0.011574
0 0.441536 0.219676 0.015365 0.011574
0 0.425911 0.218287 0.015365 0.011574
0 0.406380 0.218287 0.015365 0.011574
0 0.391536 0.216435 0.015365 0.011574
0 0.373828 0.214583 0.015365 0.011574
0 0.357682 0.213657 0.015365 0.011574
0 0.356901 0.224769 0.015365 0.011574
0 0.372786 0.226157 0.015365 0.011574
0 0.390495 0.228472 0.015365 0.011574
0 0.405859 0.228935 0.015365 0.011574
0 0.425000 0.231019 0.015625 0.012037
0 0.441146 0.231019 0.015625 0.012037
0 0.459375 0.231481 0.015625 0.012037
0 0.474740 0.232870 0.015625 0.012037
0 0.492448 0.234259 0.015625 0.012037
0 0.515495 0.148380 0.016406 0.011574
0 0.530859 0.149306 0.016406 0.011574
0 0.546224 0.150694 0.016406 0.011574
0 0.561589 0.149769 0.016406 0.011574
0 0.576693 0.150231 0.016406 0.011574
0 0.594922 0.151157 0.016406 0.011574
0 0.610286 0.152546 0.016406 0.011574
0 0.627734 0.152546 0.016406 0.011574
0 0.642839 0.152546 0.016406 0.011574
0 0.643359 0.164120 0.016406 0.011574
0 0.627995 0.162731 0.016406 0.011574
0 0.609766 0.161343 0.016406 0.011574
0 0.594401 0.161343 0.016406 0.011574
0 0.576953 0.160880 0.016406 0.011574
0 0.561328 0.160880 0.016406 0.011574
0 0.545964 0.159954 0.016406 0.011574
0 0.531120 0.159954 0.016406 0.011574
0 0.515495 0.158565 0.016406 0.011574
0 0.514974 0.169676 0.016406 0.011574
0 0.529818 0.169676 0.016406 0.011574
0 0.546224 0.170602 0.016406 0.011574
0 0.561589 0.171528 0.016406 0.011574
0 0.577734 0.172454 0.016406 0.011574
0 0.594661 0.171991 0.016406 0.011574
0 0.610286 0.172917 0.016406 0.011574
0 0.627474 0.173380 0.016406 0.011574
0 0.643099 0.173380 0.016406 0.011574
0 0.643880 0.184491 0.016406 0.011574
0 0.628776 0.184491 0.016406 0.011574
0 0.610286 0.183565 0.016406 0.011574
0 0.594401 0.183102 0.016406 0.011574
0 0.577214 0.182639 0.016406 0.011574
0 0.562370 0.181250 0.016406 0.011574
0 0.545703 0.181713 0.016406 0.011574
0 0.529297 0.180324 0.016406 0.011574
0 0.514453 0.179861 0.016406 0.011574
0 0.516016 0.193287 0.016406 0.011574
0 0.531380 0.194213 0.016406 0.011574
0 0.545964 0.195602 0.016406 0.011574
0 0.561849 0.192361 0.016406 0.011574
0 0.577214 0.193287 0.016406 0.011574
0 0.595443 0.193750 0.016406 0.011574
0 0.611068 0.194676 0.016406 0.011574
0 0.629036 0.194676 0.016406 0.011574
0 0.644141 0.194676 0.016406 0.011574
0 0.644661 0.206713 0.016406 0.011574
0 0.628516 0.205787 0.016406 0.011574
0 0.611328 0.204398 0.016406 0.011574
0 0.595182 0.203935 0.016406 0.011574
0 0.576693 0.203472 0.016406 0.011574
0 0.562891 0.203009 0.016406 0.011574
0 0.547266 0.206713 0.016406 0.011574
0 0.531120 0.205324 0.016406 0.011574
0 0.516016 0.204398 0.016406 0.011574
0 0.515495 0.215972 0.016406 0.011574
0 0.531120 0.216435 0.016406 0.011574
0 0.546745 0.217361 0.016406 0.011574
0 0.561589 0.215046 0.016406 0.011574
0 0.576953 0.214120 0.016406 0.011574
0 0.595703 0.215046 0.016406 0.011574
0 0.611068 0.215046 0.016406 0.011574
0 0.629297 0.216898 0.016406 0.011574
0 0.645182 0.217824 0.016406 0.011574
0 0.645964 0.228009 0.016406 0.011574
0 0.629297 0.227083 0.016406 0.011574
0 0.611589 0.227083 0.016406 0.011574
0 0.595443 0.226157 0.016406 0.011574
0 0.577474 0.225231 0.016406 0.011574
0 0.562370 0.225231 0.016406 0.011574
0 0.546745 0.228009 0.016406 0.011574
0 0.530599 0.227546 0.016406 0.011574
0 0.515234 0.226620 0.016406 0.011574
0 0.562630 0.237269 0.016406 0.011574
0 0.577214 0.238194 0.016406 0.011574
0 0.595182 0.237269 0.016406 0.011574
0 0.611589 0.237731 0.016406 0.011574
0 0.630078 0.238194 0.016406 0.011574
0 0.645443 0.238657 0.016406 0.011574
0 0.663151 0.239583 0.016406 0.011574
0 0.663151 0.228935 0.016406 0.011574
0 0.663151 0.217824 0.016406 0.011574
0 0.662630 0.207176 0.016406 0.011574
0 0.661589 0.196065 0.016406 0.011574
0 0.661328 0.185880 0.016406 0.011574
0 0.660807 0.174769 0.016406 0.011574
0 0.660286 0.164583 0.016406 0.011574
0 0.659766 0.153935 0.016406 0.011574
0 0.674609 0.154398 0.016406 0.011574
0 0.675391 0.163657 0.016406 0.011574
0 0.676432 0.173843 0.016406 0.011574
0 0.676432 0.184954 0.016406 0.011574
0 0.677214 0.195602 0.016406 0.011574
0 0.679036 0.228935 0.016406 0.011574
0 0.677214 0.205787 0.016406 0.011574
0 0.677995 0.217361 0.016406 0.011574
0 0.679557 0.240972 0.016406 0.011574
0 0.698307 0.241435 0.016406 0.011574
0 0.697526 0.229861 0.016406 0.011574
0 0.697005 0.219676 0.016406 0.011574
0 0.696224 0.207639 0.016406 0.011574
0 0.695703 0.197454 0.016406 0.011574
0 0.694922 0.186806 0.016406 0.011574
0 0.694401 0.176620 0.016406 0.011574
0 0.693620 0.165046 0.016406 0.011574
0 0.692839 0.155324 0.016406 0.011574
0 0.707943 0.155324 0.016406 0.011574
0 0.708464 0.165972 0.016406 0.011574
0 0.708984 0.176157 0.016406 0.011574
0 0.710807 0.197917 0.016406 0.011574
0 0.709766 0.185417 0.016406 0.011574
0 0.711589 0.208102 0.016406 0.011574
0 0.712109 0.218750 0.016406 0.011574
0 0.713411 0.229861 0.016406 0.011574
0 0.713932 0.240509 0.016406 0.011574
0 0.714974 0.257639 0.016406 0.011574
0 0.698828 0.257639 0.016406 0.011574
0 0.680599 0.256250 0.016406 0.011574
0 0.664193 0.256250 0.016406 0.011574
0 0.646484 0.255324 0.016406 0.011574
0 0.630599 0.254398 0.016406 0.011574
0 0.630599 0.265972 0.016406 0.011574
0 0.647005 0.266435 0.016406 0.011574
0 0.664714 0.267824 0.016406 0.011574
0 0.681120 0.267824 0.016406 0.011574
0 0.699349 0.268750 0.016406 0.011574
0 0.716276 0.269676 0.016406 0.011574
0 0.716276 0.281250 0.016406 0.011574
0 0.700391 0.280324 0.016406 0.011574
0 0.681380 0.279398 0.016406 0.011574
0 0.665234 0.279398 0.016406 0.011574
0 0.647526 0.278472 0.016406 0.011574
0 0.631120 0.277546 0.016406 0.011574
0 0.631380 0.288657 0.016406 0.011574
0 0.648047 0.290046 0.016406 0.011574
0 0.666016 0.290509 0.016406 0.011574
0 0.682161 0.291435 0.016406 0.011574
0 0.701172 0.291898 0.016406 0.011574
0 0.717578 0.292361 0.016406 0.011574
0 0.718620 0.304861 0.016406 0.011574
0 0.701953 0.303009 0.016406 0.011574
0 0.682943 0.302546 0.016406 0.011574
0 0.666276 0.301620 0.016406 0.011574
0 0.648047 0.301620 0.016406 0.011574
0 0.631901 0.300694 0.016406 0.011574
0 0.631901 0.313194 0.016406 0.011574
0 0.648568 0.313194 0.016406 0.011574
0 0.667318 0.314120 0.016406 0.011574
0 0.683464 0.314120 0.016406 0.011574
0 0.702734 0.315972 0.017448 0.012500
0 0.718880 0.315972 0.017448 0.012500
0 0.719661 0.328472 0.017448 0.012500
0 0.702995 0.327083 0.017448 0.012500
0 0.684505 0.327083 0.017448 0.012500
0 0.667578 0.326157 0.017448 0.012500
0 0.649349 0.324769 0.017448 0.012500
0 0.632161 0.324769 0.017448 0.012500
0 0.632682 0.336806 0.017448 0.012500
0 0.649609 0.337269 0.017448 0.012500
0 0.667839 0.338194 0.017448 0.012500
0 0.685026 0.339120 0.017448 0.012500
0 0.703776 0.339583 0.017448 0.012500
0 0.720703 0.340509 0.017448 0.012500
0 0.722005 0.352546 0.017448 0.012500
0 0.704297 0.353009 0.017448 0.012500
0 0.685286 0.351157 0.017448 0.012500
0 0.667578 0.350231 0.017448 0.012500
0 0.649349 0.349306 0.017448 0.012500
0 0.632682 0.348843 0.017448 0.012500
0 0.633203 0.360880 0.017448 0.012500
0 0.650391 0.361806 0.017448 0.012500
0 0.668620 0.362731 0.017448 0.012500
0 0.686068 0.362731 0.017448 0.012500
0 0.705599 0.364120 0.017448 0.012500
0 0.722266 0.364583 0.017448 0.012500
0 0.723307 0.377083 0.017448 0.012500
0 0.706120 0.376620 0.017448 0.012500
0 0.686849 0.375694 0.017448 0.012500
0 0.669141 0.374769 0.017448 0.012500
0 0.651172 0.374306 0.017448 0.012500
0 0.633203 0.373380 0.017448 0.012500
0 0.633724 0.386343 0.017448 0.012500
0 0.651432 0.387269 0.017448 0.012500
0 0.669661 0.387731 0.017448 0.012500
0 0.687370 0.388194 0.017448 0.012500
0 0.706901 0.388657 0.017448 0.012500
0 0.724349 0.389583 0.017448 0.012500
0 0.724870 0.403009 0.017448 0.012500
0 0.707682 0.401620 0.017448 0.012500
0 0.687891 0.401157 0.017448 0.012500
0 0.670182 0.400694 0.017448 0.012500
0 0.651432 0.400231 0.017448 0.012500
0 0.634245 0.398843 0.017448 0.012500
0 0.689063 0.416898 0.018229 0.014352
0 0.689844 0.431250 0.018229 0.014352
0 0.709635 0.431250 0.018229 0.014352
0 0.709115 0.416898 0.018229 0.014352
0 0.726823 0.417824 0.018229 0.014352
0 0.727344 0.431713 0.018229 0.014352
0 0.611849 0.253704 0.016406 0.012963
0 0.595703 0.252778 0.016406 0.012963
0 0.577734 0.252778 0.016406 0.012963
0 0.561849 0.252315 0.016406 0.012963
0 0.492057 0.248611 0.016406 0.012963
0 0.492057 0.259722 0.016406 0.012963
0 0.507682 0.261574 0.016406 0.012963
0 0.526432 0.262037 0.016406 0.012963
0 0.541797 0.262963 0.016406 0.012963
0 0.561589 0.262963 0.016406 0.012963
0 0.577474 0.263889 0.016406 0.012963
0 0.595964 0.265278 0.016406 0.012963
0 0.611849 0.265741 0.016406 0.012963
0 0.612109 0.277315 0.016406 0.012963
0 0.595703 0.276852 0.016406 0.012963
0 0.577734 0.276389 0.016406 0.012963
0 0.561589 0.275926 0.016406 0.012963
0 0.542057 0.274074 0.016406 0.012963
0 0.526172 0.273611 0.016406 0.012963
0 0.507422 0.273148 0.016406 0.012963
0 0.492057 0.271296 0.016406 0.012963
0 0.491016 0.282407 0.016406 0.012963
0 0.507161 0.284722 0.016406 0.012963
0 0.525911 0.284722 0.016406 0.012963
0 0.541797 0.286111 0.016406 0.012963
0 0.561068 0.287037 0.016406 0.012963
0 0.577474 0.287963 0.016406 0.012963
0 0.596224 0.288426 0.016406 0.012963
0 0.612370 0.288889 0.016406 0.012963
0 0.577995 0.298611 0.016406 0.012963
0 0.560807 0.299537 0.016406 0.012963
0 0.541797 0.297685 0.016406 0.012963
0 0.525911 0.297222 0.016406 0.012963
0 0.506641 0.295833 0.016406 0.012963
0 0.490495 0.293981 0.016406 0.012963
0 0.490495 0.306019 0.016406 0.012963
0 0.506380 0.307870 0.016406 0.012963
0 0.525651 0.308796 0.016406 0.012963
0 0.541536 0.310185 0.016406 0.012963
0 0.561589 0.310185 0.016406 0.012963
0 0.577995 0.311574 0.016406 0.012963
0 0.577474 0.323611 0.016406 0.012963
0 0.561589 0.322222 0.016406 0.012963
0 0.541276 0.321759 0.016406 0.012963
0 0.524870 0.320833 0.016406 0.012963
0 0.505599 0.319907 0.016406 0.012963
0 0.489714 0.318519 0.016406 0.012963
0 0.489453 0.330556 0.016406 0.012963
0 0.506120 0.331481 0.016406 0.012963
0 0.524870 0.332407 0.016406 0.012963
0 0.541276 0.333333 0.016406 0.012963
0 0.561328 0.334722 0.016406 0.012963
0 0.577474 0.334722 0.016406 0.012963
0 0.596484 0.336111 0.016406 0.012963
0 0.613151 0.337037 0.016406 0.012963
0 0.613672 0.348611 0.016406 0.012963
0 0.597266 0.348148 0.016406 0.012963
0 0.577474 0.346759 0.016406 0.012963
0 0.560807 0.346759 0.016406 0.012963
0 0.540755 0.345833 0.016406 0.012963
0 0.525130 0.344444 0.016406 0.012963
0 0.505339 0.343519 0.016406 0.012963
0 0.489453 0.342593 0.016406 0.012963
0 0.488672 0.354630 0.016406 0.012963
0 0.505078 0.355556 0.016406 0.012963
0 0.524870 0.356481 0.016406 0.012963
0 0.541016 0.357407 0.016406 0.012963
0 0.561328 0.358796 0.016406 0.012963
0 0.597266 0.360185 0.016406 0.012963
0 0.577734 0.359259 0.016406 0.012963
0 0.613932 0.360648 0.016406 0.012963
0 0.613932 0.372685 0.016406 0.012963
0 0.597266 0.372685 0.016406 0.012963
0 0.577734 0.372222 0.016406 0.012963
0 0.561328 0.371296 0.016406 0.012963
0 0.541016 0.369444 0.016406 0.012963
0 0.524349 0.368519 0.016406 0.012963
0 0.504818 0.367593 0.016406 0.012963
0 0.488151 0.367130 0.016406 0.012963
0 0.488151 0.379167 0.016406 0.012963
0 0.504557 0.380093 0.016406 0.012963
0 0.523828 0.381019 0.016406 0.012963
0 0.540755 0.381944 0.016406 0.012963
0 0.561328 0.382870 0.016406 0.012963
0 0.578255 0.383796 0.016406 0.012963
0 0.597266 0.385185 0.016406 0.012963
0 0.614453 0.385648 0.016406 0.012963
0 0.614714 0.399074 0.016406 0.012963
0 0.598047 0.398148 0.016406 0.012963
0 0.577734 0.396759 0.016406 0.012963
0 0.560547 0.395833 0.016406 0.012963
0 0.540234 0.394444 0.016406 0.012963
0 0.523828 0.393981 0.016406 0.012963
0 0.503776 0.393056 0.016406 0.012963
0 0.487630 0.392130 0.016406 0.012963
0 0.468880 0.390741 0.016406 0.012963
0 0.451953 0.389815 0.016406 0.012963
0 0.432422 0.388426 0.016406 0.012963
0 0.416016 0.387500 0.016406 0.012963
0 0.395443 0.387500 0.016406 0.012963
0 0.378255 0.386111 0.016406 0.012963
0 0.379557 0.373611 0.016406 0.012963
0 0.395964 0.375000 0.016406 0.012963
0 0.416536 0.375463 0.016406 0.012963
0 0.433203 0.375926 0.016406 0.012963
0 0.452734 0.377315 0.016406 0.012963
0 0.468880 0.377778 0.016406 0.012963
0 0.469661 0.364815 0.016406 0.012963
0 0.452995 0.364815 0.016406 0.012963
0 0.433984 0.363889 0.016406 0.012963
0 0.417318 0.362963 0.016406 0.012963
0 0.396745 0.362963 0.016406 0.012963
0 0.380339 0.361574 0.016406 0.012963
0 0.381380 0.348148 0.016406 0.012963
0 0.397526 0.350000 0.016406 0.012963
0 0.434766 0.351852 0.016406 0.012963
0 0.417839 0.349074 0.016406 0.012963
0 0.453776 0.352315 0.016406 0.012963
0 0.470182 0.353241 0.016406 0.012963
0 0.470703 0.341204 0.016406 0.012963
0 0.454297 0.340741 0.016406 0.012963
0 0.435026 0.339352 0.016406 0.012963
0 0.419401 0.338889 0.016406 0.012963
0 0.398047 0.337963 0.016406 0.012963
0 0.382422 0.337037 0.016406 0.012963
0 0.382943 0.325463 0.016406 0.012963
0 0.399609 0.325463 0.016406 0.012963
0 0.419661 0.325926 0.016406 0.012963
0 0.435807 0.326852 0.016406 0.012963
0 0.454818 0.327778 0.016406 0.012963
0 0.471224 0.329167 0.016406 0.012963
0 0.471745 0.318056 0.016406 0.012963
0 0.455078 0.317593 0.016406 0.012963
0 0.436589 0.315278 0.016406 0.012963
0 0.420182 0.314815 0.016406 0.012963
0 0.400130 0.314815 0.016406 0.012963
0 0.383984 0.313426 0.016406 0.012963
0 0.384766 0.300926 0.016406 0.012963
0 0.400651 0.302315 0.016406 0.012963
0 0.420443 0.303241 0.016406 0.012963
0 0.437109 0.303241 0.016406 0.012963
0 0.456120 0.304167 0.016406 0.012963
0 0.471745 0.305556 0.016406 0.012963
0 0.472266 0.293519 0.016406 0.012963
0 0.456380 0.293519 0.016406 0.012963
0 0.437370 0.291667 0.016406 0.012963
0 0.421224 0.291204 0.016406 0.012963
0 0.385286 0.289352 0.016406 0.012963
0 0.401693 0.291204 0.016406 0.012963
0 0.386849 0.277778 0.016406 0.012963
0 0.402734 0.279167 0.016406 0.012963
0 0.422005 0.279167 0.016406 0.012963
0 0.438411 0.279167 0.016406 0.012963
0 0.456641 0.281019 0.016406 0.012963
0 0.472786 0.281944 0.016406 0.012963
0 0.473047 0.269907 0.016406 0.012963
0 0.457161 0.268981 0.016406 0.012963
0 0.439193 0.268981 0.016406 0.012963
0 0.422786 0.267593 0.016406 0.012963
0 0.403255 0.267593 0.016406 0.012963
0 0.387370 0.266667 0.016406 0.012963
0 0.387891 0.255093 0.016406 0.012963
0 0.404036 0.256019 0.016406 0.012963
0 0.423568 0.256019 0.016406 0.012963
0 0.439193 0.256481 0.016406 0.012963
0 0.457422 0.257870 0.016406 0.012963
0 0.473568 0.258333 0.016406 0.012963
0 0.474089 0.247685 0.016406 0.012963
0 0.457943 0.246296 0.016406 0.012963
0 0.440234 0.245833 0.016406 0.012963
0 0.423828 0.244444 0.016406 0.012963
0 0.405078 0.244444 0.016406 0.012963
0 0.389193 0.243981 0.016406 0.012963
0 0.415365 0.406481 0.017708 0.012963
0 0.414323 0.418519 0.017708 0.012963
0 0.413672 0.435417 0.016927 0.015278
0 0.413151 0.449306 0.016927 0.015278
0 0.430078 0.451620 0.016927 0.015278
0 0.430599 0.436806 0.016927 0.015278
0 0.430599 0.420602 0.016927 0.015278
0 0.431641 0.407639 0.016927 0.015278
0 0.450911 0.408102 0.016927 0.015278
0 0.450130 0.421991 0.016927 0.015278
0 0.449870 0.437269 0.016927 0.015278
0 0.449089 0.452546 0.016927 0.015278
0 0.466797 0.453009 0.016927 0.015278
0 0.467318 0.439120 0.016927 0.015278
0 0.468359 0.421991 0.016927 0.015278
0 0.468099 0.409491 0.016927 0.015278
0 0.487891 0.410880 0.016927 0.015278
0 0.487630 0.421528 0.016927 0.015278
0 0.486328 0.439583 0.016927 0.015278
0 0.485807 0.454398 0.016927 0.015278
0 0.504036 0.453935 0.016927 0.015278
0 0.504557 0.440046 0.016927 0.015278
0 0.504557 0.423843 0.016927 0.015278
0 0.504818 0.411806 0.016927 0.015278
0 0.523307 0.412731 0.016927 0.015278
0 0.523568 0.425231 0.016927 0.015278
0 0.523568 0.440509 0.016927 0.015278
0 0.523047 0.455324 0.016927 0.015278
0 0.539453 0.455787 0.016927 0.015278
0 0.539974 0.443287 0.016927 0.015278
0 0.539714 0.426620 0.016927 0.015278
0 0.539714 0.413657 0.016927 0.015278
0 0.559505 0.414120 0.016927 0.015278
0 0.559505 0.425231 0.016927 0.015278
0 0.559245 0.442824 0.016927 0.015278
0 0.558724 0.457176 0.016927 0.015278
0 0.577734 0.458102 0.016927 0.015278
0 0.577474 0.444676 0.016927 0.015278
0 0.577474 0.426620 0.016927 0.015278
0 0.576953 0.414120 0.016927 0.015278
0 0.596224 0.426157 0.016927 0.015278
0 0.595964 0.444676 0.016927 0.015278
0 0.595964 0.459028 0.016927 0.015278
0 0.614714 0.460417 0.016927 0.015278
0 0.614714 0.446528 0.016927 0.015278
0 0.614193 0.427083 0.016927 0.015278
0 0.633203 0.428009 0.016927 0.015278
0 0.633984 0.446528 0.016927 0.015278
0 0.633984 0.461343 0.016927 0.015278
0 0.681641 0.458565 0.016927 0.015278
0 0.699349 0.459028 0.016927 0.015278
0 0.719141 0.459954 0.016927 0.015278
0 0.737109 0.468287 0.016927 0.015278
0 0.719141 0.474306 0.016927 0.015278
0 0.698828 0.474306 0.016927 0.015278
0 0.681641 0.473380 0.016927 0.015278
0 0.737109 0.483565 0.016927 0.015278
0 0.719922 0.490046 0.016927 0.015278
0 0.699870 0.489583 0.016927 0.015278
0 0.683203 0.488657 0.016927 0.015278
0 0.662891 0.488194 0.016927 0.015278
0 0.645703 0.488657 0.016927 0.015278
0 0.626432 0.487731 0.016927 0.015278
0 0.609766 0.487269 0.016927 0.015278
0 0.609245 0.501157 0.016927 0.015278
0 0.625911 0.501620 0.016927 0.015278
0 0.646224 0.501620 0.016927 0.015278
0 0.662891 0.502546 0.016927 0.015278
0 0.682943 0.503009 0.016927 0.015278
0 0.699870 0.503472 0.016927 0.015278
0 0.720182 0.503935 0.016927 0.015278
0 0.737630 0.498380 0.016927 0.015278
0 0.737891 0.513657 0.016927 0.015278
0 0.720443 0.519676 0.016927 0.015278
0 0.700651 0.517824 0.016927 0.015278
0 0.683203 0.517824 0.016927 0.015278
0 0.663151 0.516898 0.016927 0.015278
0 0.645703 0.515972 0.016927 0.015278
0 0.626172 0.515509 0.016927 0.015278
0 0.608984 0.515509 0.016927 0.015278
0 0.609505 0.529398 0.016927 0.015278
0 0.626693 0.530324 0.016927 0.015278
0 0.646745 0.531250 0.016927 0.015278
0 0.663411 0.531713 0.016927 0.015278
0 0.683203 0.532639 0.016927 0.015278
0 0.700911 0.533565 0.016927 0.015278
0 0.720443 0.534028 0.016927 0.015278
0 0.738151 0.529861 0.016927 0.015278
0 0.738151 0.545602 0.016927 0.015278
0 0.720964 0.549769 0.016927 0.015278
0 0.700911 0.547917 0.016927 0.015278
0 0.683984 0.547454 0.016927 0.015278
0 0.663151 0.546528 0.016927 0.015278
0 0.646745 0.545602 0.016927 0.015278
0 0.626432 0.545602 0.016927 0.015278
0 0.609245 0.544676 0.016927 0.015278
0 0.609505 0.559028 0.016927 0.015278
0 0.626432 0.559491 0.016927 0.015278
0 0.646745 0.560417 0.016927 0.015278
0 0.664193 0.561343 0.016927 0.015278
0 0.683724 0.561806 0.016927 0.015278
0 0.701693 0.562731 0.016927 0.015278
0 0.721484 0.563657 0.016927 0.015278
0 0.738932 0.560880 0.016927 0.015278
0 0.739323 0.577083 0.017708 0.016204
0 0.721615 0.578472 0.017708 0.016204
0 0.701302 0.578009 0.017708 0.016204
0 0.684115 0.576620 0.017708 0.016204
0 0.663802 0.576620 0.017708 0.016204
0 0.646615 0.575694 0.017708 0.016204
0 0.627344 0.574306 0.017708 0.016204
0 0.609115 0.574306 0.017708 0.016204
0 0.609896 0.589120 0.017708 0.016204
0 0.627083 0.589120 0.017708 0.016204
0 0.647135 0.590509 0.017708 0.016204
0 0.664323 0.590972 0.017708 0.016204
0 0.684896 0.592361 0.017708 0.016204
0 0.702083 0.593287 0.017708 0.016204
0 0.721875 0.593750 0.017708 0.016204
0 0.739583 0.592824 0.017708 0.016204
0 0.739583 0.609028 0.017708 0.016204
0 0.722396 0.608565 0.017708 0.016204
0 0.702604 0.608102 0.017708 0.016204
0 0.684896 0.608102 0.017708 0.016204
0 0.664062 0.606250 0.017708 0.016204
0 0.646875 0.604861 0.017708 0.016204
0 0.627083 0.603935 0.017708 0.016204
0 0.609375 0.603472 0.017708 0.016204
0 0.609896 0.618287 0.017708 0.016204
0 0.626563 0.620139 0.017708 0.016204
0 0.647396 0.621065 0.017708 0.016204
0 0.664583 0.621065 0.017708 0.016204
0 0.685677 0.622917 0.017708 0.016204
0 0.722396 0.624306 0.017708 0.016204
0 0.701562 0.622454 0.017708 0.016204
0 0.740625 0.624306 0.017708 0.016204
0 0.740365 0.640509 0.017708 0.016204
0 0.722656 0.639120 0.017708 0.016204
0 0.703125 0.638657 0.017708 0.016204
0 0.685417 0.638657 0.017708 0.016204
0 0.664583 0.636343 0.017708 0.016204
0 0.647396 0.634954 0.017708 0.016204
0 0.627344 0.634491 0.017708 0.016204
0 0.610156 0.634491 0.017708 0.016204
0 0.610417 0.649769 0.017708 0.016204
0 0.627604 0.649769 0.017708 0.016204
0 0.647917 0.651620 0.017708 0.016204
0 0.665625 0.652083 0.017708 0.016204
0 0.685417 0.653009 0.017708 0.016204
0 0.702344 0.653472 0.017708 0.016204
0 0.722917 0.654398 0.017708 0.016204
0 0.740625 0.655324 0.017708 0.016204
0 0.741146 0.671991 0.017708 0.016204
0 0.723177 0.671065 0.017708 0.016204
0 0.703385 0.669213 0.017708 0.016204
0 0.686458 0.668750 0.017708 0.016204
0 0.665625 0.668287 0.017708 0.016204
0 0.647917 0.666435 0.017708 0.016204
0 0.628125 0.665509 0.017708 0.016204
0 0.610417 0.665046 0.017708 0.016204
0 0.610156 0.679861 0.017708 0.016204
0 0.627865 0.681713 0.017708 0.016204
0 0.648177 0.681250 0.017708 0.016204
0 0.665885 0.683102 0.017708 0.016204
0 0.686198 0.684028 0.017708 0.016204
0 0.703385 0.684954 0.017708 0.016204
0 0.723958 0.685880 0.017708 0.016204
0 0.741146 0.686343 0.017708 0.016204
0 0.741667 0.702083 0.017708 0.016204
0 0.723698 0.701157 0.017708 0.016204
0 0.703906 0.700694 0.017708 0.016204
0 0.686458 0.699306 0.017708 0.016204
0 0.665885 0.697917 0.017708 0.016204
0 0.647917 0.697454 0.017708 0.016204
0 0.610417 0.695602 0.017708 0.016204
0 0.610677 0.710880 0.017708 0.016204
0 0.593359 0.710417 0.018490 0.017130
0 0.593620 0.695139 0.018490 0.017130
0 0.556380 0.692824 0.018490 0.017130
0 0.538411 0.691898 0.018490 0.017130
0 0.519401 0.707176 0.018490 0.017130
0 0.519141 0.690509 0.018490 0.017130
0 0.477995 0.703935 0.018490 0.017130
0 0.478516 0.688194 0.018490 0.017130
0 0.460807 0.672454 0.018490 0.017130
0 0.478255 0.673380 0.018490 0.017130
0 0.502214 0.674306 0.018490 0.017130
0 0.519401 0.675231 0.018490 0.017130
0 0.539453 0.676157 0.018490 0.017130
0 0.556641 0.677083 0.018490 0.017130
0 0.576172 0.678009 0.018490 0.017130
0 0.592839 0.678935 0.018490 0.017130
0 0.593359 0.663657 0.018490 0.017130
0 0.576172 0.662731 0.018490 0.017130
0 0.556641 0.662269 0.018490 0.017130
0 0.539193 0.661343 0.018490 0.017130
0 0.519922 0.659954 0.018490 0.017130
0 0.501953 0.659028 0.018490 0.017130
0 0.479557 0.657639 0.018490 0.017130
0 0.462109 0.655787 0.018490 0.017130
0 0.462370 0.642361 0.018490 0.017130
0 0.479036 0.643287 0.018490 0.017130
0 0.502734 0.643750 0.018490 0.017130
0 0.520182 0.645139 0.018490 0.017130
0 0.538932 0.646065 0.018490 0.017130
0 0.556120 0.646528 0.018490 0.017130
0 0.576172 0.647917 0.018490 0.017130
0 0.593620 0.648380 0.018490 0.017130
0 0.593359 0.633565 0.018490 0.017130
0 0.575911 0.632639 0.018490 0.017130
0 0.556380 0.631713 0.018490 0.017130
0 0.539193 0.630787 0.018490 0.017130
0 0.520182 0.629861 0.018490 0.017130
0 0.502995 0.628935 0.018490 0.017130
0 0.479297 0.627083 0.018490 0.017130
0 0.461849 0.627546 0.018490 0.017130
0 0.462370 0.611806 0.018490 0.017130
0 0.480078 0.612269 0.018490 0.017130
0 0.502995 0.613657 0.018490 0.017130
0 0.519922 0.614120 0.018490 0.017130
0 0.539453 0.615972 0.018490 0.017130
0 0.555859 0.615509 0.018490 0.017130
0 0.575651 0.616898 0.018490 0.017130
0 0.593359 0.617824 0.018490 0.017130
0 0.593099 0.603009 0.018490 0.017130
0 0.575911 0.602546 0.018490 0.017130
0 0.556901 0.600694 0.018490 0.017130
0 0.539974 0.600231 0.018490 0.017130
0 0.520443 0.599769 0.018490 0.017130
0 0.503516 0.598843 0.018490 0.017130
0 0.480078 0.597917 0.018490 0.017130
0 0.463411 0.596991 0.018490 0.017130
0 0.463411 0.582176 0.018490 0.017130
0 0.480339 0.581250 0.018490 0.017130
0 0.504297 0.584491 0.018490 0.017130
0 0.519922 0.584954 0.018490 0.017130
0 0.540234 0.585417 0.018490 0.017130
0 0.555599 0.586343 0.018490 0.017130
0 0.575651 0.587269 0.018490 0.017130
0 0.593099 0.587731 0.018490 0.017130
0 0.592318 0.572917 0.018490 0.017130
0 0.575651 0.572454 0.018490 0.017130
0 0.556380 0.572454 0.018490 0.017130
0 0.539714 0.571065 0.018490 0.017130
0 0.520443 0.570139 0.018490 0.017130
0 0.504036 0.569676 0.018490 0.017130
0 0.480859 0.568287 0.018490 0.017130
0 0.463672 0.567361 0.018490 0.017130
0 0.464193 0.553472 0.018490 0.017130
0 0.481380 0.553935 0.018490 0.017130
0 0.504818 0.554861 0.018490 0.017130
0 0.521224 0.554861 0.018490 0.017130
0 0.540234 0.555787 0.018490 0.017130
0 0.556380 0.556250 0.018490 0.017130
0 0.575651 0.558565 0.018490 0.017130
0 0.593099 0.558102 0.018490 0.017130
0 0.593099 0.543287 0.018490 0.017130
0 0.575130 0.543287 0.018490 0.017130
0 0.556641 0.542824 0.018490 0.017130
0 0.539193 0.540972 0.018490 0.017130
0 0.520443 0.540046 0.018490 0.017130
0 0.504036 0.540972 0.018490 0.017130
0 0.481641 0.539120 0.018490 0.017130
0 0.464193 0.539120 0.018490 0.017130
0 0.464453 0.523843 0.018490 0.017130
0 0.481641 0.523843 0.018490 0.017130
0 0.504818 0.525231 0.018490 0.017130
0 0.521484 0.526620 0.018490 0.017130
0 0.539714 0.526620 0.018490 0.017130
0 0.556641 0.527546 0.018490 0.017130
0 0.575391 0.528472 0.018490 0.017130
0 0.592839 0.529398 0.018490 0.017130
0 0.592318 0.515046 0.018490 0.017130
0 0.575391 0.514583 0.018490 0.017130
0 0.557422 0.513194 0.018490 0.017130
0 0.539714 0.513657 0.018490 0.017130
0 0.520443 0.511806 0.018490 0.017130
0 0.505339 0.511806 0.018490 0.017130
0 0.482422 0.510417 0.018490 0.017130
0 0.464714 0.509954 0.018490 0.017130
0 0.464974 0.495139 0.018490 0.017130
0 0.482161 0.495602 0.018490 0.017130
0 0.505339 0.496991 0.018490 0.017130
0 0.521224 0.496991 0.018490 0.017130
0 0.540234 0.498380 0.018490 0.017130
0 0.557682 0.499306 0.018490 0.017130
0 0.575651 0.500231 0.018490 0.017130
0 0.592318 0.499306 0.018490 0.017130
0 0.592839 0.484491 0.018490 0.017130
0 0.576172 0.485417 0.018490 0.017130
0 0.556901 0.484954 0.018490 0.017130
0 0.539453 0.483565 0.018490 0.017130
0 0.521745 0.483565 0.018490 0.017130
0 0.504557 0.482639 0.018490 0.017130
0 0.483203 0.482176 0.018490 0.017130
0 0.464974 0.480787 0.018490 0.017130
0 0.320312 0.435185 0.017188 0.014815
0 0.340625 0.437037 0.017188 0.014815
0 0.357031 0.437963 0.017188 0.014815
0 0.356510 0.451389 0.017188 0.014815
0 0.339844 0.450926 0.017188 0.014815
0 0.319792 0.449537 0.017188 0.014815
0 0.319010 0.463889 0.017188 0.014815
0 0.339583 0.463889 0.017188 0.014815
0 0.355729 0.465741 0.017188 0.014815
0 0.318490 0.478241 0.017188 0.014815
0 0.338802 0.479630 0.017188 0.014815
0 0.354948 0.480556 0.017188 0.014815
0 0.374740 0.477778 0.017188 0.014815
0 0.390625 0.477778 0.017188 0.014815
0 0.410677 0.478704 0.017188 0.014815
0 0.426563 0.478704 0.017188 0.014815
0 0.443229 0.479167 0.017188 0.014815
0 0.442708 0.494444 0.017188 0.014815
0 0.426302 0.493519 0.017188 0.014815
0 0.410156 0.493056 0.017188 0.014815
0 0.390885 0.492593 0.017188 0.014815
0 0.374479 0.492130 0.017188 0.014815
0 0.355208 0.494444 0.017188 0.014815
0 0.338802 0.493981 0.017188 0.014815
0 0.318490 0.493056 0.017188 0.014815
0 0.318229 0.507407 0.017188 0.014815
0 0.337760 0.508796 0.017188 0.014815
0 0.353906 0.508796 0.017188 0.014815
0 0.373958 0.506481 0.017188 0.014815
0 0.390104 0.506944 0.017188 0.014815
0 0.409635 0.506481 0.017188 0.014815
0 0.426563 0.506944 0.017188 0.014815
0 0.442188 0.507870 0.017188 0.014815
0 0.442188 0.522222 0.017188 0.014815
0 0.425521 0.522222 0.017188 0.014815
0 0.409375 0.521296 0.017188 0.014815
0 0.390104 0.520833 0.017188 0.014815
0 0.372917 0.520833 0.017188 0.014815
0 0.353646 0.523611 0.017188 0.014815
0 0.337500 0.523148 0.017188 0.014815
0 0.316927 0.521759 0.017188 0.014815
0 0.316146 0.537500 0.017188 0.014815
0 0.336719 0.537963 0.017188 0.014815
0 0.352865 0.538426 0.017188 0.014815
0 0.372135 0.535648 0.017188 0.014815
0 0.388802 0.536111 0.017188 0.014815
0 0.408594 0.536111 0.017188 0.014815
0 0.425521 0.536574 0.017188 0.014815
0 0.441406 0.537037 0.017188 0.014815
0 0.441667 0.552315 0.017188 0.014815
0 0.424740 0.551852 0.017188 0.014815
0 0.408073 0.550926 0.017188 0.014815
0 0.388281 0.550463 0.017188 0.014815
0 0.372135 0.550000 0.017188 0.014815
0 0.352604 0.552778 0.017188 0.014815
0 0.336458 0.552778 0.017188 0.014815
0 0.316146 0.551389 0.017188 0.014815
0 0.314844 0.566204 0.017188 0.014815
0 0.335677 0.566667 0.017188 0.014815
0 0.352083 0.567130 0.017188 0.014815
0 0.371354 0.563889 0.017188 0.014815
0 0.387760 0.564815 0.017188 0.014815
0 0.407292 0.565278 0.017188 0.014815
0 0.424219 0.565741 0.017188 0.014815
0 0.440625 0.565741 0.017188 0.014815
0 0.440365 0.581481 0.017188 0.014815
0 0.424219 0.580556 0.017188 0.014815
0 0.407031 0.580093 0.017188 0.014815
0 0.387500 0.579167 0.017188 0.014815
0 0.371354 0.579630 0.017188 0.014815
0 0.352083 0.582407 0.017188 0.014815
0 0.334635 0.581481 0.017188 0.014815
0 0.314844 0.580556 0.017188 0.014815
0 0.314323 0.595370 0.017188 0.014815
0 0.333854 0.596759 0.017188 0.014815
0 0.351042 0.597685 0.017188 0.014815
0 0.370052 0.593056 0.017188 0.014815
0 0.387500 0.594444 0.017188 0.014815
0 0.406771 0.594444 0.017188 0.014815
0 0.423958 0.595370 0.017188 0.014815
0 0.440365 0.596759 0.017188 0.014815
0 0.440365 0.610648 0.017188 0.014815
0 0.422396 0.610185 0.017188 0.014815
0 0.406771 0.609722 0.017188 0.014815
0 0.386458 0.609722 0.017188 0.014815
0 0.369271 0.609259 0.017188 0.014815
0 0.349740 0.612500 0.017188 0.014815
0 0.333073 0.611574 0.017188 0.014815
0 0.313281 0.610185 0.017188 0.014815
0 0.313021 0.626389 0.017188 0.014815
0 0.332813 0.626852 0.017188 0.014815
0 0.349479 0.627778 0.017188 0.014815
0 0.369531 0.623611 0.017188 0.014815
0 0.386198 0.624537 0.017188 0.014815
0 0.406250 0.624537 0.017188 0.014815
0 0.422917 0.625000 0.017188 0.014815
0 0.439583 0.625463 0.017188 0.014815
0 0.438802 0.640278 0.017188 0.014815
0 0.422135 0.640741 0.017188 0.014815
0 0.405729 0.639352 0.017188 0.014815
0 0.385417 0.639352 0.017188 0.014815
0 0.368750 0.638426 0.017188 0.014815
0 0.349219 0.642593 0.017188 0.014815
0 0.332031 0.642593 0.017188 0.014815
0 0.312240 0.640741 0.017188 0.014815
0 0.311458 0.656481 0.017188 0.014815
0 0.331510 0.656944 0.017188 0.014815
0 0.348438 0.657407 0.017188 0.014815
0 0.367708 0.654167 0.017188 0.014815
0 0.384896 0.655093 0.017188 0.014815
0 0.405208 0.655093 0.017188 0.014815
0 0.421875 0.656019 0.017188 0.014815
0 0.438802 0.656481 0.017188 0.014815
0 0.438542 0.671759 0.017188 0.014815
0 0.421615 0.670833 0.017188 0.014815
0 0.404687 0.670833 0.017188 0.014815
0 0.384635 0.670370 0.017188 0.014815
0 0.366927 0.669907 0.017188 0.014815
0 0.348177 0.672222 0.017188 0.014815
0 0.330469 0.671759 0.017188 0.014815
0 0.310937 0.671759 0.017188 0.014815
0 0.310417 0.686574 0.017188 0.014815
0 0.329688 0.688426 0.017188 0.014815
0 0.346875 0.688426 0.017188 0.014815
0 0.366927 0.684259 0.017188 0.014815
0 0.383854 0.686574 0.017188 0.014815
0 0.421354 0.686574 0.017188 0.014815
0 0.438281 0.687037 0.017188 0.014815
0 0.437240 0.702778 0.017188 0.014815
0 0.420833 0.702778 0.017188 0.014815
0 0.383073 0.701389 0.017188 0.014815
0 0.366146 0.700926 0.017188 0.014815
0 0.346354 0.703704 0.017188 0.014815
0 0.329427 0.702778 0.017188 0.014815
0 0.309635 0.702315 0.017188 0.014815
0 0.309115 0.718056 0.017188 0.014815
0 0.328906 0.718519 0.017188 0.014815
0 0.345313 0.719907 0.017188 0.014815
0 0.365365 0.716204 0.017188 0.014815
0 0.382292 0.717130 0.017188 0.014815
0 0.403125 0.717593 0.017188 0.014815
0 0.419792 0.717130 0.017188 0.014815
0 0.437240 0.718519 0.017188 0.014815
0 0.436458 0.734722 0.017188 0.014815
0 0.419792 0.733796 0.017188 0.014815
0 0.402865 0.733333 0.017188 0.014815
0 0.382031 0.731944 0.017188 0.014815
0 0.364323 0.731481 0.017188 0.014815
0 0.344010 0.734722 0.017188 0.014815
0 0.327865 0.734259 0.017188 0.014815
0 0.308073 0.732870 0.017188 0.014815
0 0.307812 0.749537 0.017188 0.014815
0 0.327083 0.750000 0.017188 0.014815
0 0.344271 0.751389 0.017188 0.014815
0 0.364323 0.747222 0.017188 0.014815
0 0.381510 0.748611 0.017188 0.014815
0 0.401823 0.749074 0.017188 0.014815
0 0.418750 0.749537 0.017188 0.014815
0 0.436458 0.750000 0.017188 0.014815
0 0.435937 0.765741 0.017708 0.016667
0 0.418750 0.765278 0.017708 0.016667
0 0.401823 0.764815 0.017708 0.016667
0 0.380729 0.764352 0.017708 0.016667
0 0.363281 0.763426 0.017708 0.016667
0 0.343229 0.766667 0.017708 0.016667
0 0.326562 0.766204 0.017708 0.016667
0 0.307292 0.765278 0.017708 0.016667
0 0.306250 0.781019 0.017708 0.016667
0 0.325781 0.781481 0.017708 0.016667
0 0.342708 0.782870 0.017708 0.016667
0 0.363021 0.780556 0.017708 0.016667
0 0.380729 0.780556 0.017708 0.016667
0 0.400781 0.781944 0.017708 0.016667
0 0.417969 0.781019 0.017708 0.016667
0 0.436198 0.781944 0.017708 0.016667
0 0.435156 0.798148 0.017708 0.016667
0 0.417969 0.798148 0.017708 0.016667
0 0.400000 0.797222 0.017708 0.016667
0 0.379688 0.795370 0.017708 0.016667
0 0.361979 0.795833 0.017708 0.016667
0 0.342187 0.798611 0.017708 0.016667
0 0.325521 0.797685 0.017708 0.016667
0 0.306250 0.796759 0.017708 0.016667
0 0.305208 0.813889 0.017708 0.016667
0 0.324219 0.813889 0.017708 0.016667
0 0.341406 0.814815 0.017708 0.016667
0 0.361979 0.811111 0.017708 0.016667
0 0.379688 0.811574 0.017708 0.016667
0 0.399740 0.812037 0.017708 0.016667
0 0.417708 0.813426 0.017708 0.016667
0 0.434896 0.814352 0.017708 0.016667
0 0.434635 0.830093 0.017708 0.016667
0 0.416667 0.829630 0.017708 0.016667
0 0.399219 0.829630 0.017708 0.016667
0 0.378646 0.828241 0.017708 0.016667
0 0.361458 0.828241 0.017708 0.016667
0 0.458854 0.734954 0.018229 0.017130
0 0.477344 0.735417 0.018229 0.017130
0 0.501302 0.736806 0.018229 0.017130
0 0.518490 0.738657 0.018229 0.017130
0 0.538542 0.739120 0.018229 0.017130
0 0.555990 0.740509 0.018229 0.017130
0 0.575781 0.741435 0.018229 0.017130
0 0.575781 0.757176 0.018229 0.017130
0 0.556510 0.756250 0.018229 0.017130
0 0.539323 0.755324 0.018229 0.017130
0 0.518490 0.753009 0.018229 0.017130
0 0.501563 0.753009 0.018229 0.017130
0 0.477083 0.752083 0.018229 0.017130
0 0.459375 0.751620 0.018229 0.017130
0 0.459115 0.766898 0.018229 0.017130
0 0.476823 0.767824 0.018229 0.017130
0 0.500781 0.769213 0.018229 0.017130
0 0.517969 0.770139 0.018229 0.017130
0 0.538021 0.771065 0.018229 0.017130
0 0.555469 0.771528 0.018229 0.017130
0 0.575781 0.789583 0.018229 0.017130
0 0.538281 0.787731 0.018229 0.017130
0 0.518490 0.785880 0.018229 0.017130
0 0.500521 0.784491 0.018229 0.017130
0 0.476823 0.783565 0.018229 0.017130
0 0.458594 0.783102 0.018229 0.017130
0 0.457813 0.798380 0.018229 0.017130
0 0.476302 0.799769 0.018229 0.017130
0 0.500000 0.801620 0.018229 0.017130
0 0.517188 0.802083 0.018229 0.017130
0 0.538281 0.803472 0.018229 0.017130
0 0.555990 0.804398 0.018229 0.017130
0 0.576562 0.805324 0.018229 0.017130
0 0.576302 0.820602 0.018229 0.017130
0 0.555990 0.820602 0.018229 0.017130
0 0.538542 0.820139 0.018229 0.017130
0 0.517448 0.818287 0.018229 0.017130
0 0.500260 0.817361 0.018229 0.017130
0 0.476302 0.815972 0.018229 0.017130
0 0.457292 0.815509 0.018229 0.017130
0 0.457031 0.831250 0.018229 0.017130
0 0.475521 0.832639 0.018229 0.017130
0 0.499740 0.834028 0.018229 0.017130
0 0.517708 0.834954 0.018229 0.017130
0 0.538021 0.835880 0.018229 0.017130
0 0.554688 0.836343 0.018229 0.017130
0 0.576042 0.837731 0.018229 0.017130
0 0.576302 0.854861 0.018229 0.017130
0 0.555729 0.853472 0.018229 0.017130
0 0.537240 0.853009 0.018229 0.017130
0 0.516927 0.851157 0.018229 0.017130
0 0.499219 0.850231 0.018229 0.017130
0 0.475781 0.848380 0.018229 0.017130
0 0.456510 0.848380 0.018229 0.017130
0 0.456250 0.864120 0.018229 0.017130
0 0.475521 0.865509 0.018229 0.017130
0 0.499219 0.866898 0.018229 0.017130
0 0.516667 0.867361 0.018229 0.017130
0 0.537760 0.869213 0.018229 0.017130
0 0.555469 0.870139 0.018229 0.017130
0 0.575781 0.871528 0.018229 0.017130
0 0.593099 0.757407 0.019010 0.016667
0 0.593620 0.774074 0.019010 0.016667
0 0.593880 0.790278 0.019010 0.016667
0 0.594141 0.806019 0.019010 0.016667
0 0.593880 0.822685 0.019010 0.016667
0 0.594401 0.838426 0.019010 0.016667
0 0.593359 0.856019 0.019010 0.016667
0 0.593359 0.871759 0.019010 0.016667
0 0.611849 0.873611 0.019010 0.016667
0 0.611328 0.856944 0.019010 0.016667
0 0.611589 0.840278 0.019010 0.016667
0 0.611849 0.823611 0.019010 0.016667
0 0.611328 0.807870 0.019010 0.016667
0 0.611589 0.791667 0.019010 0.016667
0 0.611068 0.775000 0.019010 0.016667
0 0.611068 0.759259 0.019010 0.016667
0 0.611589 0.743519 0.019010 0.016667
0 0.628776 0.744444 0.019010 0.016667
0 0.628776 0.761574 0.019010 0.016667
0 0.628255 0.776852 0.019010 0.016667
0 0.628255 0.793056 0.019010 0.016667
0 0.628776 0.808333 0.019010 0.016667
0 0.629036 0.824537 0.019010 0.016667
0 0.629297 0.841204 0.019010 0.016667
0 0.629557 0.856944 0.019010 0.016667
0 0.628776 0.874074 0.019010 0.016667
0 0.649349 0.875000 0.019010 0.016667
0 0.649870 0.858333 0.019010 0.016667
0 0.650130 0.842130 0.019010 0.016667
0 0.649349 0.826389 0.019010 0.016667
0 0.649349 0.810185 0.019010 0.016667
0 0.649349 0.793519 0.019010 0.016667
0 0.649089 0.777778 0.019010 0.016667
0 0.649089 0.762037 0.019010 0.016667
0 0.648307 0.745833 0.019010 0.016667
0 0.666016 0.745833 0.019010 0.016667
0 0.666536 0.762963 0.019010 0.016667
0 0.666016 0.778241 0.019010 0.016667
0 0.666797 0.793981 0.019010 0.016667
0 0.667057 0.810648 0.019010 0.016667
0 0.667057 0.827315 0.019010 0.016667
0 0.668099 0.843519 0.019010 0.016667
0 0.667318 0.860185 0.019010 0.016667
0 0.667839 0.875926 0.019010 0.016667
0 0.688411 0.877315 0.019010 0.016667
0 0.688932 0.860185 0.019010 0.016667
0 0.688151 0.843519 0.019010 0.016667
0 0.688151 0.828241 0.019010 0.016667
0 0.687630 0.795833 0.019010 0.016667
0 0.687109 0.810185 0.019010 0.016667
0 0.687370 0.779630 0.019010 0.016667
0 0.687370 0.762963 0.019010 0.016667
0 0.687370 0.747685 0.019010 0.016667
0 0.704818 0.749074 0.019010 0.016667
0 0.705339 0.764352 0.019010 0.016667
0 0.704818 0.780556 0.019010 0.016667
0 0.705078 0.795833 0.019010 0.016667
0 0.704818 0.813426 0.019010 0.016667
0 0.705339 0.829630 0.019010 0.016667
0 0.706380 0.844907 0.019010 0.016667
0 0.706120 0.861111 0.019010 0.016667
0 0.706901 0.878704 0.019010 0.016667
0 0.727474 0.879167 0.019010 0.016667
0 0.727734 0.863889 0.019010 0.016667
0 0.727474 0.846296 0.019010 0.016667
0 0.727214 0.830093 0.019010 0.016667
0 0.726432 0.814352 0.019010 0.016667
0 0.726432 0.798148 0.019010 0.016667
0 0.726172 0.781481 0.019010 0.016667
0 0.725651 0.765741 0.019010 0.016667
0 0.725391 0.750000 0.019010 0.016667
0 0.742839 0.750926 0.019010 0.016667
0 0.742839 0.767130 0.019010 0.016667
0 0.742839 0.783333 0.019010 0.016667
0 0.743880 0.798611 0.019010 0.016667
0 0.744141 0.814815 0.019010 0.016667
0 0.744922 0.830556 0.019010 0.016667
0 0.744661 0.847222 0.019010 0.016667
0 0.745964 0.864352 0.019010 0.016667
0 0.746224 0.879167 0.019010 0.016667
0 0.747266 0.901389 0.019010 0.016667
0 0.748047 0.919444 0.019010 0.016667
0 0.748568 0.937037 0.019010 0.016667
0 0.729557 0.935185 0.019010 0.016667
0 0.729557 0.917130 0.019010 0.016667
0 0.728776 0.900000 0.019010 0.016667
0 0.706641 0.898611 0.019010 0.016667
0 0.706901 0.916667 0.019010 0.016667
0 0.707422 0.934722 0.019010 0.016667
0 0.688411 0.933796 0.019010 0.016667
0 0.687891 0.915278 0.019010 0.016667
0 0.688151 0.898611 0.019010 0.016667
0 0.669661 0.897222 0.019010 0.016667
0 0.669661 0.914815 0.019010 0.016667
0 0.669922 0.932407 0.019010 0.016667
0 0.650651 0.931019 0.019010 0.016667
0 0.650651 0.912963 0.019010 0.016667
0 0.650130 0.895833 0.019010 0.016667
0 0.631641 0.894907 0.019010 0.016667
0 0.632422 0.912500 0.019010 0.016667
0 0.631641 0.930556 0.019010 0.016667
0 0.612630 0.929167 0.019010 0.016667
0 0.613151 0.912037 0.019010 0.016667
0 0.612891 0.894444 0.019010 0.016667
0 0.594141 0.892593 0.019010 0.016667
0 0.594141 0.910417 0.019010 0.018981
0 0.593880 0.928935 0.019010 0.018981
0 0.575391 0.926620 0.019010 0.018981
0 0.575391 0.909954 0.019010 0.018981
0 0.575651 0.891435 0.019010 0.018981
0 0.556380 0.891435 0.019010 0.018981
0 0.556120 0.909491 0.019010 0.018981
0 0.555859 0.926620 0.019010 0.018981
0 0.537370 0.925231 0.019010 0.018981
0 0.537630 0.907176 0.019010 0.018981
0 0.537630 0.889583 0.019010 0.018981
0 0.517318 0.889120 0.019010 0.018981
0 0.517578 0.905324 0.019010 0.018981
0 0.516276 0.923380 0.019010 0.018981
0 0.498307 0.923380 0.019010 0.018981
0 0.498307 0.905787 0.019010 0.018981
0 0.498568 0.888194 0.019010 0.018981
0 0.475391 0.887269 0.019010 0.018981
0 0.475651 0.903935 0.019010 0.018981
0 0.474609 0.922454 0.019010 0.018981
0 0.455599 0.921065 0.019010 0.018981
0 0.456901 0.903009 0.019010 0.018981
0 0.457161 0.885880 0.019010 0.018981
0 0.576042 0.773380 0.018229 0.017130
0 0.555990 0.788657 0.018229 0.017130
0 0.592839 0.742593 0.019010 0.016667
