0 0.690495 0.126852 0.015885 0.010185
0 0.690495 0.134722 0.015885 0.010185
0 0.691016 0.143981 0.015885 0.010185
0 0.692057 0.153241 0.015885 0.010185
0 0.693099 0.163426 0.015885 0.010185
0 0.693880 0.172222 0.015885 0.010185
0 0.694661 0.181481 0.015885 0.010185
0 0.694661 0.190741 0.015885 0.010185
0 0.695964 0.200926 0.015885 0.010185
0 0.681120 0.200926 0.015885 0.010185
0 0.680599 0.191204 0.015885 0.010185
0 0.680078 0.181944 0.015885 0.010185
0 0.679297 0.172222 0.015885 0.010185
0 0.678776 0.162963 0.015885 0.010185
0 0.677734 0.153241 0.015885 0.010185
0 0.677214 0.143519 0.015885 0.010185
0 0.676432 0.134259 0.015885 0.010185
0 0.675651 0.125926 0.015885 0.010185
0 0.658984 0.125000 0.015885 0.010185
0 0.659245 0.133796 0.015885 0.010185
0 0.660026 0.142593 0.015885 0.010185
0 0.660547 0.152778 0.015885 0.010185
0 0.661068 0.160648 0.015885 0.010185
0 0.661328 0.170370 0.015885 0.010185
0 0.662370 0.181019 0.015885 0.010185
0 0.662891 0.189815 0.015885 0.010185
0 0.663411 0.199074 0.015885 0.010185
0 0.648307 0.199537 0.015885 0.010185
0 0.647786 0.189815 0.015885 0.010185
0 0.647266 0.180093 0.015885 0.010185
0 0.647005 0.171296 0.015885 0.010185
0 0.646484 0.161111 0.015885 0.010185
0 0.645964 0.152315 0.015885 0.010185
0 0.645964 0.143056 0.015885 0.010185
0 0.645443 0.133796 0.015885 0.010185
0 0.644661 0.124537 0.015885 0.010185
0 0.629036 0.124074 0.015885 0.010185
0 0.628776 0.132407 0.015885 0.010185
0 0.629557 0.141204 0.015885 0.010185
0 0.629557 0.150926 0.015885 0.010185
0 0.630599 0.170370 0.015885 0.010185
0 0.629036 0.159259 0.015885 0.010185
0 0.631120 0.178704 0.015885 0.010185
0 0.631380 0.189352 0.015885 0.010185
0 0.631901 0.199074 0.015885 0.010185
0 0.616667 0.197685 0.016146 0.011111
0 0.616927 0.188889 0.016146 0.011111
0 0.616406 0.179167 0.016146 0.011111
0 0.615625 0.170370 0.016146 0.011111
0 0.615365 0.160185 0.016146 0.011111
0 0.615104 0.150926 0.016146 0.011111
0 0.614583 0.141667 0.016146 0.011111
0 0.614062 0.124537 0.016146 0.011111
0 0.614323 0.132870 0.016146 0.011111
0 0.597656 0.123148 0.016146 0.011111
0 0.597917 0.131944 0.016146 0.011111
0 0.597917 0.141204 0.016146 0.011111
0 0.598437 0.150000 0.016146 0.011111
0 0.598958 0.159259 0.016146 0.011111
0 0.599219 0.169444 0.016146 0.011111
0 0.598958 0.178704 0.016146 0.011111
0 0.599479 0.187037 0.016146 0.011111
0 0.599479 0.198148 0.016146 0.011111
0 0.583854 0.198148 0.016146 0.011111
0 0.584115 0.187963 0.016146 0.011111
0 0.584115 0.178241 0.016146 0.011111
0 0.584115 0.168519 0.016146 0.011111
0 0.583594 0.159722 0.016146 0.011111
0 0.583594 0.150463 0.016146 0.011111
0 0.583073 0.141204 0.016146 0.011111
0 0.583073 0.131944 0.016146 0.011111
0 0.583073 0.123148 0.016146 0.011111
0 0.566406 0.122222 0.016146 0.011111
0 0.566146 0.131944 0.016146 0.011111
0 0.566406 0.141204 0.016146 0.011111
0 0.565885 0.149537 0.016146 0.011111
0 0.566927 0.158333 0.016146 0.011111
0 0.566927 0.167593 0.016146 0.011111
0 0.567187 0.177778 0.016146 0.011111
0 0.567187 0.197685 0.016146 0.011111
0 0.552344 0.197222 0.016146 0.011111
0 0.552083 0.187500 0.016146 0.011111
0 0.552344 0.177778 0.016146 0.011111
0 0.552344 0.168056 0.016146 0.011111
0 0.551823 0.158333 0.016146 0.011111
0 0.551823 0.149074 0.016146 0.011111
0 0.551823 0.139815 0.016146 0.011111
0 0.551302 0.130556 0.016146 0.011111
0 0.551823 0.121759 0.016146 0.011111
0 0.536719 0.121296 0.016146 0.011111
0 0.537240 0.129630 0.016146 0.011111
0 0.536979 0.138889 0.016146 0.011111
0 0.536719 0.148148 0.016146 0.011111
0 0.538281 0.158796 0.016146 0.011111
0 0.538542 0.168519 0.016146 0.011111
0 0.538281 0.188889 0.016146 0.011111
0 0.537240 0.176852 0.016146 0.011111
0 0.522656 0.188426 0.016146 0.011111
0 0.523177 0.178241 0.016146 0.011111
0 0.523177 0.159722 0.016146 0.011111
0 0.522917 0.166667 0.016146 0.011111
0 0.521354 0.148611 0.016146 0.011111
0 0.521875 0.138426 0.016146 0.011111
0 0.522135 0.129630 0.016146 0.011111
0 0.522656 0.120833 0.016146 0.011111
0 0.508594 0.120370 0.016146 0.011111
0 0.508594 0.128704 0.016146 0.011111
0 0.508333 0.138426 0.016146 0.011111
0 0.507552 0.148148 0.016146 0.011111
0 0.508073 0.157870 0.016146 0.011111
0 0.507682 0.168287 0.015885 0.013426
0 0.507943 0.176620 0.015885 0.013426
0 0.507943 0.187731 0.015885 0.013426
0 0.487109 0.194676 0.015885 0.013426
0 0.487109 0.184954 0.015885 0.013426
0 0.487109 0.175231 0.015885 0.013426
0 0.487370 0.165509 0.015885 0.013426
0 0.487109 0.155787 0.015885 0.013426
0 0.488672 0.147454 0.015885 0.013426
0 0.488151 0.138194 0.015885 0.013426
0 0.489193 0.128009 0.015885 0.013426
0 0.489453 0.118750 0.015885 0.013426
0 0.473307 0.118750 0.015885 0.013426
0 0.472786 0.126620 0.015885 0.013426
0 0.472005 0.137269 0.015885 0.013426
0 0.471484 0.146065 0.015885 0.013426
0 0.471484 0.155324 0.015885 0.013426
0 0.470703 0.165046 0.015885 0.013426
0 0.470703 0.174306 0.015885 0.013426
0 0.469922 0.183102 0.015885 0.013426
0 0.470182 0.193287 0.015885 0.013426
0 0.455078 0.193287 0.015885 0.013426
0 0.455078 0.183565 0.015885 0.013426
0 0.455859 0.174306 0.015885 0.013426
0 0.456380 0.163657 0.015885 0.013426
0 0.456380 0.155787 0.015885 0.013426
0 0.456901 0.146065 0.015885 0.013426
0 0.457422 0.136806 0.015885 0.013426
0 0.458203 0.127546 0.015885 0.013426
0 0.458464 0.118287 0.015885 0.013426
0 0.441797 0.117824 0.015885 0.013426
0 0.441276 0.126620 0.015885 0.013426
0 0.440755 0.134954 0.015885 0.013426
0 0.440495 0.144676 0.015885 0.013426
0 0.439974 0.153472 0.015885 0.013426
0 0.439453 0.163194 0.015885 0.013426
0 0.438932 0.172454 0.015885 0.013426
0 0.438672 0.182639 0.015885 0.013426
0 0.438151 0.191898 0.015885 0.013426
0 0.422786 0.192361 0.015885 0.013426
0 0.423307 0.182176 0.015885 0.013426
0 0.424089 0.172917 0.015885 0.013426
0 0.424349 0.163194 0.015885 0.013426
0 0.425130 0.153935 0.015885 0.013426
0 0.425911 0.143750 0.015885 0.013426
0 0.426172 0.135417 0.015885 0.013426
0 0.426693 0.127083 0.015885 0.013426
0 0.427214 0.117361 0.015885 0.013426
0 0.410026 0.116435 0.015885 0.013426
0 0.409505 0.124769 0.015885 0.013426
0 0.408984 0.134491 0.015885 0.013426
0 0.408724 0.143750 0.015885 0.013426
0 0.407682 0.151620 0.015885 0.013426
0 0.407161 0.161343 0.015885 0.013426
0 0.406120 0.170602 0.015885 0.013426
0 0.405339 0.181250 0.015885 0.013426
0 0.405078 0.189120 0.015885 0.013426
0 0.389714 0.190509 0.015885 0.013426
0 0.390495 0.180787 0.015885 0.013426
0 0.391016 0.171065 0.015885 0.013426
0 0.392578 0.161806 0.015885 0.013426
0 0.393099 0.152546 0.015885 0.013426
0 0.393359 0.143287 0.015885 0.013426
0 0.394141 0.134028 0.015885 0.013426
0 0.395703 0.124769 0.015885 0.013426
0 0.395964 0.116435 0.015885 0.013426
0 0.379297 0.114120 0.015885 0.013426
0 0.378776 0.121991 0.015885 0.013426
0 0.378255 0.131250 0.015885 0.013426
0 0.377734 0.140509 0.015885 0.013426
0 0.376432 0.149769 0.015885 0.013426
0 0.375911 0.159491 0.015885 0.013426
0 0.374609 0.168287 0.015885 0.013426
0 0.373568 0.178009 0.015885 0.013426
0 0.372786 0.186806 0.015885 0.013426
0 0.358203 0.187269 0.015885 0.013426
0 0.359505 0.177546 0.015885 0.013426
0 0.359766 0.168750 0.015885 0.013426
0 0.361589 0.159954 0.015885 0.013426
0 0.361589 0.150694 0.015885 0.013426
0 0.363151 0.140509 0.015885 0.013426
0 0.363672 0.131250 0.015885 0.013426
0 0.364714 0.121991 0.015885 0.013426
0 0.365755 0.113657 0.015885 0.013426
0 0.349479 0.109491 0.016146 0.009722
0 0.349219 0.118287 0.016146 0.009722
0 0.348698 0.127546 0.016146 0.009722
0 0.346875 0.136343 0.016146 0.009722
0 0.346094 0.145602 0.016146 0.009722
0 0.345313 0.155324 0.016146 0.009722
0 0.344271 0.164583 0.016146 0.009722
0 0.342708 0.173843 0.016146 0.009722
0 0.341667 0.183102 0.016146 0.009722
0 0.340365 0.193287 0.016146 0.009722
0 0.340104 0.202083 0.016146 0.009722
0 0.338281 0.212269 0.016146 0.009722
0 0.337240 0.221991 0.016146 0.009722
0 0.336458 0.232176 0.016146 0.009722
0 0.335938 0.242361 0.016146 0.009722
0 0.334375 0.252546 0.016146 0.009722
0 0.333073 0.262731 0.016146 0.009722
0 0.331771 0.273843 0.016146 0.009722
0 0.330208 0.283102 0.016146 0.009722
0 0.329167 0.293981 0.016667 0.011111
0 0.328125 0.303704 0.016667 0.011111
0 0.327344 0.313889 0.016667 0.011111
0 0.326042 0.324537 0.016667 0.011111
0 0.324740 0.335648 0.016667 0.011111
0 0.323437 0.346296 0.016667 0.011111
0 0.322135 0.356944 0.016667 0.011111
0 0.340885 0.355093 0.016667 0.011111
0 0.342969 0.343981 0.016667 0.011111
0 0.343490 0.333333 0.016667 0.011111
0 0.345052 0.323611 0.016667 0.011111
0 0.345833 0.312963 0.016667 0.011111
0 0.347135 0.301852 0.016667 0.011111
0 0.347656 0.292130 0.016667 0.011111
0 0.348958 0.282407 0.016667 0.011111
0 0.349740 0.272222 0.016667 0.011111
0 0.350781 0.261111 0.016667 0.011111
0 0.352083 0.250463 0.016667 0.011111
0 0.352865 0.240741 0.016667 0.011111
0 0.353385 0.231019 0.016667 0.011111
0 0.354687 0.220833 0.016667 0.011111
0 0.355729 0.211111 0.016667 0.011111
0 0.356771 0.201389 0.016667 0.011111
0 0.371094 0.200926 0.016667 0.011111
0 0.370052 0.210648 0.016667 0.011111
0 0.370052 0.220833 0.016667 0.011111
0 0.369531 0.231019 0.016667 0.011111
0 0.368229 0.240741 0.016667 0.011111
0 0.367188 0.251389 0.016667 0.011111
0 0.366406 0.261111 0.016667 0.011111
0 0.365885 0.273148 0.016667 0.011111
0 0.365365 0.283333 0.016667 0.011111
0 0.364063 0.293981 0.016667 0.011111
0 0.361979 0.315741 0.016667 0.011111
0 0.362500 0.304630 0.016667 0.011111
0 0.360938 0.327778 0.016667 0.011111
0 0.359375 0.338426 0.016667 0.011111
0 0.377865 0.329167 0.016667 0.011111
0 0.378385 0.318519 0.016667 0.011111
0 0.379427 0.307870 0.016667 0.011111
0 0.381510 0.285185 0.016667 0.011111
0 0.382031 0.275463 0.016667 0.011111
0 0.380990 0.284259 0.016667 0.011111
0 0.383073 0.264352 0.016667 0.011111
0 0.383854 0.254167 0.016667 0.011111
0 0.384896 0.243981 0.016667 0.011111
0 0.385677 0.233796 0.016667 0.011111
0 0.386979 0.224074 0.016667 0.011111
0 0.387500 0.213426 0.016667 0.011111
0 0.388021 0.203704 0.016667 0.011111
0 0.403385 0.204167 0.016667 0.011111
0 0.402083 0.214352 0.016667 0.011111
0 0.401562 0.224074 0.016667 0.011111
0 0.400781 0.233333 0.016667 0.011111
0 0.400260 0.243981 0.016667 0.011111
0 0.399479 0.254167 0.016667 0.011111
0 0.398958 0.264352 0.016667 0.011111
0 0.397917 0.275463 0.016667 0.011111
0 0.397135 0.286111 0.016667 0.011111
0 0.396354 0.296296 0.016667 0.011111
0 0.395313 0.306944 0.016667 0.011111
0 0.394010 0.330093 0.016667 0.011111
0 0.394271 0.318056 0.016667 0.011111
0 0.413281 0.330093 0.016667 0.011111
0 0.414323 0.318981 0.016667 0.011111
0 0.414844 0.307870 0.016667 0.011111
0 0.415885 0.296759 0.016667 0.011111
0 0.416667 0.286574 0.016667 0.011111
0 0.417448 0.275463 0.016667 0.011111
0 0.417969 0.265278 0.016667 0.011111
0 0.418490 0.255093 0.016667 0.011111
0 0.419531 0.244444 0.016667 0.011111
0 0.420052 0.234259 0.016667 0.011111
0 0.421094 0.224537 0.016667 0.011111
0 0.421094 0.214352 0.016667 0.011111
0 0.421875 0.204630 0.016667 0.011111
0 0.436458 0.205093 0.016667 0.011111
0 0.436198 0.214815 0.016667 0.011111
0 0.435677 0.224537 0.016667 0.011111
0 0.435417 0.235648 0.016667 0.011111
0 0.434635 0.245370 0.016667 0.011111
0 0.433594 0.255093 0.016667 0.011111
0 0.433333 0.266667 0.016667 0.011111
0 0.432292 0.287963 0.016667 0.011111
0 0.432552 0.275463 0.016667 0.011111
0 0.431510 0.298148 0.016667 0.011111
0 0.431250 0.309259 0.016667 0.011111
0 0.430729 0.320370 0.016667 0.011111
0 0.429948 0.331944 0.016667 0.011111
0 0.448177 0.331944 0.016667 0.011111
0 0.448437 0.320833 0.016667 0.011111
0 0.449740 0.299074 0.016667 0.011111
0 0.448698 0.309259 0.016667 0.011111
0 0.450781 0.287963 0.016667 0.011111
0 0.450521 0.277778 0.016667 0.011111
0 0.451302 0.267130 0.016667 0.011111
0 0.451562 0.256481 0.016667 0.011111
0 0.452344 0.246759 0.016667 0.011111
0 0.452604 0.236574 0.016667 0.011111
0 0.452865 0.225926 0.016667 0.011111
0 0.453646 0.215278 0.016667 0.011111
0 0.453646 0.205556 0.016667 0.011111
0 0.469271 0.206944 0.016667 0.011111
0 0.469010 0.217130 0.016667 0.011111
0 0.468490 0.226852 0.016667 0.011111
0 0.467708 0.236111 0.016667 0.011111
0 0.468229 0.246759 0.016667 0.011111
0 0.467448 0.258333 0.016667 0.011111
0 0.467448 0.268056 0.016667 0.011111
0 0.466146 0.278704 0.016667 0.011111
0 0.465885 0.289352 0.016667 0.011111
0 0.465625 0.300000 0.016667 0.011111
0 0.465625 0.311111 0.016667 0.011111
0 0.464583 0.322685 0.016667 0.011111
0 0.464062 0.333796 0.016667 0.011111
0 0.482031 0.334722 0.016667 0.011111
0 0.482552 0.322685 0.016667 0.011111
0 0.483073 0.312037 0.016667 0.011111
0 0.482812 0.301852 0.016667 0.011111
0 0.483333 0.290741 0.016667 0.011111
0 0.483854 0.268981 0.016667 0.011111
0 0.483073 0.278704 0.016667 0.011111
0 0.484635 0.258796 0.016667 0.011111
0 0.485156 0.247685 0.016667 0.011111
0 0.486198 0.237037 0.016667 0.011111
0 0.485417 0.226389 0.016667 0.011111
0 0.485938 0.216667 0.016667 0.011111
0 0.486198 0.207407 0.016667 0.011111
0 0.500260 0.218519 0.016667 0.011111
0 0.500781 0.228241 0.016667 0.011111
0 0.500521 0.237963 0.016667 0.011111
0 0.500260 0.248148 0.016667 0.011111
0 0.500000 0.258796 0.016667 0.011111
0 0.500260 0.268981 0.016667 0.011111
0 0.499740 0.279630 0.016667 0.011111
0 0.499219 0.290278 0.016667 0.011111
0 0.498698 0.301852 0.016667 0.011111
0 0.498958 0.312500 0.016667 0.011111
0 0.498698 0.323148 0.016667 0.011111
0 0.497656 0.335185 0.016667 0.011111
0 0.516146 0.335648 0.016667 0.011111
0 0.516667 0.325000 0.016667 0.011111
0 0.517448 0.313426 0.016667 0.011111
0 0.517188 0.302778 0.016667 0.011111
0 0.517969 0.290741 0.016667 0.011111
0 0.517448 0.280556 0.016667 0.011111
0 0.517708 0.270370 0.016667 0.011111
0 0.517969 0.249537 0.016667 0.011111
0 0.518229 0.259722 0.016667 0.011111
0 0.518229 0.238889 0.016667 0.011111
0 0.518490 0.228704 0.016667 0.011111
0 0.518750 0.219444 0.016667 0.011111
0 0.533854 0.219907 0.016667 0.011111
0 0.533594 0.229630 0.016667 0.011111
0 0.533854 0.239352 0.016667 0.011111
0 0.533594 0.249537 0.016667 0.011111
0 0.533594 0.259722 0.016667 0.011111
0 0.533333 0.271296 0.016667 0.011111
0 0.533073 0.281944 0.016667 0.011111
0 0.533594 0.292593 0.016667 0.011111
0 0.533333 0.303241 0.016667 0.011111
0 0.532552 0.314352 0.016667 0.011111
0 0.532552 0.324537 0.016667 0.011111
0 0.532292 0.337037 0.016667 0.011111
0 0.552083 0.337500 0.016667 0.011111
0 0.552344 0.325926 0.016667 0.011111
0 0.552083 0.314815 0.016667 0.011111
0 0.552083 0.304630 0.016667 0.011111
0 0.552083 0.293056 0.016667 0.011111
0 0.551562 0.282407 0.016667 0.011111
0 0.552604 0.271296 0.016667 0.011111
0 0.552083 0.260648 0.016667 0.011111
0 0.552604 0.251852 0.016667 0.011111
0 0.552344 0.240741 0.016667 0.011111
0 0.552083 0.230556 0.016667 0.011111
0 0.552344 0.220833 0.016667 0.011111
0 0.552604 0.211111 0.016667 0.011111
0 0.567708 0.211574 0.016667 0.011111
0 0.566927 0.220833 0.016667 0.011111
0 0.567448 0.231019 0.016667 0.011111
0 0.567708 0.240741 0.016667 0.011111
0 0.567187 0.251852 0.016667 0.011111
0 0.566927 0.261574 0.016667 0.011111
0 0.568229 0.272222 0.016667 0.011111
0 0.567969 0.282407 0.016667 0.011111
0 0.568229 0.293981 0.016667 0.011111
0 0.567448 0.305093 0.016667 0.011111
0 0.567969 0.315741 0.016667 0.011111
0 0.568229 0.326852 0.016667 0.011111
0 0.568229 0.337963 0.016667 0.011111
0 0.586198 0.338889 0.016667 0.011111
0 0.586979 0.327778 0.016667 0.011111
0 0.586458 0.315741 0.016667 0.011111
0 0.586719 0.305556 0.016667 0.011111
0 0.586198 0.293981 0.016667 0.011111
0 0.586198 0.283796 0.016667 0.011111
0 0.584896 0.241667 0.016667 0.011111
0 0.584896 0.231481 0.016667 0.011111
0 0.585156 0.221296 0.016667 0.011111
0 0.584635 0.211111 0.016667 0.011111
0 0.599479 0.211574 0.016667 0.011111
0 0.599740 0.222685 0.016667 0.011111
0 0.600521 0.232407 0.016667 0.011111
0 0.600521 0.242593 0.016667 0.011111
0 0.602083 0.284722 0.016667 0.011111
0 0.601562 0.295370 0.016667 0.011111
0 0.602344 0.304630 0.016667 0.011111
0 0.602604 0.316204 0.016667 0.011111
0 0.602083 0.326852 0.016667 0.011111
0 0.602865 0.339352 0.016667 0.011111
0 0.621615 0.339815 0.016667 0.011111
0 0.621094 0.328241 0.016667 0.011111
0 0.620313 0.306481 0.016667 0.011111
0 0.620573 0.316667 0.016667 0.011111
0 0.619792 0.295370 0.016667 0.011111
0 0.619792 0.285185 0.016667 0.011111
0 0.619271 0.273611 0.016667 0.011111
0 0.619010 0.263426 0.016667 0.011111
0 0.618490 0.253241 0.016667 0.011111
0 0.618750 0.242593 0.016667 0.011111
0 0.617969 0.233333 0.016667 0.011111
0 0.617708 0.223148 0.016667 0.011111
0 0.616927 0.212963 0.016667 0.011111
0 0.632031 0.212963 0.016667 0.011111
0 0.633333 0.223611 0.016667 0.011111
0 0.633854 0.242593 0.016667 0.011111
0 0.634375 0.254167 0.016667 0.011111
0 0.634115 0.264352 0.016667 0.011111
0 0.635417 0.275463 0.016667 0.011111
0 0.634635 0.285648 0.016667 0.011111
0 0.635938 0.296296 0.016667 0.011111
0 0.635938 0.306944 0.016667 0.011111
0 0.637240 0.318056 0.016667 0.011111
0 0.637760 0.329167 0.016667 0.011111
0 0.638021 0.341204 0.016667 0.011111
0 0.655729 0.340741 0.016667 0.011111
0 0.655990 0.329167 0.016667 0.011111
0 0.655208 0.318519 0.016667 0.011111
0 0.654687 0.307870 0.016667 0.011111
0 0.653385 0.296759 0.016667 0.011111
0 0.653125 0.286111 0.016667 0.011111
0 0.652865 0.275463 0.016667 0.011111
0 0.652083 0.264352 0.016667 0.011111
0 0.652083 0.254630 0.016667 0.011111
0 0.650781 0.234722 0.016667 0.011111
0 0.651042 0.243056 0.016667 0.011111
0 0.650000 0.223148 0.016667 0.011111
0 0.649479 0.213889 0.016667 0.011111
0 0.664844 0.213889 0.016667 0.011111
0 0.665885 0.224074 0.016667 0.011111
0 0.665885 0.233796 0.016667 0.011111
0 0.666667 0.244444 0.016667 0.011111
0 0.667188 0.254630 0.016667 0.011111
0 0.667708 0.264352 0.016667 0.011111
0 0.669531 0.286111 0.016667 0.011111
0 0.667708 0.274537 0.016667 0.011111
0 0.670312 0.308333 0.016667 0.011111
0 0.669010 0.295370 0.016667 0.011111
0 0.671354 0.318981 0.016667 0.011111
0 0.672135 0.330093 0.016667 0.011111
0 0.672656 0.341204 0.016667 0.011111
0 0.673438 0.355093 0.016667 0.011111
0 0.673958 0.367130 0.016667 0.011111
0 0.691667 0.367130 0.016667 0.011111
0 0.692187 0.355093 0.016667 0.011111
0 0.691406 0.341204 0.016667 0.011111
0 0.690365 0.330556 0.016667 0.011111
0 0.689583 0.318981 0.016667 0.011111
0 0.689063 0.307870 0.016667 0.011111
0 0.688542 0.297222 0.016667 0.011111
0 0.687760 0.287037 0.016667 0.011111
0 0.686198 0.276852 0.016667 0.011111
0 0.685937 0.266204 0.016667 0.011111
0 0.685417 0.255093 0.016667 0.011111
0 0.684635 0.244444 0.016667 0.011111
0 0.684115 0.235185 0.016667 0.011111
0 0.682813 0.224537 0.016667 0.011111
0 0.682031 0.214815 0.016667 0.011111
0 0.697656 0.214352 0.016667 0.011111
0 0.697135 0.225926 0.016667 0.011111
0 0.698958 0.235185 0.016667 0.011111
0 0.699479 0.245833 0.016667 0.011111
0 0.700521 0.256019 0.016667 0.011111
0 0.701823 0.267130 0.016667 0.011111
0 0.702344 0.276389 0.016667 0.011111
0 0.703646 0.287037 0.016667 0.011111
0 0.704167 0.298611 0.016667 0.011111
0 0.704948 0.308796 0.016667 0.011111
0 0.705208 0.319444 0.016667 0.011111
0 0.707552 0.342593 0.016667 0.011111
0 0.705990 0.329630 0.016667 0.011111
0 0.708594 0.356481 0.016667 0.011111
0 0.709375 0.367593 0.016667 0.011111
0 0.412760 0.344444 0.016667 0.011111
0 0.411979 0.356019 0.016667 0.011111
0 0.411589 0.371528 0.016406 0.013426
0 0.411068 0.384259 0.015885 0.013889
0 0.429167 0.345833 0.016146 0.012037
0 0.428125 0.356944 0.016146 0.012037
0 0.427474 0.372685 0.015885 0.012963
0 0.426953 0.385185 0.015885 0.012963
0 0.445443 0.386111 0.015885 0.012963
0 0.445703 0.373148 0.015885 0.012963
0 0.446224 0.357407 0.015885 0.012963
0 0.446484 0.347222 0.015885 0.012963
0 0.463932 0.348148 0.015885 0.012963
0 0.463411 0.359722 0.015885 0.012963
0 0.462891 0.373611 0.015885 0.012963
0 0.462370 0.387037 0.015885 0.012963
0 0.480859 0.387500 0.015885 0.012963
0 0.480859 0.375463 0.015885 0.012963
0 0.481901 0.359259 0.015885 0.012963
0 0.481901 0.349537 0.015885 0.012963
0 0.498307 0.349537 0.015885 0.012963
0 0.497786 0.361111 0.015885 0.012963
0 0.498047 0.375463 0.015885 0.012963
0 0.497786 0.389352 0.015885 0.012963
0 0.515755 0.389815 0.015885 0.012963
0 0.516016 0.376852 0.015885 0.012963
0 0.515755 0.362037 0.015885 0.012963
0 0.516536 0.350000 0.015885 0.012963
0 0.531901 0.350463 0.015885 0.012963
0 0.531380 0.362037 0.015885 0.012963
0 0.531641 0.377315 0.015885 0.012963
0 0.531380 0.390278 0.015885 0.012963
0 0.549870 0.391204 0.015885 0.012963
0 0.550391 0.378704 0.015885 0.012963
0 0.550391 0.362500 0.015885 0.012963
0 0.550130 0.351852 0.015885 0.012963
0 0.567578 0.351852 0.015885 0.012963
0 0.568099 0.362963 0.015885 0.012963
0 0.568099 0.377778 0.015885 0.012963
0 0.567839 0.392593 0.015885 0.012963
0 0.585286 0.392593 0.015885 0.012963
0 0.585547 0.379630 0.015885 0.012963
0 0.585286 0.362963 0.015885 0.012963
0 0.601693 0.362037 0.015885 0.012963
0 0.602995 0.380093 0.015885 0.012963
0 0.602734 0.392593 0.015885 0.012963
0 0.620964 0.393519 0.015885 0.012963
0 0.620703 0.380093 0.015885 0.012963
0 0.620443 0.362963 0.015885 0.012963
0 0.665885 0.392361 0.017188 0.015278
0 0.683333 0.392824 0.017188 0.015278
0 0.701562 0.392824 0.017188 0.015278
0 0.719010 0.400694 0.017188 0.015278
0 0.701823 0.406250 0.017188 0.015278
0 0.683854 0.406250 0.017188 0.015278
0 0.666667 0.407176 0.017188 0.015278
0 0.598177 0.419676 0.017188 0.015278
0 0.614323 0.419676 0.017188 0.015278
0 0.632292 0.420139 0.017188 0.015278
0 0.648438 0.419213 0.017188 0.015278
0 0.667969 0.420139 0.017188 0.015278
0 0.684375 0.421065 0.017188 0.015278
0 0.703385 0.421528 0.017188 0.015278
0 0.720052 0.414120 0.017188 0.015278
0 0.720052 0.429398 0.017188 0.015278
0 0.703125 0.434954 0.017188 0.015278
0 0.684635 0.434491 0.017188 0.015278
0 0.668229 0.434491 0.017188 0.015278
0 0.648958 0.433102 0.017188 0.015278
0 0.633073 0.432639 0.017188 0.015278
0 0.614323 0.431713 0.017188 0.015278
0 0.598177 0.432176 0.017188 0.015278
0 0.597396 0.445602 0.017188 0.015278
0 0.614062 0.445602 0.017188 0.015278
0 0.633854 0.446528 0.017188 0.015278
0 0.648958 0.446991 0.017188 0.015278
0 0.667969 0.447454 0.017188 0.015278
0 0.684115 0.447454 0.017188 0.015278
0 0.703385 0.448843 0.017188 0.015278
0 0.719792 0.443287 0.017188 0.015278
0 0.720833 0.457639 0.017188 0.015278
0 0.704427 0.461806 0.017188 0.015278
0 0.685156 0.461343 0.017188 0.015278
0 0.668750 0.460417 0.017188 0.015278
0 0.649479 0.459954 0.017188 0.015278
0 0.633594 0.459954 0.017188 0.015278
0 0.614583 0.459028 0.017188 0.015278
0 0.598177 0.458565 0.017188 0.015278
0 0.598177 0.471065 0.017188 0.015278
0 0.614062 0.472917 0.017188 0.015278
0 0.633073 0.472917 0.017188 0.015278
0 0.650000 0.473843 0.017188 0.015278
0 0.669010 0.474769 0.017188 0.015278
0 0.685417 0.474769 0.017188 0.015278
0 0.704688 0.474769 0.017188 0.015278
0 0.721354 0.472454 0.017188 0.015278
0 0.721875 0.486806 0.017188 0.015278
0 0.704948 0.488657 0.017188 0.015278
0 0.685677 0.488194 0.017188 0.015278
0 0.668750 0.488657 0.017188 0.015278
0 0.649740 0.487731 0.017188 0.015278
0 0.633854 0.487269 0.017188 0.015278
0 0.614844 0.486343 0.017188 0.015278
0 0.598437 0.485880 0.017188 0.015278
0 0.598437 0.499306 0.017188 0.015278
0 0.614062 0.499769 0.017188 0.015278
0 0.634115 0.500694 0.017188 0.015278
0 0.650260 0.501620 0.017188 0.015278
0 0.670052 0.501620 0.017188 0.015278
0 0.686719 0.503009 0.017188 0.015278
0 0.705208 0.502546 0.017188 0.015278
0 0.722396 0.501157 0.017188 0.015278
0 0.722135 0.515509 0.017188 0.015278
0 0.705729 0.517361 0.017188 0.015278
0 0.686719 0.516435 0.017188 0.015278
0 0.669792 0.515972 0.017188 0.015278
0 0.650521 0.515509 0.017188 0.015278
0 0.633854 0.515046 0.017188 0.015278
0 0.614583 0.513657 0.017188 0.015278
0 0.598698 0.514120 0.017188 0.015278
0 0.598698 0.527083 0.017188 0.015278
0 0.614844 0.528472 0.017188 0.015278
0 0.634115 0.528009 0.017188 0.015278
0 0.650521 0.528935 0.017188 0.015278
0 0.670573 0.528935 0.017188 0.015278
0 0.686719 0.529861 0.017188 0.015278
0 0.706250 0.530787 0.017188 0.015278
0 0.722656 0.530324 0.017188 0.015278
0 0.723437 0.545139 0.017188 0.015278
0 0.706250 0.545139 0.017188 0.015278
0 0.687240 0.544213 0.017188 0.015278
0 0.670052 0.543750 0.017188 0.015278
0 0.651042 0.543750 0.017188 0.015278
0 0.634896 0.542361 0.017188 0.015278
0 0.615625 0.542361 0.017188 0.015278
0 0.598958 0.541435 0.017188 0.015278
0 0.599219 0.554398 0.017188 0.015278
0 0.616146 0.556250 0.017188 0.015278
0 0.634375 0.556250 0.017188 0.015278
0 0.651042 0.557176 0.017188 0.015278
0 0.671354 0.557639 0.017188 0.015278
0 0.687500 0.558565 0.017188 0.015278
0 0.707031 0.559028 0.017188 0.015278
0 0.723698 0.559491 0.017188 0.015278
0 0.723958 0.573380 0.017188 0.015278
0 0.707552 0.574306 0.017188 0.015278
0 0.688021 0.572917 0.017188 0.015278
0 0.671354 0.572454 0.017188 0.015278
0 0.651302 0.571065 0.017188 0.015278
0 0.634896 0.570139 0.017188 0.015278
0 0.615885 0.570139 0.017188 0.015278
0 0.599219 0.569213 0.017188 0.015278
0 0.599219 0.584491 0.017188 0.015278
0 0.615365 0.584491 0.017188 0.015278
0 0.635156 0.585417 0.017188 0.015278
0 0.652344 0.585880 0.017188 0.015278
0 0.671615 0.586806 0.017188 0.015278
0 0.688021 0.587731 0.017188 0.015278
0 0.707812 0.588194 0.017188 0.015278
0 0.724740 0.588194 0.017188 0.015278
0 0.725260 0.602546 0.017188 0.015278
0 0.707552 0.602083 0.017188 0.015278
0 0.688802 0.601620 0.017188 0.015278
0 0.671875 0.601157 0.017188 0.015278
0 0.651823 0.600231 0.017188 0.015278
0 0.635938 0.599306 0.017188 0.015278
0 0.615625 0.598380 0.017188 0.015278
0 0.598958 0.597917 0.017188 0.015278
0 0.599479 0.612269 0.017188 0.015278
0 0.636198 0.614120 0.017188 0.015278
0 0.653125 0.614583 0.017188 0.015278
0 0.672396 0.615972 0.017188 0.015278
0 0.689583 0.616898 0.017188 0.015278
0 0.708594 0.616898 0.017188 0.015278
0 0.725260 0.617361 0.017188 0.015278
0 0.599479 0.627083 0.017188 0.015278
0 0.583333 0.625231 0.017188 0.015278
0 0.583333 0.612269 0.017188 0.015278
0 0.547656 0.610880 0.017188 0.015278
0 0.531771 0.610417 0.017188 0.015278
0 0.511979 0.609028 0.017188 0.015278
0 0.512240 0.623843 0.017188 0.015278
0 0.472917 0.621528 0.017188 0.015278
0 0.473438 0.607176 0.017188 0.015278
0 0.455990 0.592361 0.017188 0.015278
0 0.474219 0.593287 0.017188 0.015278
0 0.496094 0.593750 0.017188 0.015278
0 0.512760 0.595139 0.017188 0.015278
0 0.530990 0.596065 0.017188 0.015278
0 0.547656 0.595602 0.017188 0.015278
0 0.565885 0.597454 0.017188 0.015278
0 0.583073 0.596991 0.017188 0.015278
0 0.582552 0.583565 0.017188 0.015278
0 0.566406 0.583102 0.017188 0.015278
0 0.547656 0.582176 0.017188 0.015278
0 0.530729 0.581250 0.017188 0.015278
0 0.512240 0.580324 0.017188 0.015278
0 0.496094 0.579861 0.017188 0.015278
0 0.474479 0.578472 0.017188 0.015278
0 0.456771 0.577546 0.017188 0.015278
0 0.457031 0.564120 0.017188 0.015278
0 0.474219 0.564583 0.017188 0.015278
0 0.496875 0.565509 0.017188 0.015278
0 0.512500 0.565509 0.017188 0.015278
0 0.531510 0.567361 0.017188 0.015278
0 0.548177 0.568287 0.017188 0.015278
0 0.566146 0.568287 0.017188 0.015278
0 0.582552 0.568750 0.017188 0.015278
0 0.582812 0.554861 0.017188 0.015278
0 0.565885 0.553472 0.017188 0.015278
0 0.547656 0.553472 0.017188 0.015278
0 0.530990 0.553472 0.017188 0.015278
0 0.512500 0.552083 0.017188 0.015278
0 0.497135 0.551620 0.017188 0.015278
0 0.474740 0.551620 0.017188 0.015278
0 0.457552 0.549769 0.017188 0.015278
0 0.457813 0.535880 0.017188 0.015278
0 0.475000 0.536343 0.017188 0.015278
0 0.496354 0.537269 0.017188 0.015278
0 0.512500 0.537731 0.017188 0.015278
0 0.531510 0.539583 0.017188 0.015278
0 0.547656 0.539120 0.017188 0.015278
0 0.566667 0.539120 0.017188 0.015278
0 0.582552 0.540509 0.017188 0.015278
0 0.582812 0.527083 0.017188 0.015278
0 0.566146 0.526157 0.017188 0.015278
0 0.547396 0.525694 0.017188 0.015278
0 0.531771 0.524769 0.017188 0.015278
0 0.513021 0.524306 0.017188 0.015278
0 0.497135 0.523843 0.017188 0.015278
0 0.475000 0.522917 0.017188 0.015278
0 0.457813 0.522454 0.017188 0.015278
0 0.458333 0.509028 0.017188 0.015278
0 0.475260 0.509028 0.017188 0.015278
0 0.497135 0.509954 0.017188 0.015278
0 0.513542 0.510417 0.017188 0.015278
0 0.531250 0.511343 0.017188 0.015278
0 0.547917 0.512269 0.017188 0.015278
0 0.566667 0.512269 0.017188 0.015278
0 0.582292 0.513194 0.017188 0.015278
0 0.582552 0.499306 0.017188 0.015278
0 0.566667 0.498843 0.017188 0.015278
0 0.548438 0.498380 0.017188 0.015278
0 0.531771 0.497454 0.017188 0.015278
0 0.514062 0.496991 0.017188 0.015278
0 0.497917 0.496065 0.017188 0.015278
0 0.475781 0.496528 0.017188 0.015278
0 0.458854 0.495139 0.017188 0.015278
0 0.458854 0.481250 0.017188 0.015278
0 0.476042 0.481250 0.017188 0.015278
0 0.497917 0.482176 0.017188 0.015278
0 0.513542 0.483565 0.017188 0.015278
0 0.531510 0.483565 0.017188 0.015278
0 0.547656 0.484491 0.017188 0.015278
0 0.566667 0.485417 0.017188 0.015278
0 0.582812 0.485880 0.017188 0.015278
0 0.582031 0.471991 0.017188 0.015278
0 0.566406 0.471528 0.017188 0.015278
0 0.547917 0.470602 0.017188 0.015278
0 0.532031 0.469676 0.017188 0.015278
0 0.514323 0.470139 0.017188 0.015278
0 0.498698 0.469213 0.017188 0.015278
0 0.475781 0.468287 0.017188 0.015278
0 0.459635 0.468287 0.017188 0.015278
0 0.459635 0.454861 0.017188 0.015278
0 0.476823 0.454861 0.017188 0.015278
0 0.497656 0.455324 0.017188 0.015278
0 0.513542 0.456250 0.017188 0.015278
0 0.532031 0.456713 0.017188 0.015278
0 0.548177 0.457639 0.017188 0.015278
0 0.566667 0.458565 0.017188 0.015278
0 0.581510 0.458565 0.017188 0.015278
0 0.582031 0.445602 0.017188 0.015278
0 0.566667 0.444213 0.017188 0.015278
0 0.547917 0.443287 0.017188 0.015278
0 0.532292 0.443750 0.017188 0.015278
0 0.513802 0.442361 0.017188 0.015278
0 0.498177 0.441898 0.017188 0.015278
0 0.476562 0.442361 0.017188 0.015278
0 0.460677 0.441435 0.017188 0.015278
0 0.460677 0.428472 0.017188 0.015278
0 0.476562 0.428935 0.017188 0.015278
0 0.498437 0.429398 0.017188 0.015278
0 0.514062 0.428935 0.017188 0.015278
0 0.532292 0.429861 0.017188 0.015278
0 0.547917 0.430787 0.017188 0.015278
0 0.566146 0.431250 0.017188 0.015278
0 0.582292 0.431250 0.017188 0.015278
0 0.582292 0.418750 0.017188 0.015278
0 0.566406 0.417824 0.017188 0.015278
0 0.548438 0.417824 0.017188 0.015278
0 0.531771 0.417361 0.017188 0.015278
0 0.514323 0.416435 0.017188 0.015278
0 0.498958 0.415972 0.017188 0.015278
0 0.477344 0.415046 0.017188 0.015278
0 0.460156 0.414583 0.017188 0.015278
0 0.321615 0.356019 0.016667 0.011111
0 0.322396 0.372222 0.016146 0.014815
0 0.341667 0.374537 0.016146 0.014815
0 0.357292 0.374537 0.016146 0.014815
0 0.356510 0.387037 0.016146 0.014815
0 0.340885 0.386574 0.016146 0.014815
0 0.321354 0.386111 0.016146 0.014815
0 0.321354 0.399074 0.016146 0.014815
0 0.340365 0.400000 0.016146 0.014815
0 0.356250 0.400926 0.016146 0.014815
0 0.320052 0.412963 0.016146 0.014815
0 0.339323 0.414352 0.016146 0.014815
0 0.355208 0.414815 0.016146 0.014815
0 0.373958 0.412037 0.016146 0.014815
0 0.389583 0.412500 0.016146 0.014815
0 0.408333 0.412963 0.016146 0.014815
0 0.423958 0.413889 0.016146 0.014815
0 0.439583 0.413889 0.016146 0.014815
0 0.439583 0.426389 0.016146 0.014815
0 0.423698 0.426389 0.016146 0.014815
0 0.408333 0.425926 0.016146 0.014815
0 0.388802 0.425000 0.016146 0.014815
0 0.373958 0.424537 0.016146 0.014815
0 0.354948 0.427315 0.016146 0.014815
0 0.339323 0.427315 0.016146 0.014815
0 0.319792 0.425463 0.016146 0.014815
0 0.319010 0.438889 0.016146 0.014815
0 0.338281 0.440741 0.016146 0.014815
0 0.354167 0.441204 0.016146 0.014815
0 0.372917 0.438426 0.016146 0.014815
0 0.388542 0.438426 0.016146 0.014815
0 0.407292 0.439352 0.016146 0.014815
0 0.423438 0.439815 0.016146 0.014815
0 0.438802 0.441204 0.016146 0.014815
0 0.438802 0.454167 0.016146 0.014815
0 0.422917 0.453241 0.016146 0.014815
0 0.407031 0.452778 0.016146 0.014815
0 0.388021 0.452315 0.016146 0.014815
0 0.372396 0.452315 0.016146 0.014815
0 0.353906 0.454167 0.016146 0.014815
0 0.337760 0.453704 0.016146 0.014815
0 0.318750 0.452778 0.016146 0.014815
0 0.317969 0.466204 0.016146 0.014815
0 0.337500 0.468056 0.016146 0.014815
0 0.353646 0.468056 0.016146 0.014815
0 0.372135 0.465278 0.016146 0.014815
0 0.387760 0.464815 0.016146 0.014815
0 0.406771 0.466204 0.016146 0.014815
0 0.422135 0.466667 0.016146 0.014815
0 0.438542 0.467593 0.016146 0.014815
0 0.437760 0.479167 0.016146 0.014815
0 0.422656 0.480093 0.016146 0.014815
0 0.406510 0.480093 0.016146 0.014815
0 0.386979 0.479630 0.016146 0.014815
0 0.370833 0.478241 0.016146 0.014815
0 0.352604 0.481019 0.016146 0.014815
0 0.336719 0.481019 0.016146 0.014815
0 0.317708 0.479630 0.016146 0.014815
0 0.317188 0.493981 0.016146 0.014815
0 0.336458 0.494907 0.016146 0.014815
0 0.352083 0.494907 0.016146 0.014815
0 0.370833 0.492593 0.016146 0.014815
0 0.386719 0.493519 0.016146 0.014815
0 0.405729 0.493519 0.016146 0.014815
0 0.421615 0.493519 0.016146 0.014815
0 0.437760 0.494907 0.016146 0.014815
0 0.436979 0.506944 0.016146 0.014815
0 0.421094 0.507870 0.016146 0.014815
0 0.404687 0.507407 0.016146 0.014815
0 0.386719 0.507407 0.016146 0.014815
0 0.370052 0.506481 0.016146 0.014815
0 0.351823 0.508796 0.016146 0.014815
0 0.335677 0.508796 0.016146 0.014815
0 0.315885 0.506944 0.016146 0.014815
0 0.315365 0.520833 0.016146 0.014815
0 0.334375 0.522685 0.016146 0.014815
0 0.350781 0.522685 0.016146 0.014815
0 0.369531 0.519907 0.016146 0.014815
0 0.385417 0.519907 0.016146 0.014815
0 0.404687 0.521296 0.016146 0.014815
0 0.420833 0.520370 0.016146 0.014815
0 0.436458 0.521759 0.016146 0.014815
0 0.435937 0.536111 0.016146 0.014815
0 0.420312 0.535648 0.016146 0.014815
0 0.404167 0.535185 0.016146 0.014815
0 0.385417 0.534259 0.016146 0.014815
0 0.369271 0.534722 0.016146 0.014815
0 0.350000 0.536574 0.016146 0.014815
0 0.334115 0.537037 0.016146 0.014815
0 0.315104 0.534722 0.016146 0.014815
0 0.314323 0.549074 0.016146 0.014815
0 0.333333 0.550463 0.016146 0.014815
0 0.349740 0.550463 0.016146 0.014815
0 0.368229 0.547685 0.016146 0.014815
0 0.384635 0.548148 0.016146 0.014815
0 0.403906 0.548611 0.016146 0.014815
0 0.420052 0.549537 0.016146 0.014815
0 0.435417 0.549074 0.016146 0.014815
0 0.435417 0.562500 0.016146 0.014815
0 0.419271 0.562500 0.016146 0.014815
0 0.402865 0.562500 0.016146 0.014815
0 0.384375 0.562037 0.016146 0.014815
0 0.368229 0.562500 0.016146 0.014815
0 0.348698 0.565278 0.016146 0.014815
0 0.332552 0.564352 0.016146 0.014815
0 0.313542 0.563426 0.016146 0.014815
0 0.312760 0.577778 0.016146 0.014815
0 0.331771 0.578704 0.016146 0.014815
0 0.348177 0.578704 0.016146 0.014815
0 0.367448 0.575926 0.016146 0.014815
0 0.383594 0.575926 0.016146 0.014815
0 0.402865 0.575926 0.016146 0.014815
0 0.419010 0.577315 0.016146 0.014815
0 0.435156 0.577778 0.016146 0.014815
0 0.434896 0.591204 0.016146 0.014815
0 0.418490 0.590741 0.016146 0.014815
0 0.402083 0.590278 0.016146 0.014815
0 0.382552 0.590741 0.016146 0.014815
0 0.366927 0.590741 0.016146 0.014815
0 0.347656 0.593056 0.016146 0.014815
0 0.331510 0.593056 0.016146 0.014815
0 0.311719 0.590741 0.016146 0.014815
0 0.311458 0.606481 0.016146 0.014815
0 0.330469 0.607407 0.016146 0.014815
0 0.347135 0.607407 0.016146 0.014815
0 0.366146 0.604630 0.016146 0.014815
0 0.382031 0.605093 0.016146 0.014815
0 0.418229 0.606019 0.016146 0.014815
0 0.434896 0.606019 0.016146 0.014815
0 0.433854 0.620833 0.016146 0.014815
0 0.417708 0.620370 0.016146 0.014815
0 0.381250 0.619907 0.016146 0.014815
0 0.365104 0.619444 0.016146 0.014815
0 0.346354 0.621759 0.016146 0.014815
0 0.329688 0.621759 0.016146 0.014815
0 0.310937 0.621296 0.016146 0.014815
0 0.310156 0.635648 0.016146 0.014815
0 0.328906 0.636574 0.016146 0.014815
0 0.345573 0.637037 0.016146 0.014815
0 0.364844 0.633333 0.016146 0.014815
0 0.380990 0.633333 0.016146 0.014815
0 0.401042 0.634722 0.016146 0.014815
0 0.416927 0.634259 0.016146 0.014815
0 0.433333 0.650000 0.016146 0.014815
0 0.432812 0.633796 0.016146 0.014815
0 0.416667 0.650000 0.016146 0.014815
0 0.400521 0.649074 0.016146 0.014815
0 0.380208 0.649074 0.016146 0.014815
0 0.364063 0.647685 0.016146 0.014815
0 0.344271 0.650926 0.016146 0.014815
0 0.328385 0.651389 0.016146 0.014815
0 0.309375 0.650463 0.016146 0.014815
0 0.308333 0.664352 0.016146 0.014815
0 0.327344 0.665741 0.016146 0.014815
0 0.343750 0.666667 0.016146 0.014815
0 0.363281 0.662963 0.016146 0.014815
0 0.379948 0.663426 0.016146 0.014815
0 0.399479 0.663889 0.016146 0.014815
0 0.416146 0.663889 0.016146 0.014815
0 0.433073 0.664352 0.016146 0.014815
0 0.432292 0.679630 0.016146 0.014815
0 0.415625 0.679167 0.016146 0.014815
0 0.399219 0.678704 0.016146 0.014815
0 0.379427 0.678241 0.016146 0.014815
0 0.362760 0.677315 0.016146 0.014815
0 0.343490 0.681019 0.016146 0.014815
0 0.326562 0.680556 0.016146 0.014815
0 0.307812 0.680093 0.016146 0.014815
0 0.307031 0.695833 0.016146 0.014815
0 0.326042 0.695370 0.016146 0.014815
0 0.342448 0.696296 0.016146 0.014815
0 0.362240 0.693056 0.016146 0.014815
0 0.378646 0.693056 0.016146 0.014815
0 0.398438 0.693519 0.016146 0.014815
0 0.415234 0.693519 0.016927 0.014815
0 0.432161 0.694444 0.016927 0.014815
0 0.431901 0.709259 0.016927 0.014815
0 0.414714 0.709259 0.016927 0.014815
0 0.398307 0.709259 0.016927 0.014815
0 0.378516 0.708333 0.016927 0.014815
0 0.361328 0.707407 0.016927 0.014815
0 0.342057 0.711111 0.016927 0.014815
0 0.324870 0.710648 0.016927 0.014815
0 0.306380 0.709722 0.016927 0.014815
0 0.305339 0.725463 0.016927 0.014815
0 0.324089 0.725463 0.016927 0.014815
0 0.340495 0.725926 0.016927 0.014815
0 0.360547 0.722685 0.016927 0.014815
0 0.377734 0.723611 0.016927 0.014815
0 0.397526 0.724074 0.016927 0.014815
0 0.414193 0.724537 0.016927 0.014815
0 0.430859 0.724074 0.016927 0.014815
0 0.430599 0.739815 0.016927 0.014815
0 0.413411 0.739815 0.016927 0.014815
0 0.397005 0.739352 0.016927 0.014815
0 0.376693 0.738426 0.016927 0.014815
0 0.359766 0.737963 0.016927 0.014815
0 0.455339 0.650694 0.018490 0.017130
0 0.472266 0.650694 0.018490 0.017130
0 0.494401 0.652083 0.018490 0.017130
0 0.511328 0.652546 0.018490 0.017130
0 0.530859 0.653472 0.018490 0.017130
0 0.547526 0.653472 0.018490 0.017130
0 0.567318 0.656250 0.018490 0.017130
0 0.582943 0.655787 0.018490 0.017130
0 0.599089 0.657639 0.018490 0.017130
0 0.617057 0.657639 0.018490 0.017130
0 0.616797 0.672454 0.018490 0.017130
0 0.600651 0.671991 0.018490 0.017130
0 0.584245 0.671991 0.018490 0.017130
0 0.567318 0.670602 0.018490 0.017130
0 0.547526 0.670139 0.018490 0.017130
0 0.530859 0.668287 0.018490 0.017130
0 0.511328 0.666898 0.018490 0.017130
0 0.495182 0.665509 0.018490 0.017130
0 0.471745 0.665509 0.018490 0.017130
0 0.453776 0.664583 0.018490 0.017130
0 0.454297 0.678935 0.018490 0.017130
0 0.472266 0.680324 0.018490 0.017130
0 0.493880 0.680787 0.018490 0.017130
0 0.511328 0.682639 0.018490 0.017130
0 0.531380 0.683102 0.018490 0.017130
0 0.547005 0.683565 0.018490 0.017130
0 0.567057 0.684954 0.018490 0.017130
0 0.583724 0.686343 0.018490 0.017130
0 0.600130 0.686806 0.018490 0.017130
0 0.617578 0.688194 0.018490 0.017130
0 0.617578 0.704861 0.018490 0.017130
0 0.600651 0.703009 0.018490 0.017130
0 0.582682 0.701620 0.018490 0.017130
0 0.567578 0.700694 0.018490 0.017130
0 0.547786 0.698843 0.018490 0.017130
0 0.530599 0.697917 0.018490 0.017130
0 0.510547 0.697454 0.018490 0.017130
0 0.494661 0.696991 0.018490 0.017130
0 0.472005 0.696065 0.018490 0.017130
0 0.454036 0.695602 0.018490 0.017130
0 0.453776 0.709491 0.018490 0.017130
0 0.470703 0.710417 0.018490 0.017130
0 0.493880 0.711806 0.018490 0.017130
0 0.510807 0.712731 0.018490 0.017130
0 0.530859 0.713194 0.018490 0.017130
0 0.547005 0.714120 0.018490 0.017130
0 0.566276 0.715509 0.018490 0.017130
0 0.584505 0.715972 0.018490 0.017130
0 0.600130 0.717361 0.018490 0.017130
0 0.617839 0.718750 0.018490 0.017130
0 0.617839 0.733102 0.018490 0.017130
0 0.600911 0.733102 0.018490 0.017130
0 0.583724 0.731713 0.018490 0.017130
0 0.567318 0.731250 0.018490 0.017130
0 0.547266 0.729861 0.018490 0.017130
0 0.530339 0.728935 0.018490 0.017130
0 0.511068 0.727083 0.018490 0.017130
0 0.494141 0.727083 0.018490 0.017130
0 0.471484 0.726157 0.018490 0.017130
0 0.452734 0.725231 0.018490 0.017130
0 0.453255 0.741435 0.018490 0.017130
0 0.471224 0.740972 0.018490 0.017130
0 0.493099 0.742824 0.018490 0.017130
0 0.510286 0.742824 0.018490 0.017130
0 0.530599 0.744676 0.018490 0.017130
0 0.547786 0.744213 0.018490 0.017130
0 0.566536 0.746065 0.018490 0.017130
0 0.583464 0.746991 0.018490 0.017130
0 0.601172 0.747454 0.018490 0.017130
0 0.618099 0.748380 0.018490 0.017130
0 0.618620 0.765046 0.018490 0.017130
0 0.601693 0.764583 0.018490 0.017130
0 0.584505 0.763194 0.018490 0.017130
0 0.566797 0.762269 0.018490 0.017130
0 0.546484 0.761806 0.018490 0.017130
0 0.529297 0.759028 0.018490 0.017130
0 0.510547 0.759491 0.018490 0.017130
0 0.493099 0.758565 0.018490 0.017130
0 0.470443 0.757176 0.018490 0.017130
0 0.452474 0.756713 0.018490 0.017130
0 0.452214 0.771528 0.018490 0.017130
0 0.469401 0.772917 0.018490 0.017130
0 0.492318 0.773380 0.018490 0.017130
0 0.509505 0.774306 0.018490 0.017130
0 0.529818 0.775694 0.018490 0.017130
0 0.547786 0.776157 0.018490 0.017130
0 0.566536 0.777083 0.018490 0.017130
0 0.583203 0.777546 0.018490 0.017130
0 0.601172 0.778935 0.018490 0.017130
0 0.618620 0.780324 0.018490 0.017130
0 0.638151 0.780787 0.018490 0.017130
0 0.637891 0.765509 0.018490 0.017130
0 0.637891 0.749769 0.018490 0.017130
0 0.637891 0.734491 0.018490 0.017130
0 0.637630 0.719213 0.018490 0.017130
0 0.637109 0.703472 0.018490 0.017130
0 0.637370 0.688194 0.018490 0.017130
0 0.636589 0.674769 0.018490 0.017130
0 0.654036 0.659954 0.018490 0.017130
0 0.636068 0.657176 0.018490 0.017130
0 0.653516 0.674306 0.018490 0.017130
0 0.653776 0.689120 0.018490 0.017130
0 0.654297 0.704861 0.018490 0.017130
0 0.654557 0.720602 0.018490 0.017130
0 0.654818 0.734954 0.018490 0.017130
0 0.654818 0.750694 0.018490 0.017130
0 0.655599 0.767361 0.018490 0.017130
0 0.655078 0.782176 0.018490 0.017130
0 0.675911 0.783102 0.018490 0.017130
0 0.675911 0.767361 0.018490 0.017130
0 0.675651 0.752083 0.018490 0.017130
0 0.675391 0.736806 0.018490 0.017130
0 0.675391 0.721528 0.018490 0.017130
0 0.674089 0.705787 0.018490 0.017130
0 0.674349 0.690509 0.018490 0.017130
0 0.673828 0.676157 0.018490 0.017130
0 0.673307 0.661343 0.018490 0.017130
0 0.690755 0.661806 0.018490 0.017130
0 0.690755 0.677083 0.018490 0.017130
0 0.690755 0.691435 0.018490 0.017130
0 0.691276 0.707639 0.018490 0.017130
0 0.691276 0.721991 0.018490 0.017130
0 0.692057 0.737269 0.018490 0.017130
0 0.692057 0.753009 0.018490 0.017130
0 0.692578 0.769213 0.018490 0.017130
0 0.692839 0.783565 0.018490 0.017130
0 0.713932 0.784491 0.018490 0.017130
0 0.713411 0.768750 0.018490 0.017130
0 0.713151 0.752546 0.018490 0.017130
0 0.712630 0.737731 0.018490 0.017130
0 0.712370 0.722454 0.018490 0.017130
0 0.711849 0.707639 0.018490 0.017130
0 0.710807 0.692361 0.018490 0.017130
0 0.710807 0.678009 0.018490 0.017130
0 0.710286 0.662731 0.018490 0.017130
0 0.727214 0.664120 0.018490 0.017130
0 0.727474 0.678009 0.018490 0.017130
0 0.727995 0.693287 0.018490 0.017130
0 0.728255 0.707639 0.018490 0.017130
0 0.729036 0.722917 0.018490 0.017130
0 0.729557 0.738194 0.018490 0.017130
0 0.730339 0.753472 0.018490 0.017130
0 0.730859 0.769213 0.018490 0.017130
0 0.731380 0.784954 0.018490 0.017130
0 0.733203 0.805787 0.018490 0.017130
0 0.733203 0.822454 0.018490 0.017130
0 0.733984 0.839583 0.018490 0.017130
0 0.715755 0.838194 0.018490 0.017130
0 0.715234 0.820602 0.018490 0.017130
0 0.715234 0.803935 0.018490 0.017130
0 0.694141 0.803935 0.018490 0.017130
0 0.693620 0.820139 0.018490 0.017130
0 0.694141 0.836343 0.018490 0.017130
0 0.676693 0.836343 0.018490 0.017130
0 0.676172 0.818750 0.018490 0.017130
0 0.674870 0.803935 0.018490 0.017130
0 0.656901 0.803472 0.018490 0.017130
0 0.657682 0.818750 0.018490 0.017130
0 0.657682 0.835417 0.018490 0.017130
0 0.640234 0.835417 0.018490 0.017130
0 0.638932 0.818287 0.018490 0.017130
0 0.639193 0.801157 0.018490 0.017130
0 0.620703 0.801157 0.018490 0.017130
0 0.621224 0.817824 0.018490 0.017130
0 0.621484 0.834028 0.018490 0.017130
0 0.602734 0.833102 0.018490 0.017130
0 0.602214 0.816435 0.018490 0.017130
0 0.602734 0.800231 0.018490 0.017130
0 0.585026 0.797917 0.018490 0.017130
0 0.585026 0.815046 0.018490 0.017130
0 0.584766 0.831250 0.018490 0.017130
0 0.566536 0.831250 0.018490 0.017130
0 0.566276 0.814583 0.018490 0.017130
0 0.566536 0.797917 0.018490 0.017130
0 0.548307 0.796065 0.018490 0.017130
0 0.548047 0.813194 0.018490 0.017130
0 0.548047 0.829861 0.018490 0.017130
0 0.529818 0.829398 0.018490 0.017130
0 0.529297 0.812731 0.018490 0.017130
0 0.530339 0.796065 0.018490 0.017130
0 0.510026 0.794676 0.018490 0.017130
0 0.510286 0.811806 0.018490 0.017130
0 0.510547 0.828009 0.018490 0.017130
0 0.492318 0.827546 0.018490 0.017130
0 0.492318 0.809028 0.018490 0.017130
0 0.492318 0.793750 0.018490 0.017130
0 0.470182 0.793750 0.018490 0.017130
0 0.469661 0.810417 0.018490 0.017130
0 0.468620 0.826620 0.018490 0.017130
0 0.451693 0.825694 0.018490 0.017130
0 0.452214 0.808102 0.018490 0.017130
0 0.451953 0.791898 0.018490 0.017130
0 0.567187 0.187500 0.016146 0.011111
