0 0.705339 0.157407 0.016406 0.011111
0 0.690495 0.156944 0.016406 0.011111
0 0.672526 0.156481 0.016406 0.011111
0 0.657161 0.155093 0.016406 0.011111
0 0.640234 0.154630 0.016406 0.011111
0 0.625651 0.154167 0.016406 0.011111
0 0.607682 0.153241 0.016406 0.011111
0 0.592578 0.152778 0.016406 0.011111
0 0.592839 0.162500 0.016406 0.011111
0 0.607943 0.162963 0.016406 0.011111
0 0.625651 0.163426 0.016406 0.011111
0 0.641016 0.163889 0.016406 0.011111
0 0.657422 0.164815 0.016406 0.011111
0 0.672526 0.165741 0.016406 0.011111
0 0.690755 0.166204 0.016406 0.011111
0 0.705599 0.167130 0.016406 0.011111
0 0.706120 0.175463 0.016406 0.011111
0 0.691797 0.175926 0.016406 0.011111
0 0.673828 0.176389 0.016406 0.011111
0 0.658203 0.174537 0.016406 0.011111
0 0.641276 0.174537 0.016406 0.011111
0 0.625651 0.173611 0.016406 0.011111
0 0.608203 0.173148 0.016406 0.011111
0 0.593359 0.172222 0.016406 0.011111
0 0.593620 0.181481 0.016406 0.011111
0 0.608203 0.181944 0.016406 0.011111
0 0.625651 0.183333 0.016406 0.011111
0 0.641797 0.184259 0.016406 0.011111
0 0.658203 0.184259 0.016406 0.011111
0 0.674089 0.185185 0.016406 0.011111
0 0.692057 0.185648 0.016406 0.011111
0 0.707161 0.186574 0.016406 0.011111
0 0.708464 0.195833 0.016406 0.011111
0 0.693359 0.195833 0.016406 0.011111
0 0.675651 0.194907 0.016406 0.011111
0 0.659245 0.194444 0.016406 0.011111
0 0.642839 0.193519 0.016406 0.011111
0 0.626172 0.193519 0.016406 0.011111
0 0.608984 0.192130 0.016406 0.011111
0 0.593620 0.192130 0.016406 0.011111
0 0.593620 0.202315 0.016406 0.011111
0 0.608464 0.202315 0.016406 0.011111
0 0.626953 0.202778 0.016406 0.011111
0 0.659766 0.204630 0.016406 0.011111
0 0.641797 0.202778 0.016406 0.011111
0 0.676172 0.205093 0.016406 0.011111
0 0.693620 0.205556 0.016406 0.011111
0 0.708464 0.206481 0.016406 0.011111
0 0.709505 0.216204 0.016406 0.011111
0 0.694401 0.215741 0.016406 0.011111
0 0.661068 0.214815 0.016406 0.011111
0 0.676172 0.214815 0.016406 0.011111
0 0.643359 0.214352 0.016406 0.011111
0 0.627474 0.213426 0.016406 0.011111
0 0.609505 0.212500 0.016406 0.011111
0 0.593620 0.212037 0.016406 0.011111
0 0.593620 0.222685 0.016406 0.011111
0 0.608984 0.222685 0.016406 0.011111
0 0.626953 0.223611 0.016406 0.011111
0 0.643880 0.224537 0.016406 0.011111
0 0.660286 0.225000 0.016406 0.011111
0 0.694922 0.226852 0.016406 0.011111
0 0.676172 0.225000 0.016406 0.011111
0 0.711068 0.226852 0.016406 0.011111
0 0.711589 0.237500 0.016406 0.011111
0 0.695703 0.237037 0.016406 0.011111
0 0.677734 0.236574 0.016406 0.011111
0 0.661068 0.236111 0.016406 0.011111
0 0.643880 0.235185 0.016406 0.011111
0 0.627995 0.234259 0.016406 0.011111
0 0.609766 0.233333 0.016406 0.011111
0 0.593880 0.232870 0.016406 0.011111
0 0.594661 0.248148 0.016406 0.011111
0 0.610286 0.249537 0.016406 0.011111
0 0.627995 0.249537 0.016406 0.011111
0 0.644401 0.250000 0.016406 0.011111
0 0.696745 0.252315 0.016406 0.011111
0 0.661849 0.250000 0.016406 0.011111
0 0.677995 0.250000 0.016406 0.011111
0 0.713151 0.252315 0.016406 0.011111
0 0.714193 0.262500 0.016406 0.011111
0 0.698568 0.263426 0.016406 0.011111
0 0.679818 0.262500 0.016406 0.011111
0 0.663411 0.262037 0.016406 0.011111
0 0.644922 0.259722 0.016406 0.011111
0 0.629036 0.260185 0.016406 0.011111
0 0.610547 0.258796 0.016406 0.011111
0 0.594661 0.258796 0.016406 0.011111
0 0.594661 0.268981 0.016406 0.011111
0 0.610807 0.269444 0.016406 0.011111
0 0.629297 0.271296 0.016406 0.011111
0 0.645703 0.271296 0.016406 0.011111
0 0.664193 0.271759 0.016406 0.011111
0 0.680078 0.273611 0.016406 0.011111
0 0.699089 0.273611 0.016406 0.011111
0 0.714974 0.274537 0.016406 0.011111
0 0.716276 0.284259 0.016406 0.011111
0 0.699609 0.283333 0.016406 0.011111
0 0.680859 0.284722 0.016406 0.011111
0 0.664453 0.283796 0.016406 0.011111
0 0.646745 0.282407 0.016406 0.011111
0 0.629818 0.281481 0.016406 0.011111
0 0.610807 0.281019 0.016406 0.011111
0 0.594661 0.280556 0.016406 0.011111
0 0.630599 0.292593 0.016406 0.011111
0 0.664714 0.294444 0.016406 0.011111
0 0.646224 0.292593 0.016406 0.011111
0 0.681641 0.294907 0.016406 0.011111
0 0.700391 0.294907 0.016406 0.011111
0 0.716797 0.295833 0.016406 0.011111
0 0.717578 0.306481 0.016406 0.011111
0 0.701172 0.306944 0.016406 0.011111
0 0.665495 0.305556 0.016406 0.011111
0 0.681901 0.305556 0.016406 0.011111
0 0.647005 0.304630 0.016406 0.011111
0 0.630599 0.303704 0.016406 0.011111
0 0.631120 0.314352 0.016406 0.011111
0 0.648047 0.315278 0.016406 0.011111
0 0.666016 0.316204 0.016406 0.011111
0 0.682682 0.317130 0.016406 0.011111
0 0.702474 0.317130 0.016406 0.011111
0 0.718880 0.318056 0.016406 0.011111
0 0.719922 0.330093 0.016406 0.011111
0 0.703255 0.329630 0.016406 0.011111
0 0.684245 0.328241 0.016406 0.011111
0 0.631641 0.326852 0.016406 0.011111
0 0.667318 0.326852 0.016406 0.011111
0 0.647526 0.326389 0.016406 0.011111
0 0.612109 0.325926 0.016406 0.011111
0 0.595443 0.325463 0.016406 0.011111
0 0.595964 0.336574 0.016406 0.011111
0 0.612109 0.337037 0.016406 0.011111
0 0.631641 0.337963 0.016406 0.011111
0 0.648568 0.338426 0.016406 0.011111
0 0.667839 0.340278 0.016406 0.011111
0 0.684505 0.341204 0.016406 0.011111
0 0.704297 0.341204 0.016406 0.011111
0 0.720703 0.342130 0.016406 0.011111
0 0.721745 0.353241 0.016406 0.011111
0 0.705339 0.352778 0.016406 0.011111
0 0.685286 0.351852 0.016406 0.011111
0 0.668099 0.350926 0.016406 0.011111
0 0.649349 0.350231 0.016927 0.012500
0 0.632422 0.349769 0.016927 0.012500
0 0.612630 0.348380 0.016927 0.012500
0 0.595443 0.347917 0.016927 0.012500
0 0.596224 0.359954 0.016927 0.012500
0 0.613151 0.361343 0.016927 0.012500
0 0.632422 0.361806 0.016927 0.012500
0 0.649870 0.362269 0.016927 0.012500
0 0.668880 0.363194 0.016927 0.012500
0 0.686068 0.363657 0.016927 0.012500
0 0.705599 0.365046 0.016927 0.012500
0 0.722786 0.365046 0.016927 0.012500
0 0.724089 0.377546 0.016927 0.012500
0 0.706901 0.377546 0.016927 0.012500
0 0.686849 0.376620 0.016927 0.012500
0 0.670443 0.374769 0.016927 0.012500
0 0.650911 0.373843 0.016927 0.012500
0 0.632943 0.373843 0.016927 0.012500
0 0.613411 0.373843 0.016927 0.012500
0 0.596745 0.372454 0.016927 0.012500
0 0.596484 0.384954 0.016927 0.012500
0 0.613411 0.385880 0.016927 0.012500
0 0.633724 0.386806 0.016927 0.012500
0 0.651693 0.386806 0.016927 0.012500
0 0.670182 0.388194 0.016927 0.012500
0 0.687370 0.388194 0.016927 0.012500
0 0.707422 0.389120 0.016927 0.012500
0 0.724870 0.389583 0.016927 0.012500
0 0.726432 0.404398 0.016927 0.012500
0 0.708724 0.403935 0.016927 0.012500
0 0.688672 0.403009 0.016927 0.012500
0 0.689974 0.416435 0.016927 0.012500
0 0.708984 0.416435 0.016927 0.012500
0 0.726953 0.417824 0.016927 0.012500
0 0.577604 0.384028 0.017708 0.014352
0 0.559896 0.383102 0.017708 0.014352
0 0.539323 0.382176 0.017708 0.014352
0 0.522656 0.380787 0.017708 0.014352
0 0.502865 0.380324 0.017708 0.014352
0 0.486198 0.380324 0.017708 0.014352
0 0.466927 0.378472 0.017708 0.014352
0 0.449740 0.377546 0.017708 0.014352
0 0.450260 0.365046 0.017708 0.014352
0 0.467448 0.365972 0.017708 0.014352
0 0.486719 0.367824 0.017708 0.014352
0 0.503385 0.368056 0.018229 0.013889
0 0.522656 0.368981 0.018229 0.013889
0 0.539583 0.369907 0.018229 0.013889
0 0.560156 0.371296 0.018229 0.013889
0 0.576823 0.371296 0.018229 0.013889
0 0.577083 0.359722 0.018229 0.013889
0 0.560156 0.358796 0.018229 0.013889
0 0.539583 0.358796 0.018229 0.013889
0 0.522917 0.357870 0.018229 0.013889
0 0.503646 0.356481 0.018229 0.013889
0 0.487240 0.355093 0.018229 0.013889
0 0.468229 0.354167 0.018229 0.013889
0 0.451302 0.353704 0.018229 0.013889
0 0.452083 0.342130 0.018229 0.013889
0 0.467969 0.342130 0.018229 0.013889
0 0.487500 0.343519 0.018229 0.013889
0 0.503906 0.344444 0.018229 0.013889
0 0.522917 0.345833 0.018229 0.013889
0 0.539323 0.347222 0.018229 0.013889
0 0.560156 0.347685 0.018229 0.013889
0 0.576562 0.348148 0.018229 0.013889
0 0.576823 0.336111 0.018229 0.013889
0 0.559896 0.335185 0.018229 0.013889
0 0.540104 0.335185 0.018229 0.013889
0 0.522396 0.333796 0.018229 0.013889
0 0.503906 0.332407 0.018229 0.013889
0 0.488021 0.331944 0.018229 0.013889
0 0.469271 0.331019 0.018229 0.013889
0 0.451823 0.330093 0.018229 0.013889
0 0.452604 0.318981 0.018229 0.013889
0 0.470052 0.319444 0.018229 0.013889
0 0.488542 0.320370 0.018229 0.013889
0 0.504948 0.321759 0.018229 0.013889
0 0.523177 0.322685 0.018229 0.013889
0 0.539583 0.323611 0.018229 0.013889
0 0.560156 0.324537 0.018229 0.013889
0 0.576302 0.325463 0.018229 0.013889
0 0.576562 0.313426 0.018229 0.013889
0 0.560156 0.312963 0.018229 0.013889
0 0.539323 0.312037 0.018229 0.013889
0 0.523958 0.311111 0.018229 0.013889
0 0.504427 0.310648 0.018229 0.013889
0 0.488281 0.309259 0.018229 0.013889
0 0.469792 0.308333 0.018229 0.013889
0 0.453646 0.307407 0.018229 0.013889
0 0.454167 0.296296 0.018229 0.013889
0 0.469792 0.296296 0.018229 0.013889
0 0.488281 0.298148 0.018229 0.013889
0 0.505208 0.299074 0.018229 0.013889
0 0.524219 0.299074 0.018229 0.013889
0 0.539844 0.300463 0.018229 0.013889
0 0.559896 0.301852 0.018229 0.013889
0 0.575781 0.303241 0.018229 0.013889
0 0.576562 0.290741 0.018229 0.013889
0 0.559896 0.290278 0.018229 0.013889
0 0.540625 0.289352 0.018229 0.013889
0 0.523698 0.288889 0.018229 0.013889
0 0.505208 0.287963 0.018229 0.013889
0 0.488802 0.286574 0.018229 0.013889
0 0.470573 0.285185 0.018229 0.013889
0 0.455469 0.285185 0.018229 0.013889
0 0.455990 0.273148 0.018229 0.013889
0 0.470833 0.275000 0.018229 0.013889
0 0.489323 0.275926 0.018229 0.013889
0 0.506250 0.276852 0.018229 0.013889
0 0.523958 0.278704 0.018229 0.013889
0 0.540104 0.278704 0.018229 0.013889
0 0.559896 0.280093 0.018229 0.013889
0 0.576042 0.279167 0.018229 0.013889
0 0.575781 0.268519 0.018229 0.013889
0 0.560156 0.268519 0.018229 0.013889
0 0.540365 0.268056 0.018229 0.013889
0 0.524740 0.267593 0.018229 0.013889
0 0.507031 0.266204 0.018229 0.013889
0 0.490365 0.264815 0.018229 0.013889
0 0.472135 0.262963 0.018229 0.013889
0 0.455469 0.262500 0.018229 0.013889
0 0.455990 0.251389 0.018229 0.013889
0 0.472135 0.252778 0.018229 0.013889
0 0.490104 0.253704 0.018229 0.013889
0 0.505990 0.255093 0.018229 0.013889
0 0.525260 0.256019 0.018229 0.013889
0 0.541406 0.257870 0.018229 0.013889
0 0.560677 0.257870 0.018229 0.013889
0 0.576562 0.258796 0.018229 0.013889
0 0.576042 0.247222 0.018229 0.013889
0 0.560156 0.247685 0.018229 0.013889
0 0.491406 0.243519 0.018229 0.013889
0 0.472917 0.242130 0.018229 0.013889
0 0.456510 0.241667 0.018229 0.013889
0 0.457031 0.227315 0.018229 0.013889
0 0.472917 0.228704 0.018229 0.013889
0 0.490365 0.228704 0.018229 0.013889
0 0.513281 0.222222 0.018229 0.013889
0 0.528906 0.223611 0.018229 0.013889
0 0.544531 0.222222 0.018229 0.013889
0 0.560156 0.232870 0.018229 0.013889
0 0.575521 0.231944 0.018229 0.013889
0 0.576302 0.222685 0.018229 0.013889
0 0.561719 0.222222 0.018229 0.013889
0 0.545052 0.213889 0.018229 0.013889
0 0.528906 0.212037 0.018229 0.013889
0 0.513802 0.212037 0.018229 0.013889
0 0.491667 0.218519 0.018229 0.013889
0 0.474740 0.218519 0.018229 0.013889
0 0.458073 0.216667 0.018229 0.013889
0 0.458333 0.206944 0.018229 0.013889
0 0.474740 0.207407 0.018229 0.013889
0 0.491146 0.207870 0.018229 0.013889
0 0.513802 0.200926 0.018229 0.013889
0 0.529687 0.201852 0.018229 0.013889
0 0.544792 0.203241 0.018229 0.013889
0 0.559635 0.211111 0.018229 0.013889
0 0.575260 0.211574 0.018229 0.013889
0 0.576302 0.202315 0.018229 0.013889
0 0.561198 0.201389 0.018229 0.013889
0 0.545833 0.193056 0.018229 0.013889
0 0.529427 0.191204 0.018229 0.013889
0 0.513802 0.191204 0.018229 0.013889
0 0.492969 0.198611 0.018229 0.013889
0 0.475000 0.197222 0.018229 0.013889
0 0.459635 0.196296 0.018229 0.013889
0 0.459896 0.186574 0.018229 0.013889
0 0.475781 0.186574 0.018229 0.013889
0 0.492448 0.187500 0.018229 0.013889
0 0.513542 0.178241 0.018229 0.013889
0 0.528385 0.180556 0.018229 0.013889
0 0.543750 0.181481 0.018229 0.013889
0 0.559896 0.191667 0.018229 0.013889
0 0.575521 0.191204 0.018229 0.013889
0 0.575781 0.181944 0.018229 0.013889
0 0.561198 0.181019 0.018229 0.013889
0 0.573698 0.170370 0.018229 0.013889
0 0.560156 0.171296 0.018229 0.013889
0 0.543490 0.170370 0.018229 0.013889
0 0.528906 0.170370 0.018229 0.013889
0 0.513542 0.169444 0.018229 0.013889
0 0.513542 0.158333 0.018229 0.013889
0 0.514323 0.148611 0.018229 0.013889
0 0.528385 0.150926 0.018229 0.013889
0 0.528385 0.159722 0.018229 0.013889
0 0.543750 0.161574 0.018229 0.013889
0 0.543750 0.150926 0.018229 0.013889
0 0.559896 0.150926 0.018229 0.013889
0 0.559635 0.160648 0.018229 0.013889
0 0.575781 0.162500 0.018229 0.013889
0 0.575000 0.151389 0.018229 0.013889
0 0.492708 0.178241 0.018229 0.013889
0 0.492708 0.168056 0.018229 0.013889
0 0.493750 0.158796 0.018229 0.013889
0 0.494010 0.150000 0.018229 0.013889
0 0.477344 0.147685 0.018229 0.013889
0 0.477604 0.158796 0.018229 0.013889
0 0.476562 0.168056 0.018229 0.013889
0 0.476042 0.176389 0.018229 0.013889
0 0.460417 0.176852 0.018229 0.013889
0 0.460417 0.167130 0.018229 0.013889
0 0.461198 0.156481 0.018229 0.013889
0 0.461979 0.145370 0.018229 0.013889
0 0.444010 0.147222 0.018229 0.013889
0 0.428646 0.146759 0.018229 0.013889
0 0.411458 0.144907 0.018229 0.013889
0 0.396354 0.143519 0.018229 0.013889
0 0.378906 0.142593 0.018229 0.013889
0 0.364323 0.140741 0.018229 0.013889
0 0.347917 0.137963 0.018229 0.013889
0 0.346354 0.146296 0.018229 0.013889
0 0.362500 0.150463 0.018229 0.013889
0 0.378385 0.152778 0.018229 0.013889
0 0.394531 0.153704 0.018229 0.013889
0 0.410156 0.155093 0.018229 0.013889
0 0.427865 0.156944 0.018229 0.013889
0 0.442708 0.155556 0.018229 0.013889
0 0.443229 0.165741 0.018229 0.013889
0 0.428125 0.165278 0.018229 0.013889
0 0.409896 0.164815 0.018229 0.013889
0 0.394271 0.163889 0.018229 0.013889
0 0.377604 0.161574 0.018229 0.013889
0 0.362500 0.160648 0.018229 0.013889
0 0.345833 0.156481 0.018229 0.013889
0 0.344531 0.166667 0.018229 0.013889
0 0.360938 0.171296 0.018229 0.013889
0 0.376302 0.171296 0.018229 0.013889
0 0.392708 0.173611 0.018229 0.013889
0 0.408594 0.173611 0.018229 0.013889
0 0.426823 0.175463 0.018229 0.013889
0 0.442708 0.175463 0.018229 0.013889
0 0.441927 0.185648 0.018229 0.013889
0 0.427083 0.185185 0.018229 0.013889
0 0.407813 0.184722 0.018229 0.013889
0 0.391927 0.183796 0.018229 0.013889
0 0.375000 0.182870 0.018229 0.013889
0 0.360417 0.180093 0.018229 0.013889
0 0.343229 0.176852 0.018229 0.013889
0 0.342187 0.184722 0.018229 0.013889
0 0.358594 0.188889 0.018229 0.013889
0 0.373698 0.191204 0.018229 0.013889
0 0.390885 0.192593 0.018229 0.013889
0 0.406510 0.193981 0.018229 0.013889
0 0.426042 0.194444 0.018229 0.013889
0 0.442188 0.196296 0.018229 0.013889
0 0.441406 0.206481 0.018229 0.013889
0 0.424740 0.205556 0.018229 0.013889
0 0.406250 0.204167 0.018229 0.013889
0 0.390885 0.203704 0.018229 0.013889
0 0.373958 0.200926 0.018229 0.013889
0 0.357552 0.200463 0.018229 0.013889
0 0.340885 0.195833 0.018229 0.013889
0 0.340104 0.206019 0.018229 0.013889
0 0.357292 0.210185 0.018229 0.013889
0 0.372656 0.211574 0.018229 0.013889
0 0.390104 0.212963 0.018229 0.013889
0 0.404948 0.214352 0.018229 0.013889
0 0.424740 0.215278 0.018229 0.013889
0 0.439583 0.216204 0.018229 0.013889
0 0.439583 0.226852 0.018229 0.013889
0 0.424219 0.226389 0.018229 0.013889
0 0.404687 0.225000 0.018229 0.013889
0 0.388021 0.223148 0.018229 0.013889
0 0.371615 0.221759 0.018229 0.013889
0 0.357031 0.221759 0.018229 0.013889
0 0.338802 0.216204 0.018229 0.013889
0 0.337760 0.226389 0.018229 0.013889
0 0.353906 0.235648 0.018229 0.013889
0 0.370052 0.236111 0.018229 0.013889
0 0.387500 0.238889 0.018229 0.013889
0 0.403906 0.238889 0.018229 0.013889
0 0.423438 0.238426 0.018229 0.013889
0 0.439844 0.239815 0.018229 0.013889
0 0.438021 0.250463 0.018229 0.013889
0 0.422135 0.250463 0.018229 0.013889
0 0.402344 0.249537 0.018229 0.013889
0 0.386979 0.249074 0.018229 0.013889
0 0.369531 0.247222 0.018229 0.013889
0 0.353906 0.246296 0.018229 0.013889
0 0.336719 0.234259 0.018229 0.013889
0 0.335156 0.247685 0.018229 0.013889
0 0.352083 0.256944 0.018229 0.013889
0 0.368229 0.256944 0.018229 0.013889
0 0.385417 0.259259 0.018229 0.013889
0 0.401823 0.260185 0.018229 0.013889
0 0.421615 0.261574 0.018229 0.013889
0 0.437240 0.262500 0.018229 0.013889
0 0.436458 0.274074 0.018229 0.013889
0 0.420312 0.271759 0.018229 0.013889
0 0.400781 0.271759 0.018229 0.013889
0 0.385677 0.271296 0.018229 0.013889
0 0.367188 0.268056 0.018229 0.013889
0 0.351562 0.267593 0.018229 0.013889
0 0.333854 0.257870 0.018229 0.013889
0 0.333333 0.268519 0.018229 0.013889
0 0.350260 0.277778 0.018229 0.013889
0 0.366146 0.278704 0.018229 0.013889
0 0.384115 0.281481 0.018229 0.013889
0 0.400000 0.282407 0.018229 0.013889
0 0.419792 0.282870 0.018229 0.013889
0 0.436719 0.283796 0.018229 0.013889
0 0.435677 0.293981 0.018229 0.013889
0 0.419010 0.294444 0.018229 0.013889
0 0.398958 0.293519 0.018229 0.013889
0 0.381771 0.292593 0.018229 0.013889
0 0.364844 0.289815 0.018229 0.013889
0 0.348177 0.289352 0.018229 0.013889
0 0.331250 0.279167 0.018229 0.013889
0 0.330729 0.290278 0.018229 0.013889
0 0.347656 0.300000 0.018229 0.013889
0 0.363802 0.301389 0.018229 0.013889
0 0.381771 0.303704 0.018229 0.013889
0 0.398177 0.304167 0.018229 0.013889
0 0.418490 0.305093 0.018229 0.013889
0 0.434896 0.306481 0.018229 0.013889
0 0.434896 0.316667 0.018229 0.013889
0 0.418229 0.315741 0.018229 0.013889
0 0.397656 0.316667 0.018229 0.013889
0 0.381510 0.315741 0.018229 0.013889
0 0.363542 0.312963 0.018229 0.013889
0 0.328906 0.302315 0.018229 0.013889
0 0.327865 0.312963 0.018229 0.013889
0 0.345313 0.323148 0.018229 0.013889
0 0.362500 0.324537 0.018229 0.013889
0 0.380208 0.326389 0.018229 0.013889
0 0.396875 0.327778 0.018229 0.013889
0 0.416927 0.328241 0.018229 0.013889
0 0.433854 0.328241 0.018229 0.013889
0 0.433333 0.340741 0.018229 0.013889
0 0.416667 0.339815 0.018229 0.013889
0 0.396354 0.339352 0.018229 0.013889
0 0.378906 0.337963 0.018229 0.013889
0 0.361198 0.336574 0.018229 0.013889
0 0.344792 0.333333 0.018229 0.013889
0 0.326042 0.324537 0.018229 0.013889
0 0.325260 0.334722 0.018229 0.013889
0 0.343229 0.344444 0.018229 0.013889
0 0.360156 0.346759 0.018229 0.013889
0 0.377865 0.349074 0.018229 0.013889
0 0.394271 0.350000 0.018229 0.013889
0 0.415365 0.350926 0.018229 0.013889
0 0.432552 0.352315 0.018229 0.013889
0 0.432031 0.363889 0.018229 0.013889
0 0.414583 0.363426 0.018229 0.013889
0 0.393750 0.362500 0.018229 0.013889
0 0.377083 0.361111 0.018229 0.013889
0 0.360156 0.359259 0.018229 0.013889
0 0.341927 0.355556 0.018229 0.013889
0 0.323437 0.346296 0.018229 0.013889
0 0.340885 0.367130 0.018229 0.013889
0 0.357812 0.370370 0.018229 0.013889
0 0.376302 0.372685 0.018229 0.013889
0 0.393490 0.373611 0.018229 0.013889
0 0.413802 0.375000 0.018229 0.013889
0 0.430469 0.375926 0.018229 0.013889
0 0.357031 0.383796 0.018229 0.013889
0 0.321615 0.356944 0.018229 0.013889
0 0.322917 0.345370 0.018229 0.013889
0 0.339844 0.379167 0.018229 0.013889
0 0.320833 0.367593 0.018229 0.013889
0 0.320312 0.379630 0.018229 0.013889
0 0.318229 0.390278 0.018229 0.013889
0 0.316406 0.402778 0.018229 0.013889
0 0.338542 0.389352 0.018229 0.013889
0 0.336719 0.401852 0.018229 0.013889
0 0.412891 0.390972 0.017448 0.012500
0 0.412109 0.402083 0.017448 0.012500
0 0.411458 0.419676 0.016667 0.014352
0 0.410938 0.433102 0.016667 0.014352
0 0.427865 0.434028 0.016667 0.014352
0 0.428646 0.421065 0.016667 0.014352
0 0.429167 0.404398 0.016667 0.014352
0 0.429688 0.392824 0.016667 0.014352
0 0.449219 0.392824 0.016667 0.014352
0 0.447917 0.404398 0.016667 0.014352
0 0.447656 0.421528 0.016667 0.014352
0 0.447656 0.436343 0.016667 0.014352
0 0.465365 0.436343 0.016667 0.014352
0 0.465885 0.422917 0.016667 0.014352
0 0.466406 0.406250 0.016667 0.014352
0 0.466927 0.394676 0.016667 0.014352
0 0.486198 0.395139 0.016667 0.014352
0 0.485417 0.407176 0.016667 0.014352
0 0.484635 0.423843 0.016667 0.014352
0 0.484375 0.436806 0.016667 0.014352
0 0.502604 0.439120 0.016667 0.014352
0 0.502344 0.424306 0.016667 0.014352
0 0.502865 0.408102 0.016667 0.014352
0 0.503385 0.396065 0.016667 0.014352
0 0.522396 0.397454 0.016667 0.014352
0 0.522917 0.409954 0.016667 0.014352
0 0.521875 0.426620 0.016667 0.014352
0 0.521615 0.440046 0.016667 0.014352
0 0.539323 0.398380 0.016667 0.014352
0 0.538542 0.408565 0.016667 0.014352
0 0.538542 0.425694 0.016667 0.014352
0 0.538021 0.440046 0.016667 0.014352
0 0.558073 0.441898 0.016667 0.014352
0 0.558073 0.427546 0.016667 0.014352
0 0.558333 0.410880 0.016667 0.014352
0 0.558333 0.398843 0.016667 0.014352
0 0.576562 0.400231 0.016667 0.014352
0 0.576562 0.411806 0.016667 0.014352
0 0.576823 0.428009 0.016667 0.014352
0 0.576562 0.442361 0.016667 0.014352
0 0.595313 0.443287 0.016667 0.014352
0 0.595573 0.428472 0.016667 0.014352
0 0.595573 0.410417 0.016667 0.014352
0 0.613542 0.411343 0.016667 0.014352
0 0.613802 0.429398 0.016667 0.014352
0 0.614062 0.444213 0.016667 0.014352
0 0.633333 0.445139 0.016667 0.014352
0 0.632812 0.411343 0.016667 0.014352
0 0.632292 0.429398 0.016667 0.014352
0 0.681641 0.444213 0.017969 0.016204
0 0.699089 0.443287 0.017969 0.016204
0 0.719141 0.444676 0.017969 0.016204
0 0.737370 0.453472 0.017969 0.016204
0 0.719661 0.459491 0.017969 0.016204
0 0.699609 0.458565 0.017969 0.016204
0 0.681380 0.458565 0.017969 0.016204
0 0.608984 0.469676 0.017969 0.016204
0 0.626172 0.471528 0.017969 0.016204
0 0.645703 0.472454 0.017969 0.016204
0 0.662630 0.472917 0.017969 0.016204
0 0.682943 0.473380 0.017969 0.016204
0 0.700651 0.474306 0.017969 0.016204
0 0.720703 0.474769 0.017969 0.016204
0 0.738151 0.466898 0.017969 0.016204
0 0.737891 0.483565 0.017969 0.016204
0 0.721484 0.490046 0.017969 0.016204
0 0.700911 0.489120 0.017969 0.016204
0 0.683724 0.488194 0.017969 0.016204
0 0.663411 0.487731 0.017969 0.016204
0 0.645443 0.486806 0.017969 0.016204
0 0.625911 0.485880 0.017969 0.016204
0 0.609245 0.485417 0.017969 0.016204
0 0.608984 0.499769 0.017969 0.016204
0 0.626172 0.500694 0.017969 0.016204
0 0.646745 0.500694 0.017969 0.016204
0 0.663672 0.501620 0.017969 0.016204
0 0.683984 0.503009 0.017969 0.016204
0 0.701432 0.502546 0.017969 0.016204
0 0.721224 0.503935 0.017969 0.016204
0 0.738672 0.497917 0.017969 0.016204
0 0.739193 0.513657 0.017969 0.016204
0 0.722005 0.518287 0.017969 0.016204
0 0.702214 0.517824 0.017969 0.016204
0 0.684505 0.516898 0.017969 0.016204
0 0.663932 0.515972 0.017969 0.016204
0 0.646484 0.515509 0.017969 0.016204
0 0.626432 0.515046 0.017969 0.016204
0 0.609505 0.513657 0.017969 0.016204
0 0.609245 0.528472 0.017969 0.016204
0 0.626953 0.529398 0.017969 0.016204
0 0.647005 0.529861 0.017969 0.016204
0 0.664193 0.529861 0.017969 0.016204
0 0.684766 0.530787 0.017969 0.016204
0 0.701432 0.532176 0.017969 0.016204
0 0.721484 0.532639 0.017969 0.016204
0 0.739974 0.529398 0.017969 0.016204
0 0.740234 0.544676 0.017969 0.016204
0 0.722786 0.547917 0.017969 0.016204
0 0.702474 0.546991 0.017969 0.016204
0 0.685286 0.546991 0.017969 0.016204
0 0.664714 0.546065 0.017969 0.016204
0 0.647266 0.545139 0.017969 0.016204
0 0.627214 0.545139 0.017969 0.016204
0 0.609766 0.543750 0.017969 0.016204
0 0.609505 0.556713 0.017969 0.016204
0 0.627474 0.558565 0.017969 0.016204
0 0.647266 0.559491 0.017969 0.016204
0 0.664714 0.559028 0.017969 0.016204
0 0.685807 0.560880 0.017969 0.016204
0 0.702995 0.561806 0.017969 0.016204
0 0.723568 0.562731 0.017969 0.016204
0 0.740755 0.559954 0.017969 0.016204
0 0.741536 0.577083 0.017969 0.016204
0 0.723828 0.578009 0.017969 0.016204
0 0.703255 0.577083 0.017969 0.016204
0 0.686068 0.575694 0.017969 0.016204
0 0.664974 0.574769 0.017969 0.016204
0 0.647526 0.575231 0.017969 0.016204
0 0.626953 0.573380 0.017969 0.016204
0 0.609245 0.572454 0.017969 0.016204
0 0.609766 0.586806 0.017969 0.016204
0 0.627474 0.588657 0.017969 0.016204
0 0.647786 0.589120 0.017969 0.016204
0 0.666016 0.589583 0.017969 0.016204
0 0.685807 0.590972 0.017969 0.016204
0 0.704036 0.591898 0.017969 0.016204
0 0.724609 0.592361 0.017969 0.016204
0 0.742057 0.592824 0.017969 0.016204
0 0.742578 0.608565 0.017969 0.016204
0 0.724870 0.608102 0.017969 0.016204
0 0.704297 0.607639 0.017969 0.016204
0 0.686589 0.607176 0.017969 0.016204
0 0.666276 0.606250 0.017969 0.016204
0 0.648307 0.604861 0.017969 0.016204
0 0.627734 0.603935 0.017969 0.016204
0 0.609766 0.602546 0.017969 0.016204
0 0.610547 0.618287 0.017969 0.016204
0 0.627474 0.618750 0.017969 0.016204
0 0.648828 0.619213 0.017969 0.016204
0 0.666276 0.620602 0.017969 0.016204
0 0.687630 0.621991 0.017969 0.016204
0 0.705339 0.621991 0.017969 0.016204
0 0.725651 0.623843 0.017969 0.016204
0 0.742578 0.624769 0.017969 0.016204
0 0.742839 0.639120 0.017969 0.016204
0 0.725130 0.639120 0.017969 0.016204
0 0.705339 0.638194 0.017969 0.016204
0 0.686849 0.637269 0.017969 0.016204
0 0.666276 0.636343 0.017969 0.016204
0 0.648828 0.634954 0.017969 0.016204
0 0.627734 0.633565 0.017969 0.016204
0 0.610286 0.633565 0.017969 0.016204
0 0.610547 0.647917 0.017969 0.016204
0 0.628516 0.649306 0.017969 0.016204
0 0.649089 0.650694 0.017969 0.016204
0 0.666797 0.651157 0.017969 0.016204
0 0.687891 0.651620 0.017969 0.016204
0 0.705859 0.653009 0.017969 0.016204
0 0.725911 0.654861 0.017969 0.016204
0 0.743880 0.655787 0.017969 0.016204
0 0.743620 0.670602 0.017969 0.016204
0 0.726432 0.670139 0.017969 0.016204
0 0.705859 0.668750 0.017969 0.016204
0 0.687630 0.668287 0.017969 0.016204
0 0.667578 0.667361 0.017969 0.016204
0 0.649349 0.665972 0.017969 0.016204
0 0.628516 0.665972 0.017969 0.016204
0 0.611068 0.664583 0.017969 0.016204
0 0.611589 0.679861 0.017969 0.016204
0 0.650130 0.682176 0.017969 0.016204
0 0.668099 0.682176 0.017969 0.016204
0 0.688672 0.684028 0.017969 0.016204
0 0.706380 0.684028 0.017969 0.016204
0 0.727214 0.686343 0.017969 0.016204
0 0.744922 0.686343 0.017969 0.016204
0 0.611589 0.695602 0.017969 0.016204
0 0.611589 0.727546 0.017969 0.016204
0 0.629818 0.729398 0.017969 0.016204
0 0.650130 0.730324 0.017969 0.016204
0 0.668620 0.731250 0.017969 0.016204
0 0.688932 0.732176 0.017969 0.016204
0 0.707422 0.733565 0.017969 0.016204
0 0.727995 0.734491 0.017969 0.016204
0 0.746745 0.735417 0.017969 0.016204
0 0.746484 0.751157 0.017969 0.016204
0 0.728776 0.750694 0.017969 0.016204
0 0.707682 0.750694 0.017969 0.016204
0 0.689714 0.749306 0.017969 0.016204
0 0.668880 0.747454 0.017969 0.016204
0 0.650130 0.746528 0.017969 0.016204
0 0.629818 0.745139 0.017969 0.016204
0 0.611849 0.743750 0.017969 0.016204
0 0.612109 0.760417 0.017969 0.016204
0 0.630078 0.761806 0.017969 0.016204
0 0.650391 0.762731 0.017969 0.016204
0 0.668880 0.764120 0.017969 0.016204
0 0.690234 0.764583 0.017969 0.016204
0 0.708203 0.766435 0.017969 0.016204
0 0.729297 0.767361 0.017969 0.016204
0 0.747526 0.767824 0.017969 0.016204
0 0.748047 0.784028 0.017969 0.016204
0 0.730078 0.783565 0.017969 0.016204
0 0.708464 0.782176 0.017969 0.016204
0 0.690234 0.781713 0.017969 0.016204
0 0.668880 0.780324 0.017969 0.016204
0 0.651172 0.778935 0.017969 0.016204
0 0.630078 0.777546 0.017969 0.016204
0 0.612109 0.793750 0.017969 0.016204
0 0.611068 0.775231 0.017969 0.016204
0 0.630339 0.793750 0.017969 0.016204
0 0.651693 0.795602 0.017969 0.016204
0 0.669661 0.796528 0.017969 0.016204
0 0.690755 0.797454 0.017969 0.016204
0 0.708984 0.798843 0.017969 0.016204
0 0.730599 0.799306 0.017969 0.016204
0 0.748568 0.800694 0.017969 0.016204
0 0.749349 0.817824 0.017969 0.016204
0 0.730859 0.815972 0.017969 0.016204
0 0.710026 0.815046 0.017969 0.016204
0 0.690755 0.814120 0.017969 0.016204
0 0.669401 0.813194 0.017969 0.016204
0 0.651693 0.812269 0.017969 0.016204
0 0.630339 0.810417 0.017969 0.016204
0 0.612109 0.809954 0.017969 0.016204
0 0.612370 0.826620 0.017969 0.016204
0 0.631120 0.827083 0.017969 0.016204
0 0.651953 0.828472 0.017969 0.016204
0 0.670182 0.829861 0.017969 0.016204
0 0.691536 0.830787 0.017969 0.016204
0 0.709245 0.831250 0.019010 0.017130
0 0.731380 0.833102 0.017969 0.016204
0 0.749870 0.833565 0.017969 0.016204
0 0.750391 0.850231 0.017969 0.016204
0 0.732422 0.849306 0.017969 0.016204
0 0.710286 0.848843 0.017969 0.016204
0 0.691797 0.847454 0.017969 0.016204
0 0.669922 0.845602 0.017969 0.016204
0 0.651953 0.845139 0.017969 0.016204
0 0.631120 0.844213 0.017969 0.016204
0 0.612109 0.843287 0.017969 0.016204
0 0.612891 0.860417 0.017969 0.016204
0 0.631380 0.861574 0.017969 0.018519
0 0.652474 0.862500 0.017969 0.018519
0 0.670964 0.863426 0.017969 0.018519
0 0.692578 0.864815 0.017969 0.018519
0 0.710547 0.865278 0.017969 0.018519
0 0.732943 0.866667 0.017969 0.018519
0 0.751042 0.867361 0.018750 0.018981
0 0.753385 0.890046 0.018750 0.018981
0 0.733594 0.889583 0.018750 0.018981
0 0.711458 0.887269 0.018750 0.018981
0 0.691667 0.886806 0.018750 0.018981
0 0.672656 0.885880 0.018750 0.018981
0 0.653385 0.883565 0.018750 0.018981
0 0.633854 0.884028 0.018750 0.018981
0 0.634115 0.902546 0.018750 0.018981
0 0.653125 0.902546 0.018750 0.018981
0 0.672656 0.903472 0.018750 0.018981
0 0.692708 0.904398 0.018750 0.018981
0 0.711719 0.905787 0.018750 0.018981
0 0.734375 0.907176 0.018750 0.018981
0 0.754036 0.908333 0.019531 0.019444
0 0.754036 0.926389 0.019531 0.019444
0 0.734766 0.925463 0.019531 0.019444
0 0.712109 0.924074 0.019531 0.019444
0 0.692578 0.922222 0.019531 0.019444
0 0.673307 0.921759 0.019531 0.019444
0 0.654036 0.920833 0.019531 0.019444
0 0.633984 0.920833 0.019531 0.019444
0 0.614974 0.918519 0.019531 0.019444
0 0.614714 0.900463 0.019531 0.019444
0 0.614714 0.882870 0.019531 0.019444
0 0.592187 0.469907 0.017708 0.015741
0 0.574740 0.469907 0.017708 0.015741
0 0.555990 0.469444 0.017708 0.015741
0 0.539583 0.469907 0.017708 0.015741
0 0.520833 0.468981 0.017708 0.015741
0 0.503906 0.468056 0.017708 0.015741
0 0.481250 0.466667 0.017708 0.015741
0 0.463542 0.466204 0.017708 0.015741
0 0.463802 0.479167 0.017708 0.015741
0 0.479948 0.480093 0.017708 0.015741
0 0.503646 0.481019 0.017708 0.015741
0 0.520573 0.481481 0.017708 0.015741
0 0.539323 0.483333 0.017708 0.015741
0 0.555469 0.482870 0.017708 0.015741
0 0.575000 0.484722 0.017708 0.015741
0 0.592187 0.484722 0.017708 0.015741
0 0.591927 0.498611 0.017708 0.015741
0 0.575260 0.498148 0.017708 0.015741
0 0.555729 0.498148 0.017708 0.015741
0 0.539583 0.497685 0.017708 0.015741
0 0.520312 0.496759 0.017708 0.015741
0 0.503125 0.494907 0.017708 0.015741
0 0.480469 0.494444 0.017708 0.015741
0 0.463281 0.493519 0.017708 0.015741
0 0.462500 0.506944 0.017708 0.015741
0 0.480990 0.509259 0.017708 0.015741
0 0.502604 0.509722 0.017708 0.015741
0 0.519531 0.510648 0.017708 0.015741
0 0.539583 0.511574 0.017708 0.015741
0 0.555729 0.511574 0.017708 0.015741
0 0.575260 0.512500 0.017708 0.015741
0 0.592448 0.512963 0.017708 0.015741
0 0.592448 0.527778 0.017708 0.015741
0 0.575521 0.527778 0.017708 0.015741
0 0.556510 0.525926 0.017708 0.015741
0 0.539583 0.526389 0.017708 0.015741
0 0.519010 0.524537 0.017708 0.015741
0 0.503125 0.524074 0.017708 0.015741
0 0.480208 0.522222 0.017708 0.015741
0 0.461458 0.521759 0.017708 0.015741
0 0.460938 0.537963 0.017708 0.015741
0 0.478906 0.537500 0.017708 0.015741
0 0.502865 0.538889 0.017708 0.015741
0 0.519531 0.538889 0.017708 0.015741
0 0.539323 0.539815 0.017708 0.015741
0 0.555990 0.541204 0.017708 0.015741
0 0.574740 0.541204 0.017708 0.015741
0 0.591927 0.542130 0.017708 0.015741
0 0.592448 0.557407 0.017708 0.015741
0 0.575521 0.556019 0.017708 0.015741
0 0.538542 0.554630 0.017708 0.015741
0 0.555208 0.554167 0.017708 0.015741
0 0.518490 0.553704 0.017708 0.015741
0 0.502604 0.552778 0.017708 0.015741
0 0.479167 0.551389 0.017708 0.015741
0 0.460938 0.550926 0.017708 0.015741
0 0.460677 0.565741 0.017708 0.015741
0 0.479167 0.566667 0.017708 0.015741
0 0.501823 0.568519 0.017708 0.015741
0 0.519531 0.568519 0.017708 0.015741
0 0.538802 0.568981 0.017708 0.015741
0 0.555469 0.569907 0.017708 0.015741
0 0.575781 0.571296 0.017708 0.015741
0 0.592448 0.572222 0.017708 0.015741
0 0.592969 0.587037 0.017708 0.015741
0 0.574740 0.585648 0.017708 0.015741
0 0.554688 0.585185 0.017708 0.015741
0 0.538281 0.583796 0.017708 0.015741
0 0.518490 0.583333 0.017708 0.015741
0 0.502344 0.582870 0.017708 0.015741
0 0.478125 0.581019 0.017708 0.015741
0 0.460156 0.580556 0.017708 0.015741
0 0.460417 0.596296 0.017708 0.015741
0 0.478646 0.597222 0.017708 0.015741
0 0.501302 0.596759 0.017708 0.015741
0 0.518750 0.598148 0.017708 0.015741
0 0.539062 0.599537 0.017708 0.015741
0 0.555469 0.600000 0.017708 0.015741
0 0.575521 0.601389 0.017708 0.015741
0 0.592969 0.601852 0.017708 0.015741
0 0.592708 0.616667 0.017708 0.015741
0 0.575521 0.615278 0.017708 0.015741
0 0.555990 0.615741 0.017708 0.015741
0 0.539323 0.613889 0.017708 0.015741
0 0.518490 0.613426 0.017708 0.015741
0 0.501302 0.612500 0.017708 0.015741
0 0.478125 0.611111 0.017708 0.015741
0 0.459635 0.610185 0.017708 0.015741
0 0.459896 0.625463 0.017708 0.015741
0 0.477344 0.626389 0.017708 0.015741
0 0.500781 0.626852 0.017708 0.015741
0 0.519010 0.628704 0.017708 0.015741
0 0.538021 0.629630 0.017708 0.015741
0 0.555729 0.630093 0.017708 0.015741
0 0.576042 0.631481 0.017708 0.015741
0 0.592969 0.632407 0.017708 0.015741
0 0.592708 0.647222 0.017708 0.015741
0 0.575781 0.646296 0.017708 0.015741
0 0.555990 0.645370 0.017708 0.015741
0 0.538542 0.645370 0.017708 0.015741
0 0.518229 0.643981 0.017708 0.015741
0 0.500781 0.643056 0.017708 0.015741
0 0.477344 0.642130 0.017708 0.015741
0 0.458854 0.641204 0.017708 0.015741
0 0.458333 0.655556 0.017708 0.015741
0 0.477083 0.657407 0.017708 0.015741
0 0.500781 0.658796 0.017708 0.015741
0 0.517969 0.659259 0.017708 0.015741
0 0.537760 0.660185 0.017708 0.015741
0 0.555990 0.661111 0.017708 0.015741
0 0.575521 0.662037 0.017708 0.015741
0 0.593229 0.663426 0.017708 0.015741
0 0.594010 0.678704 0.017708 0.015741
0 0.594010 0.694444 0.017708 0.015741
0 0.555729 0.676852 0.017708 0.015741
0 0.538021 0.675463 0.017708 0.015741
0 0.517448 0.689815 0.017708 0.015741
0 0.517969 0.675000 0.017708 0.015741
0 0.477344 0.672685 0.017708 0.015741
0 0.475781 0.687963 0.017708 0.015741
0 0.593750 0.726852 0.017708 0.015741
0 0.576042 0.725926 0.017708 0.015741
0 0.555208 0.725000 0.017708 0.015741
0 0.537760 0.724537 0.017708 0.015741
0 0.517188 0.722685 0.017708 0.015741
0 0.499740 0.721759 0.017708 0.015741
0 0.475260 0.719907 0.017708 0.015741
0 0.457031 0.719444 0.017708 0.015741
0 0.456510 0.735648 0.017708 0.015741
0 0.474740 0.735648 0.017708 0.015741
0 0.500000 0.737037 0.017708 0.015741
0 0.516927 0.738889 0.017708 0.015741
0 0.537240 0.739815 0.017708 0.015741
0 0.555990 0.740278 0.017708 0.015741
0 0.575781 0.742130 0.017708 0.015741
0 0.593750 0.743519 0.017708 0.015741
0 0.594010 0.759722 0.017708 0.015741
0 0.576042 0.758333 0.017708 0.015741
0 0.555208 0.757407 0.017708 0.015741
0 0.537240 0.756019 0.017708 0.015741
0 0.516406 0.754167 0.017708 0.015741
0 0.499479 0.753241 0.017708 0.015741
0 0.474740 0.752778 0.017708 0.015741
0 0.456510 0.751852 0.017708 0.015741
0 0.455208 0.768056 0.017708 0.015741
0 0.473958 0.768981 0.017708 0.015741
0 0.499219 0.769907 0.017708 0.015741
0 0.516667 0.770833 0.017708 0.015741
0 0.537240 0.771759 0.017708 0.015741
0 0.554948 0.773148 0.017708 0.015741
0 0.576302 0.774537 0.017708 0.015741
0 0.594010 0.775926 0.017708 0.015741
0 0.594010 0.792130 0.017708 0.015741
0 0.576302 0.790741 0.017708 0.015741
0 0.555339 0.789583 0.018490 0.018056
0 0.537370 0.789120 0.018490 0.018056
0 0.516016 0.787269 0.018490 0.018056
0 0.498828 0.786343 0.018490 0.018056
0 0.473307 0.785417 0.018490 0.018056
0 0.454818 0.784028 0.018490 0.018056
0 0.454818 0.800694 0.018490 0.018056
0 0.473828 0.802083 0.018490 0.018056
0 0.498047 0.802546 0.018490 0.018056
0 0.515755 0.803472 0.018490 0.018056
0 0.537370 0.804861 0.018490 0.018056
0 0.555339 0.805787 0.018490 0.018056
0 0.575911 0.807639 0.018490 0.018056
0 0.594922 0.809491 0.018490 0.018056
0 0.594401 0.825231 0.018490 0.018056
0 0.576432 0.823380 0.018490 0.018056
0 0.555339 0.823380 0.018490 0.018056
0 0.537370 0.821991 0.018490 0.018056
0 0.515755 0.821065 0.018490 0.018056
0 0.497266 0.819676 0.018490 0.018056
0 0.473047 0.818750 0.018490 0.018056
0 0.454036 0.816898 0.018490 0.018056
0 0.453776 0.834491 0.018490 0.018056
0 0.472526 0.834954 0.018490 0.018056
0 0.497526 0.836806 0.018490 0.018056
0 0.515234 0.837269 0.018490 0.018056
0 0.536849 0.839583 0.018490 0.018056
0 0.555339 0.840509 0.018490 0.018056
0 0.576172 0.841898 0.018490 0.018056
0 0.594661 0.842361 0.018490 0.018056
0 0.594661 0.859028 0.018490 0.018056
0 0.575391 0.858565 0.018490 0.018056
0 0.554818 0.857176 0.018490 0.018056
0 0.536068 0.855787 0.018490 0.018056
0 0.515495 0.854861 0.018490 0.018056
0 0.497266 0.853472 0.018490 0.018056
0 0.472266 0.852083 0.018490 0.018056
0 0.453255 0.851157 0.018490 0.018056
0 0.454818 0.872917 0.018490 0.018056
0 0.472526 0.874769 0.018490 0.018056
0 0.496745 0.875694 0.018490 0.018056
0 0.516016 0.876157 0.018490 0.018056
0 0.537370 0.877083 0.018490 0.018056
0 0.555859 0.878935 0.018490 0.018056
0 0.575911 0.878935 0.018490 0.018056
0 0.594922 0.881713 0.018490 0.018056
0 0.594922 0.898843 0.018490 0.018056
0 0.575911 0.897454 0.018490 0.018056
0 0.556120 0.896991 0.018490 0.018056
0 0.536589 0.896065 0.018490 0.018056
0 0.515755 0.894213 0.018490 0.018056
0 0.495964 0.894676 0.018490 0.018056
0 0.472526 0.891898 0.018490 0.018056
0 0.453776 0.890509 0.018490 0.018056
0 0.452995 0.909954 0.018490 0.018056
0 0.473047 0.910880 0.018490 0.018056
0 0.496224 0.912269 0.018490 0.018056
0 0.515495 0.911806 0.018490 0.018056
0 0.536589 0.914120 0.018490 0.018056
0 0.556120 0.915509 0.018490 0.018056
0 0.575391 0.915972 0.018490 0.018056
0 0.594922 0.916898 0.018490 0.018056
0 0.430990 0.816898 0.019271 0.018981
0 0.412500 0.815972 0.019271 0.018981
0 0.393750 0.815046 0.019271 0.018981
0 0.373177 0.815509 0.019271 0.018981
0 0.355469 0.812731 0.019271 0.018981
0 0.335156 0.800694 0.019271 0.018981
0 0.316927 0.800694 0.019271 0.018981
0 0.297656 0.798380 0.019271 0.018981
0 0.298698 0.782176 0.019271 0.018981
0 0.317448 0.783565 0.019271 0.018981
0 0.336198 0.784491 0.019271 0.018981
0 0.355990 0.797454 0.019271 0.018981
0 0.373437 0.798380 0.019271 0.018981
0 0.395573 0.799306 0.019271 0.018981
0 0.413281 0.799306 0.019271 0.018981
0 0.430990 0.799769 0.019271 0.018981
0 0.431510 0.783565 0.019271 0.018981
0 0.413021 0.782639 0.019271 0.018981
0 0.395573 0.782176 0.019271 0.018981
0 0.374740 0.781713 0.019271 0.018981
0 0.357292 0.780324 0.019271 0.018981
0 0.336719 0.767824 0.019271 0.018981
0 0.318750 0.767361 0.019271 0.018981
0 0.299479 0.765972 0.019271 0.018981
0 0.300521 0.750231 0.019271 0.018981
0 0.320052 0.750231 0.019271 0.018981
0 0.336979 0.752083 0.019271 0.018981
0 0.357812 0.763657 0.019271 0.018981
0 0.375521 0.765046 0.019271 0.018981
0 0.396354 0.766435 0.019271 0.018981
0 0.414323 0.766898 0.019271 0.018981
0 0.432292 0.766898 0.019271 0.018981
0 0.432292 0.751157 0.019271 0.018981
0 0.415104 0.750231 0.019271 0.018981
0 0.397396 0.748380 0.019271 0.018981
0 0.376042 0.748843 0.019271 0.018981
0 0.357812 0.748380 0.019271 0.018981
0 0.338021 0.735880 0.019271 0.018981
0 0.320573 0.734028 0.019271 0.018981
0 0.300781 0.734028 0.019271 0.018981
0 0.302083 0.717361 0.019271 0.018981
0 0.322135 0.719213 0.019271 0.018981
0 0.339323 0.719213 0.019271 0.018981
0 0.359375 0.732639 0.019271 0.018981
0 0.377083 0.733102 0.019271 0.018981
0 0.398698 0.733102 0.019271 0.018981
0 0.415625 0.733565 0.019271 0.018981
0 0.434115 0.734491 0.019271 0.018981
0 0.433854 0.718750 0.019271 0.018981
0 0.415104 0.717824 0.019271 0.018981
0 0.398698 0.717361 0.019271 0.018981
0 0.377344 0.716898 0.019271 0.018981
0 0.360156 0.716898 0.019271 0.018981
0 0.340104 0.704398 0.019271 0.018981
0 0.322396 0.703935 0.019271 0.018981
0 0.302865 0.702546 0.019271 0.018981
0 0.303385 0.686806 0.019271 0.018981
0 0.323958 0.687269 0.019271 0.018981
0 0.340625 0.688657 0.019271 0.018981
0 0.360677 0.700694 0.019271 0.018981
0 0.377865 0.701620 0.019271 0.018981
0 0.399219 0.702546 0.019271 0.018981
0 0.416406 0.702546 0.019271 0.018981
0 0.434635 0.702546 0.019271 0.018981
0 0.434375 0.686343 0.019271 0.018981
0 0.417187 0.686806 0.019271 0.018981
0 0.377865 0.684491 0.019271 0.018981
0 0.362240 0.685417 0.019271 0.018981
0 0.342187 0.671528 0.019271 0.018981
0 0.324479 0.671991 0.019271 0.018981
0 0.304427 0.670139 0.019271 0.018981
0 0.305208 0.655787 0.019271 0.018981
0 0.325521 0.657176 0.019271 0.018981
0 0.343229 0.657176 0.019271 0.018981
0 0.362500 0.669213 0.019271 0.018981
0 0.379688 0.670602 0.019271 0.018981
0 0.417448 0.671065 0.019271 0.018981
0 0.435156 0.671528 0.019271 0.018981
0 0.435677 0.655324 0.019271 0.018981
0 0.418490 0.655787 0.019271 0.018981
0 0.400781 0.655324 0.019271 0.018981
0 0.379948 0.654861 0.019271 0.018981
0 0.363021 0.653472 0.019271 0.018981
0 0.343229 0.641435 0.019271 0.018981
0 0.326042 0.640509 0.019271 0.018981
0 0.305990 0.639120 0.019271 0.018981
0 0.305990 0.623843 0.019271 0.018981
0 0.327865 0.626620 0.019271 0.018981
0 0.343750 0.625231 0.019271 0.018981
0 0.363281 0.637731 0.019271 0.018981
0 0.380208 0.639583 0.019271 0.018981
0 0.401302 0.639583 0.019271 0.018981
0 0.418490 0.639583 0.019271 0.018981
0 0.436198 0.640046 0.019271 0.018981
0 0.435937 0.624769 0.019271 0.018981
0 0.419271 0.623843 0.019271 0.018981
0 0.401562 0.624306 0.019271 0.018981
0 0.381510 0.623380 0.019271 0.018981
0 0.363542 0.623380 0.019271 0.018981
0 0.344531 0.611343 0.019271 0.018981
0 0.327604 0.610880 0.019271 0.018981
0 0.307812 0.609954 0.019271 0.018981
0 0.308854 0.594676 0.019271 0.018981
0 0.328906 0.594676 0.019271 0.018981
0 0.345833 0.596065 0.019271 0.018981
0 0.365104 0.609028 0.019271 0.018981
0 0.382812 0.608565 0.019271 0.018981
0 0.402344 0.608565 0.019271 0.018981
0 0.420052 0.608565 0.019271 0.018981
0 0.436719 0.609954 0.019271 0.018981
0 0.437240 0.595139 0.019271 0.018981
0 0.420573 0.594213 0.019271 0.018981
0 0.402344 0.593287 0.019271 0.018981
0 0.383073 0.593287 0.019271 0.018981
0 0.365885 0.593287 0.019271 0.018981
0 0.346354 0.581250 0.019271 0.018981
0 0.329167 0.580324 0.019271 0.018981
0 0.309115 0.578472 0.019271 0.018981
0 0.310677 0.565046 0.019271 0.018981
0 0.330469 0.565046 0.019271 0.018981
0 0.346615 0.566435 0.019271 0.018981
0 0.366927 0.578472 0.019271 0.018981
0 0.383594 0.578472 0.019271 0.018981
0 0.403906 0.578935 0.019271 0.018981
0 0.420573 0.579861 0.019271 0.018981
0 0.438021 0.578935 0.019271 0.018981
0 0.438542 0.565046 0.019271 0.018981
0 0.421094 0.563657 0.019271 0.018981
0 0.404167 0.564120 0.019271 0.018981
0 0.383333 0.563194 0.019271 0.018981
0 0.365365 0.563194 0.019271 0.018981
0 0.348177 0.550231 0.019271 0.018981
0 0.330729 0.551157 0.019271 0.018981
0 0.310937 0.548843 0.019271 0.018981
0 0.311979 0.534491 0.019271 0.018981
0 0.332031 0.535880 0.019271 0.018981
0 0.348958 0.535880 0.019271 0.018981
0 0.367448 0.547917 0.019271 0.018981
0 0.383854 0.549306 0.019271 0.018981
0 0.405469 0.551157 0.019271 0.018981
0 0.422396 0.550231 0.019271 0.018981
0 0.438802 0.548843 0.019271 0.018981
0 0.439583 0.536806 0.019271 0.018981
0 0.422656 0.536806 0.019271 0.018981
0 0.405208 0.534954 0.019271 0.018981
0 0.385156 0.535417 0.019271 0.018981
0 0.368750 0.533565 0.019271 0.018981
0 0.349479 0.522454 0.019271 0.018981
0 0.332031 0.520139 0.019271 0.018981
0 0.311458 0.520139 0.019271 0.018981
0 0.313021 0.505324 0.019271 0.018981
0 0.333073 0.505787 0.019271 0.018981
0 0.349479 0.507176 0.019271 0.018981
0 0.369010 0.519213 0.019271 0.018981
0 0.386198 0.519676 0.019271 0.018981
0 0.404948 0.519676 0.019271 0.018981
0 0.422396 0.521065 0.019271 0.018981
0 0.439063 0.521065 0.019271 0.018981
0 0.440625 0.506713 0.019271 0.018981
0 0.423177 0.507176 0.019271 0.018981
0 0.406771 0.505324 0.019271 0.018981
0 0.386719 0.504398 0.019271 0.018981
0 0.369531 0.504861 0.019271 0.018981
0 0.350781 0.493287 0.019271 0.018981
0 0.332813 0.492361 0.019271 0.018981
0 0.313802 0.490972 0.019271 0.018981
0 0.314323 0.476157 0.019271 0.018981
0 0.335156 0.477083 0.019271 0.018981
0 0.351302 0.478935 0.019271 0.018981
0 0.370052 0.490046 0.019271 0.018981
0 0.387500 0.490972 0.019271 0.018981
0 0.407292 0.491898 0.019271 0.018981
0 0.423958 0.492824 0.019271 0.018981
0 0.441406 0.491435 0.019271 0.018981
0 0.440625 0.476620 0.019271 0.018981
0 0.424479 0.478009 0.019271 0.018981
0 0.407031 0.476157 0.019271 0.018981
0 0.386979 0.477546 0.019271 0.018981
0 0.371615 0.475694 0.019271 0.018981
0 0.351823 0.464583 0.019271 0.018981
0 0.335677 0.464583 0.019271 0.018981
0 0.315365 0.463194 0.019271 0.018981
0 0.316146 0.446528 0.019271 0.018981
0 0.336458 0.449769 0.019271 0.018981
0 0.353385 0.450231 0.019271 0.018981
0 0.371354 0.460880 0.019271 0.018981
0 0.388021 0.460880 0.019271 0.018981
0 0.407813 0.463657 0.019271 0.018981
0 0.425000 0.463657 0.019271 0.018981
0 0.441406 0.464583 0.019271 0.018981
0 0.316146 0.434028 0.019271 0.018981
0 0.336719 0.435417 0.019271 0.018981
0 0.353646 0.436343 0.019271 0.018981
0 0.354427 0.421991 0.019271 0.018981
0 0.336979 0.420602 0.019271 0.018981
0 0.316927 0.420602 0.019271 0.018981
