0 0.452604 0.214352 0.016667 0.046296
0 0.451562 0.256944 0.016667 0.046296
0 0.451042 0.306019 0.016667 0.046296
0 0.450000 0.353472 0.017188 0.048611
0 0.448307 0.406019 0.016927 0.049074
0 0.447135 0.456250 0.017708 0.052315
0 0.446094 0.510880 0.018229 0.054167
0 0.444792 0.567130 0.019792 0.056481
0 0.442839 0.630556 0.021094 0.061111
0 0.440365 0.692361 0.021875 0.063426
0 0.439063 0.762037 0.022396 0.069444
0 0.437500 0.830787 0.022917 0.068056
0 0.468750 0.213426 0.016667 0.046296
0 0.468229 0.257407 0.016667 0.046296
0 0.467318 0.306481 0.016927 0.046296
0 0.466276 0.353241 0.016927 0.046296
0 0.465625 0.404167 0.018750 0.050000
0 0.464583 0.455556 0.018750 0.050000
0 0.464714 0.510648 0.019010 0.055556
0 0.463281 0.566898 0.018229 0.057870
0 0.462760 0.628704 0.020833 0.061111
0 0.461979 0.689815 0.020833 0.064815
0 0.459766 0.762500 0.022135 0.071296
0 0.458464 0.831481 0.022135 0.071296
0 0.485156 0.212963 0.016667 0.046296
0 0.484766 0.256481 0.016927 0.046296
0 0.483984 0.305556 0.016927 0.046296
0 0.483984 0.352778 0.017969 0.049074
0 0.483464 0.403704 0.017969 0.049074
0 0.483333 0.456019 0.019271 0.053704
0 0.483203 0.510648 0.020052 0.055556
0 0.482682 0.566204 0.019531 0.059259
0 0.480729 0.630093 0.020313 0.063889
0 0.480208 0.691204 0.020313 0.063889
0 0.479297 0.759722 0.021094 0.067593
0 0.479036 0.831713 0.020573 0.073611
0 0.501042 0.213426 0.016667 0.046296
0 0.500521 0.257407 0.016667 0.046296
0 0.500781 0.305787 0.017708 0.046759
0 0.500521 0.353241 0.018229 0.047222
0 0.501563 0.404630 0.018750 0.050000
0 0.501823 0.455324 0.018750 0.052315
0 0.500911 0.511574 0.018490 0.056481
0 0.501302 0.565972 0.019792 0.058796
0 0.500521 0.629398 0.020313 0.062500
0 0.499740 0.690972 0.020313 0.062500
0 0.500000 0.759954 0.020833 0.070833
0 0.500000 0.830324 0.020833 0.070833
0 0.517448 0.212500 0.016667 0.046296
0 0.517708 0.255556 0.016667 0.046296
0 0.518229 0.305093 0.016667 0.046296
0 0.517708 0.353241 0.017708 0.049074
0 0.517708 0.404167 0.017708 0.049074
0 0.519141 0.454861 0.018490 0.051389
0 0.519792 0.510880 0.019271 0.057870
0 0.519792 0.566435 0.019271 0.057870
0 0.519792 0.628935 0.019271 0.057870
0 0.520964 0.692824 0.021615 0.063426
0 0.520573 0.759954 0.022396 0.067130
0 0.521745 0.829398 0.022656 0.072685
0 0.533854 0.211574 0.016667 0.046296
0 0.549479 0.212037 0.016667 0.046296
0 0.613411 0.208565 0.019010 0.044907
0 0.630078 0.208102 0.019010 0.044907
0 0.645964 0.208565 0.019010 0.044907
0 0.662370 0.206019 0.021094 0.044444
0 0.678255 0.205093 0.021094 0.044444
0 0.694141 0.204167 0.021094 0.044444
0 0.534115 0.256019 0.016667 0.046296
0 0.550260 0.255556 0.016667 0.046296
0 0.534635 0.305093 0.016667 0.046296
0 0.551823 0.305556 0.016667 0.046296
0 0.534635 0.351389 0.017708 0.049074
0 0.552083 0.352315 0.017708 0.049074
0 0.569271 0.350463 0.017708 0.049074
0 0.567969 0.303935 0.017188 0.046759
0 0.536198 0.401852 0.017708 0.049074
0 0.536198 0.455556 0.017708 0.049074
0 0.537630 0.509028 0.020573 0.057870
0 0.538151 0.565046 0.020573 0.057870
0 0.539453 0.628704 0.021094 0.062963
0 0.540495 0.689583 0.022135 0.065278
0 0.540625 0.759722 0.023958 0.071296
0 0.541667 0.828704 0.023958 0.071296
0 0.555859 0.506250 0.020573 0.057870
0 0.557422 0.564583 0.020573 0.057870
0 0.558203 0.628935 0.022656 0.060648
0 0.559505 0.690046 0.023698 0.065278
0 0.561068 0.759259 0.024740 0.068519
0 0.564063 0.829398 0.023958 0.069907
0 0.570703 0.401852 0.018490 0.053704
0 0.572786 0.453241 0.018490 0.053704
0 0.574089 0.509491 0.020573 0.055093
0 0.576172 0.563657 0.020573 0.055093
0 0.577734 0.627546 0.022135 0.063426
0 0.580339 0.690972 0.022135 0.063426
0 0.582292 0.759491 0.023958 0.068056
0 0.584635 0.828472 0.023958 0.068056
0 0.585677 0.303009 0.017188 0.046759
0 0.587109 0.350463 0.020052 0.051852
0 0.587891 0.399074 0.020052 0.051852
0 0.589714 0.452083 0.021615 0.053241
0 0.591927 0.508333 0.023438 0.055556
0 0.596094 0.562500 0.023438 0.055556
0 0.595964 0.627315 0.025260 0.062963
0 0.600651 0.691204 0.025260 0.062963
0 0.602083 0.758333 0.025521 0.069444
0 0.605469 0.827315 0.025521 0.069444
0 0.602604 0.301157 0.017708 0.045833
0 0.604557 0.349769 0.020052 0.050463
0 0.605859 0.399306 0.020052 0.050463
0 0.608594 0.450926 0.021875 0.055556
0 0.610938 0.506944 0.021875 0.055556
0 0.613672 0.562500 0.023177 0.058333
0 0.616536 0.627778 0.023698 0.062037
0 0.620703 0.689352 0.023698 0.062037
0 0.623177 0.758333 0.024479 0.067593
0 0.625911 0.827546 0.026302 0.070833
0 0.616276 0.250694 0.019010 0.044907
0 0.619792 0.301389 0.020313 0.049074
0 0.621354 0.349074 0.020313 0.049074
0 0.630339 0.507639 0.022656 0.056944
0 0.632812 0.562731 0.023958 0.058796
0 0.636328 0.627315 0.026302 0.062037
0 0.640755 0.689815 0.026302 0.065741
0 0.642318 0.758565 0.028385 0.067130
0 0.649479 0.828009 0.027604 0.071759
0 0.632943 0.250694 0.019010 0.044907
0 0.636589 0.299074 0.020573 0.048148
0 0.639844 0.347917 0.021354 0.051389
0 0.641927 0.396991 0.021354 0.051389
0 0.645312 0.449769 0.021354 0.051389
0 0.650260 0.505787 0.023438 0.056944
0 0.653646 0.562731 0.023438 0.056944
0 0.656771 0.628009 0.025000 0.061574
0 0.660937 0.689583 0.025521 0.063426
0 0.665625 0.759028 0.027604 0.068056
0 0.668880 0.827546 0.028385 0.069907
0 0.649870 0.250231 0.020052 0.046759
0 0.653516 0.299306 0.020052 0.046759
0 0.656641 0.346759 0.020573 0.049074
0 0.659896 0.397222 0.021875 0.050926
0 0.664323 0.448843 0.023438 0.053241
0 0.668099 0.505324 0.024740 0.056019
0 0.672005 0.560880 0.024740 0.056019
0 0.675521 0.626389 0.026042 0.059259
0 0.679557 0.688657 0.027344 0.065278
0 0.687240 0.757176 0.028125 0.068056
0 0.691406 0.827083 0.028125 0.070833
0 0.665755 0.249074 0.022656 0.045370
0 0.671875 0.297685 0.023438 0.047222
0 0.673307 0.346528 0.023698 0.048611
0 0.678906 0.396528 0.023438 0.052315
0 0.682292 0.447454 0.023438 0.052315
0 0.686458 0.504861 0.024479 0.055093
0 0.691797 0.562037 0.025781 0.057407
0 0.695964 0.627546 0.025781 0.062500
0 0.701693 0.688194 0.025781 0.062500
0 0.706510 0.757176 0.026562 0.067130
0 0.711979 0.826620 0.027083 0.069907
0 0.682422 0.249074 0.021094 0.044444
0 0.688151 0.296759 0.022656 0.048148
0 0.691406 0.344676 0.024479 0.050463
0 0.696484 0.395833 0.025781 0.052778
0 0.701172 0.447917 0.026823 0.056019
0 0.705599 0.503009 0.026823 0.056019
0 0.711589 0.564352 0.026302 0.058333
0 0.714323 0.625926 0.027604 0.062037
0 0.720052 0.688194 0.029687 0.064352
0 0.728646 0.755324 0.030729 0.068981
0 0.733724 0.825926 0.031510 0.072222
0 0.700000 0.247685 0.023958 0.047222
0 0.704427 0.295370 0.023958 0.047222
0 0.708984 0.343287 0.024219 0.050463
0 0.713672 0.395602 0.024740 0.051389
0 0.719792 0.446759 0.025521 0.054630
0 0.723698 0.502778 0.026042 0.057407
0 0.728906 0.559722 0.026042 0.057407
0 0.735026 0.626852 0.026302 0.062037
0 0.740495 0.688194 0.027344 0.065278
0 0.747526 0.756019 0.029427 0.068519
0 0.753385 0.825000 0.029687 0.072222
0 0.717187 0.246296 0.023958 0.047222
0 0.723047 0.294444 0.024219 0.050926
0 0.727865 0.342593 0.025000 0.052778
0 0.732292 0.394444 0.025000 0.052778
0 0.737760 0.444907 0.025000 0.052778
0 0.741797 0.502315 0.025781 0.056481
0 0.761328 0.687731 0.027865 0.066204
0 0.768750 0.755324 0.028646 0.069907
