0 0.333854 0.244907 0.020313 0.050000
0 0.331641 0.293287 0.020573 0.051389
0 0.319401 0.455324 0.020573 0.056944
0 0.354167 0.197454 0.020313 0.044907
0 0.371615 0.196991 0.020313 0.044907
0 0.371094 0.196065 0.020313 0.044907
0 0.388802 0.196065 0.020313 0.044907
0 0.406250 0.196065 0.020313 0.044907
0 0.423177 0.195833 0.018750 0.043519
0 0.440625 0.194907 0.018750 0.043519
0 0.457031 0.193981 0.018750 0.043519
0 0.474479 0.194444 0.018750 0.043519
0 0.491146 0.192130 0.018750 0.043519
0 0.508073 0.193056 0.018750 0.043519
0 0.526823 0.190741 0.018750 0.043519
0 0.541927 0.190741 0.018750 0.043519
0 0.559896 0.190741 0.018750 0.043519
0 0.577344 0.190741 0.018750 0.043519
0 0.594271 0.189352 0.018750 0.043519
0 0.611979 0.189352 0.018750 0.043519
0 0.352344 0.243056 0.020313 0.050000
0 0.369010 0.243519 0.020313 0.050000
0 0.386979 0.242593 0.020313 0.050000
0 0.404687 0.242130 0.020313 0.050000
0 0.422135 0.241204 0.020313 0.050000
0 0.440625 0.240741 0.020313 0.050000
0 0.457943 0.242130 0.018490 0.048148
0 0.473828 0.241667 0.018490 0.048148
0 0.492057 0.241204 0.018490 0.048148
0 0.508724 0.239815 0.018490 0.048148
0 0.526432 0.238426 0.018490 0.048148
0 0.544010 0.237963 0.018750 0.050000
0 0.560937 0.237963 0.018750 0.050000
0 0.578906 0.236111 0.018750 0.050000
0 0.597135 0.236574 0.018750 0.050000
0 0.614323 0.235648 0.018750 0.050000
0 0.349089 0.291435 0.020573 0.051389
0 0.366016 0.290972 0.020573 0.051389
0 0.385286 0.290972 0.020573 0.051389
0 0.403516 0.290046 0.020573 0.051389
0 0.421224 0.291435 0.020573 0.051389
0 0.438932 0.289583 0.020573 0.051389
0 0.456901 0.289120 0.019010 0.052315
0 0.473568 0.289583 0.019010 0.052315
0 0.491536 0.290509 0.019010 0.052315
0 0.510286 0.289583 0.019010 0.052315
0 0.526693 0.287731 0.019010 0.052315
0 0.544922 0.288657 0.019010 0.052315
0 0.563411 0.286343 0.019010 0.052315
0 0.581380 0.286343 0.019010 0.052315
0 0.599089 0.285880 0.019010 0.052315
0 0.617057 0.281713 0.019010 0.052315
0 0.345573 0.342824 0.020833 0.055093
0 0.364323 0.343287 0.020313 0.055093
0 0.386589 0.341898 0.020573 0.053241
0 0.400651 0.341667 0.019531 0.053704
0 0.419141 0.343056 0.019531 0.053704
0 0.437109 0.340278 0.019531 0.053704
0 0.455599 0.339815 0.019531 0.053704
0 0.474089 0.340278 0.019531 0.053704
0 0.492839 0.339352 0.019531 0.053704
0 0.511328 0.340278 0.019531 0.053704
0 0.547266 0.338889 0.019531 0.053704
0 0.563672 0.337963 0.019531 0.053704
0 0.582943 0.337963 0.019531 0.053704
0 0.602214 0.336574 0.019531 0.053704
0 0.619922 0.334259 0.019531 0.053704
0 0.528516 0.339815 0.019531 0.053704
0 0.341016 0.400694 0.021094 0.055093
0 0.361328 0.401620 0.021094 0.055093
0 0.380599 0.400231 0.021094 0.055093
0 0.398568 0.400231 0.021094 0.055093
0 0.418359 0.399306 0.021094 0.055093
0 0.436589 0.398843 0.021094 0.055093
0 0.455078 0.396528 0.021094 0.055093
0 0.472526 0.395602 0.021094 0.055093
0 0.491536 0.395602 0.021094 0.055093
0 0.510286 0.393750 0.021094 0.055093
0 0.528255 0.392824 0.021094 0.055093
0 0.548568 0.392361 0.021094 0.055093
0 0.565755 0.391435 0.021094 0.055093
0 0.584766 0.391435 0.021094 0.055093
0 0.604297 0.390046 0.021094 0.055093
0 0.621745 0.390046 0.021094 0.055093
0 0.337891 0.456713 0.020573 0.056944
0 0.357943 0.455787 0.020573 0.056944
0 0.377474 0.454861 0.020573 0.056944
0 0.396224 0.453935 0.020573 0.056944
0 0.416536 0.452083 0.020573 0.056944
0 0.436068 0.451157 0.020573 0.056944
0 0.454818 0.452546 0.020573 0.056944
0 0.472786 0.451620 0.020573 0.056944
0 0.492057 0.450694 0.020573 0.056944
0 0.511328 0.448843 0.020573 0.056944
0 0.530078 0.447917 0.020573 0.056944
0 0.549609 0.448843 0.020573 0.056944
0 0.568099 0.447454 0.020573 0.056944
0 0.587109 0.446528 0.020573 0.056944
0 0.606641 0.446528 0.020573 0.056944
0 0.626172 0.444213 0.020573 0.056944
0 0.314193 0.517824 0.023698 0.060648
0 0.334766 0.516898 0.023698 0.060648
0 0.355859 0.515509 0.023698 0.060648
0 0.375130 0.515509 0.023177 0.060648
0 0.393880 0.514583 0.023177 0.060648
0 0.414844 0.512037 0.021354 0.058333
0 0.454688 0.511111 0.021354 0.058333
0 0.473698 0.509722 0.021354 0.058333
0 0.492708 0.508796 0.021354 0.058333
0 0.531771 0.509259 0.021354 0.058333
0 0.551302 0.508333 0.021354 0.058333
0 0.570833 0.506944 0.021354 0.058333
0 0.591146 0.506481 0.021354 0.058333
0 0.610156 0.504167 0.021354 0.058333
0 0.630729 0.505093 0.021354 0.058333
0 0.311198 0.580093 0.026042 0.064815
0 0.331771 0.576852 0.025521 0.064815
0 0.351823 0.576389 0.025521 0.064815
0 0.373047 0.575463 0.024219 0.062963
0 0.393750 0.574306 0.024479 0.060648
0 0.413802 0.573843 0.022917 0.058796
0 0.453646 0.572917 0.022917 0.058796
0 0.474089 0.571991 0.021094 0.058796
0 0.493099 0.571065 0.021094 0.058796
0 0.531901 0.570139 0.021094 0.058796
0 0.552734 0.569676 0.021094 0.058796
0 0.573307 0.567361 0.021094 0.058796
0 0.593359 0.566898 0.021094 0.058796
0 0.613411 0.566435 0.021094 0.058796
0 0.634505 0.566667 0.022656 0.059259
0 0.304948 0.645833 0.024479 0.063889
0 0.326823 0.644907 0.024479 0.063889
0 0.348438 0.643519 0.024479 0.063889
0 0.368490 0.642130 0.024479 0.063889
0 0.389583 0.642593 0.024479 0.063889
0 0.410417 0.639352 0.024479 0.063889
0 0.432031 0.638426 0.024479 0.063889
0 0.452604 0.638426 0.024479 0.063889
0 0.471615 0.634259 0.024479 0.063889
0 0.473177 0.636111 0.021875 0.063889
0 0.493229 0.635185 0.021875 0.063889
0 0.514844 0.636574 0.021875 0.063889
0 0.534375 0.633796 0.021875 0.063889
0 0.555208 0.632870 0.021875 0.063889
0 0.575781 0.632870 0.021875 0.063889
0 0.596094 0.634259 0.021875 0.063889
0 0.617708 0.633796 0.022396 0.063889
0 0.638021 0.632639 0.022917 0.063426
0 0.300000 0.715046 0.025000 0.066204
0 0.322396 0.714120 0.025000 0.066204
0 0.343750 0.712269 0.025000 0.066204
0 0.366406 0.710185 0.024479 0.066667
0 0.388542 0.709259 0.024479 0.066667
0 0.409245 0.706944 0.023177 0.066667
0 0.429297 0.706481 0.023177 0.066667
0 0.451432 0.704630 0.023177 0.066667
0 0.473307 0.704630 0.023177 0.066667
0 0.494661 0.703704 0.023177 0.066667
0 0.514714 0.702315 0.023177 0.066667
0 0.536849 0.701389 0.023177 0.066667
0 0.557161 0.700463 0.023177 0.066667
0 0.578776 0.701852 0.023177 0.066667
0 0.600130 0.703241 0.023177 0.066667
0 0.620964 0.701389 0.023177 0.066667
0 0.642318 0.701852 0.023177 0.066667
0 0.295703 0.792361 0.026302 0.072685
0 0.318099 0.791898 0.026302 0.072685
0 0.340495 0.790046 0.026302 0.072685
0 0.362630 0.789120 0.025260 0.070833
0 0.385026 0.787269 0.025260 0.070833
0 0.406641 0.785417 0.025260 0.070833
0 0.428776 0.785185 0.023177 0.072222
0 0.514193 0.782870 0.023177 0.072222
0 0.537891 0.782407 0.023177 0.072222
0 0.560026 0.782407 0.023177 0.072222
0 0.580859 0.781481 0.023177 0.072222
0 0.603776 0.780556 0.023177 0.072222
0 0.625521 0.779398 0.025000 0.073611
0 0.647396 0.778935 0.025000 0.073611
0 0.314063 0.866435 0.027083 0.077315
0 0.337240 0.866435 0.026562 0.077315
0 0.360938 0.864120 0.026562 0.077315
0 0.382943 0.862500 0.025260 0.075926
0 0.405859 0.861111 0.025260 0.075926
0 0.427734 0.859491 0.024219 0.077315
0 0.515495 0.857639 0.024219 0.077315
0 0.539714 0.857176 0.024219 0.077315
0 0.561328 0.857176 0.024219 0.077315
0 0.583724 0.854398 0.024219 0.077315
0 0.606380 0.853935 0.024219 0.077315
0 0.628906 0.854167 0.025521 0.076852
0 0.651563 0.852778 0.025521 0.076852
