0 0.335677 0.286574 0.039062 0.028704
0 0.334375 0.310648 0.039062 0.028704
0 0.332031 0.336574 0.039062 0.028704
0 0.329688 0.362963 0.039062 0.028704
0 0.327083 0.388889 0.039583 0.026852
0 0.325130 0.415972 0.041406 0.025463
0 0.313802 0.532870 0.043229 0.031481
0 0.311458 0.566204 0.044271 0.034259
0 0.308073 0.596296 0.047396 0.037037
0 0.304948 0.629630 0.047396 0.037037
0 0.301302 0.665741 0.047396 0.038889
0 0.297656 0.700463 0.047396 0.041667
0 0.293359 0.738657 0.048698 0.039352
0 0.373958 0.259954 0.038021 0.027315
0 0.412760 0.262500 0.035937 0.025000
0 0.411979 0.289352 0.035937 0.025000
0 0.448568 0.267593 0.036719 0.028704
0 0.486849 0.269444 0.036719 0.028704
0 0.521745 0.270370 0.036719 0.028704
0 0.558984 0.271759 0.036198 0.025926
0 0.372396 0.286343 0.038021 0.027315
0 0.371094 0.312731 0.038021 0.027315
0 0.368750 0.338657 0.038021 0.027315
0 0.367708 0.363657 0.038021 0.027315
0 0.365625 0.390741 0.040104 0.025926
0 0.363411 0.420139 0.040885 0.029167
0 0.355469 0.536574 0.042188 0.031481
0 0.353385 0.568287 0.045312 0.035648
0 0.351042 0.597917 0.045312 0.035648
0 0.347786 0.634259 0.046094 0.037963
0 0.344141 0.668056 0.046094 0.037963
0 0.341406 0.706019 0.047396 0.038889
0 0.338021 0.742130 0.047396 0.038889
0 0.410807 0.315278 0.038802 0.026852
0 0.410417 0.340741 0.038542 0.028704
0 0.409115 0.364815 0.038542 0.028704
0 0.408203 0.392593 0.039844 0.029630
0 0.407552 0.419676 0.041146 0.030093
0 0.405208 0.448380 0.041146 0.030093
0 0.403516 0.478472 0.040885 0.031944
0 0.401953 0.506713 0.041927 0.031944
0 0.400130 0.538657 0.041927 0.031944
0 0.398958 0.568981 0.042708 0.035185
0 0.397135 0.601389 0.042708 0.035185
0 0.394531 0.635417 0.045312 0.036574
0 0.392188 0.671065 0.045312 0.036574
0 0.390755 0.706250 0.046615 0.039352
0 0.387630 0.744213 0.046615 0.039352
0 0.670052 0.276389 0.039062 0.027778
0 0.705469 0.277778 0.039062 0.027778
0 0.448568 0.290741 0.036719 0.028704
0 0.448047 0.315278 0.036719 0.028704
0 0.447526 0.341204 0.036719 0.028704
0 0.447005 0.366204 0.036719 0.028704
0 0.445443 0.393519 0.036719 0.028704
0 0.445182 0.422222 0.038281 0.031481
0 0.443620 0.449537 0.038281 0.031481
0 0.443359 0.478241 0.039844 0.030556
0 0.442318 0.509259 0.041406 0.031481
0 0.441536 0.539352 0.041406 0.031481
0 0.439583 0.572222 0.041667 0.034259
0 0.439193 0.604167 0.041927 0.037963
0 0.437500 0.636574 0.043750 0.037037
0 0.435156 0.672222 0.043750 0.037037
0 0.434505 0.708796 0.046094 0.038889
0 0.431641 0.747222 0.046094 0.038889
0 0.486328 0.292593 0.036719 0.028704
0 0.485807 0.318519 0.036719 0.028704
0 0.485026 0.344444 0.036719 0.028704
0 0.484766 0.368981 0.036719 0.028704
0 0.484245 0.395833 0.036719 0.028704
0 0.484766 0.452778 0.038802 0.030556
0 0.484505 0.481481 0.038802 0.030556
0 0.482943 0.511574 0.041406 0.034259
0 0.483073 0.571991 0.041146 0.038426
0 0.482552 0.604630 0.041667 0.036111
0 0.480990 0.638889 0.041667 0.036111
0 0.481510 0.673611 0.041667 0.036111
0 0.480859 0.711806 0.044010 0.040278
0 0.480078 0.747917 0.044010 0.040278
0 0.521224 0.295833 0.036719 0.028704
0 0.521224 0.320370 0.036719 0.028704
0 0.521224 0.345833 0.036719 0.028704
0 0.521745 0.372222 0.036719 0.028704
0 0.521875 0.400231 0.038542 0.030093
0 0.522396 0.455324 0.038542 0.030093
0 0.522526 0.482870 0.039844 0.032407
0 0.522786 0.512963 0.039844 0.032407
0 0.523177 0.575463 0.040104 0.037037
0 0.523698 0.608102 0.042188 0.035648
0 0.523958 0.640972 0.042188 0.035648
0 0.523828 0.677083 0.042969 0.038426
0 0.524609 0.713889 0.044010 0.040741
0 0.524609 0.751389 0.044010 0.040741
0 0.559505 0.296759 0.036198 0.025926
0 0.560937 0.322454 0.036458 0.028241
0 0.561458 0.348148 0.036458 0.029630
0 0.560937 0.374537 0.036458 0.029630
0 0.561979 0.400463 0.036458 0.029630
0 0.563281 0.427083 0.039062 0.033796
0 0.562760 0.457176 0.039062 0.033796
0 0.564323 0.486343 0.039062 0.033796
0 0.564844 0.513194 0.039062 0.033796
0 0.566406 0.545139 0.041146 0.033796
0 0.566667 0.577546 0.041146 0.033796
0 0.568620 0.611111 0.043490 0.037037
0 0.568880 0.642593 0.043490 0.037037
0 0.569661 0.677778 0.043490 0.037037
0 0.571224 0.713889 0.043490 0.037037
0 0.572266 0.752083 0.045052 0.038426
0 0.595703 0.298611 0.036198 0.025926
0 0.596745 0.322685 0.036198 0.025926
0 0.597396 0.348380 0.037500 0.027315
0 0.598958 0.374537 0.040104 0.028704
0 0.600260 0.402315 0.040104 0.028704
0 0.601302 0.427315 0.040104 0.028704
0 0.602344 0.458333 0.040104 0.028704
0 0.602604 0.487037 0.040104 0.028704
0 0.604818 0.516667 0.040885 0.033333
0 0.606380 0.545833 0.042448 0.034259
0 0.608073 0.578472 0.042188 0.036574
0 0.609896 0.611343 0.042188 0.036574
0 0.611719 0.646065 0.043750 0.035648
0 0.612760 0.681713 0.043750 0.035648
0 0.614844 0.717361 0.045833 0.035648
0 0.617448 0.753704 0.045833 0.038889
0 0.635547 0.300000 0.036198 0.025926
0 0.672005 0.300231 0.037760 0.028241
0 0.708724 0.303935 0.037760 0.028241
0 0.744141 0.304861 0.037760 0.028241
0 0.636849 0.325231 0.037240 0.028241
0 0.638932 0.350694 0.039323 0.029167
0 0.640495 0.377083 0.039323 0.029167
0 0.640755 0.404630 0.040365 0.033333
0 0.642318 0.431019 0.040365 0.033333
0 0.644922 0.458796 0.040365 0.033333
0 0.646484 0.487963 0.040365 0.033333
0 0.648568 0.518519 0.040365 0.033333
0 0.650651 0.550463 0.044010 0.034259
0 0.651953 0.582870 0.044010 0.034259
0 0.655990 0.614583 0.043750 0.037500
0 0.658333 0.648843 0.045833 0.039352
0 0.659635 0.684491 0.045833 0.039352
0 0.661198 0.720833 0.048958 0.043519
0 0.665104 0.757407 0.048958 0.043519
0 0.673568 0.328009 0.037760 0.028241
0 0.675391 0.352083 0.037760 0.028241
0 0.677474 0.379861 0.037760 0.028241
0 0.679557 0.406250 0.037760 0.028241
0 0.682031 0.434259 0.040625 0.030556
0 0.688542 0.521759 0.040625 0.030556
0 0.685417 0.492130 0.040625 0.030556
0 0.684896 0.459259 0.040625 0.030556
0 0.691536 0.551852 0.041927 0.034259
0 0.694401 0.583333 0.041927 0.034259
0 0.697656 0.617130 0.042708 0.035185
0 0.700651 0.651389 0.044531 0.041667
0 0.702214 0.685648 0.044531 0.041667
0 0.705078 0.722222 0.044531 0.041667
0 0.708464 0.760185 0.044531 0.041667
0 0.710807 0.322917 0.037760 0.028241
0 0.713932 0.352083 0.037760 0.028241
0 0.716406 0.380556 0.039583 0.027778
0 0.721354 0.422685 0.040625 0.030556
0 0.722135 0.434259 0.040625 0.030556
0 0.725521 0.464815 0.040625 0.030556
0 0.727344 0.491667 0.040625 0.030556
0 0.731250 0.523380 0.042708 0.035648
0 0.734635 0.554630 0.044271 0.035185
0 0.737240 0.587500 0.044271 0.035185
0 0.741016 0.619907 0.046094 0.037963
0 0.743880 0.652778 0.046094 0.037963
0 0.747266 0.688657 0.046615 0.038426
0 0.751693 0.723380 0.046615 0.038426
0 0.755599 0.761806 0.046615 0.038426
0 0.747786 0.332176 0.037760 0.028241
0 0.750391 0.357176 0.039323 0.029167
0 0.752995 0.381250 0.039323 0.029167
0 0.756641 0.408102 0.039323 0.029167
0 0.759766 0.436343 0.039844 0.031944
0 0.763151 0.464583 0.039844 0.031944
0 0.766927 0.493981 0.042708 0.032407
0 0.770443 0.525000 0.042969 0.032407
0 0.773828 0.556481 0.042969 0.032407
0 0.777214 0.579630 0.042969 0.032407
0 0.780990 0.612037 0.044271 0.036111
0 0.786068 0.653009 0.045573 0.035648
0 0.790365 0.689583 0.048438 0.035648
0 0.796094 0.721065 0.048438 0.035648
0 0.800000 0.764120 0.048438 0.035648
