0 0.260547 0.217130 0.053385 0.041667
0 0.258464 0.251852 0.053385 0.041667
0 0.252734 0.287963 0.053385 0.041667
0 0.248307 0.324537 0.053385 0.041667
0 0.243229 0.362963 0.054688 0.042593
0 0.238411 0.402083 0.056510 0.045833
0 0.233333 0.443981 0.057292 0.046296
0 0.227865 0.485648 0.057292 0.046296
0 0.222266 0.529167 0.059115 0.049074
0 0.217057 0.576389 0.060156 0.047222
0 0.210677 0.622454 0.061979 0.050463
0 0.204557 0.672222 0.063802 0.053704
0 0.198307 0.723843 0.064844 0.055093
0 0.190365 0.777546 0.066146 0.056019
0 0.183854 0.832639 0.067187 0.059722
0 0.176432 0.890972 0.067969 0.058796
0 0.310547 0.213889 0.053385 0.041667
0 0.360807 0.209954 0.051823 0.041204
0 0.409245 0.206713 0.051823 0.041204
0 0.463411 0.203472 0.051823 0.041204
0 0.513151 0.196528 0.051823 0.041204
0 0.567578 0.190509 0.051823 0.041204
0 0.618490 0.186574 0.052604 0.038889
0 0.675130 0.181713 0.053906 0.040278
0 0.727734 0.176620 0.055469 0.038426
0 0.786719 0.171759 0.058333 0.042593
0 0.841797 0.166435 0.060677 0.043056
0 0.307161 0.247222 0.053385 0.041667
0 0.301693 0.282870 0.053385 0.041667
0 0.297786 0.319444 0.053385 0.041667
0 0.294141 0.358796 0.053385 0.041667
0 0.290885 0.399074 0.056771 0.043519
0 0.286068 0.439583 0.058073 0.045833
0 0.281380 0.482407 0.058594 0.047222
0 0.276693 0.527315 0.059115 0.050000
0 0.272266 0.572222 0.059115 0.050000
0 0.267188 0.621065 0.061458 0.051389
0 0.262109 0.670602 0.064844 0.053241
0 0.257031 0.721991 0.065625 0.055093
0 0.251302 0.775694 0.066667 0.057870
0 0.244792 0.832870 0.067708 0.057407
0 0.238411 0.891204 0.069010 0.059259
0 0.231641 0.952083 0.070573 0.060648
0 0.357943 0.242824 0.051823 0.041204
0 0.355078 0.279861 0.051823 0.041204
0 0.351823 0.318056 0.053125 0.042593
0 0.349740 0.356944 0.055729 0.046296
0 0.346354 0.394444 0.055729 0.046296
0 0.342318 0.438889 0.057552 0.044444
0 0.339062 0.479630 0.058333 0.047222
0 0.334635 0.524769 0.059896 0.049537
0 0.331771 0.571065 0.059896 0.049537
0 0.327214 0.619907 0.062240 0.051852
0 0.324089 0.667593 0.062240 0.051852
0 0.318359 0.722454 0.064323 0.056944
0 0.314714 0.776620 0.065885 0.057870
0 0.309896 0.833102 0.067708 0.058796
0 0.304818 0.893056 0.069010 0.059259
0 0.299089 0.953241 0.070052 0.062963
0 0.406901 0.240509 0.051823 0.041204
0 0.405599 0.275231 0.051823 0.041204
0 0.402995 0.314583 0.053385 0.042130
0 0.400651 0.354398 0.053385 0.042130
0 0.399479 0.391667 0.055729 0.046296
0 0.397135 0.434259 0.055729 0.046296
0 0.393880 0.477778 0.058073 0.048148
0 0.391536 0.518750 0.059635 0.049537
0 0.389193 0.567824 0.059635 0.049537
0 0.385937 0.617824 0.060937 0.055093
0 0.382552 0.664583 0.060937 0.055093
0 0.380078 0.718287 0.064323 0.056944
0 0.375651 0.772917 0.064323 0.056944
0 0.372656 0.831250 0.065104 0.059722
0 0.368880 0.892824 0.067448 0.059722
0 0.462370 0.240046 0.051823 0.041204
0 0.460807 0.273843 0.051823 0.041204
0 0.458984 0.312731 0.051823 0.041204
0 0.458073 0.349306 0.054167 0.044907
0 0.457031 0.392824 0.054167 0.044907
0 0.455208 0.433565 0.054167 0.044907
0 0.454818 0.476157 0.053906 0.044907
0 0.452995 0.520370 0.057552 0.049074
0 0.452083 0.566667 0.058854 0.053704
0 0.449870 0.616435 0.060156 0.056019
0 0.448437 0.666204 0.061458 0.055556
0 0.446615 0.719444 0.061458 0.055556
0 0.444401 0.775231 0.063281 0.058796
0 0.442578 0.830324 0.065365 0.063426
0 0.441536 0.891667 0.066406 0.064815
0 0.512370 0.232639 0.051823 0.041204
0 0.511719 0.270833 0.051562 0.042593
0 0.511198 0.306944 0.051562 0.042593
0 0.511979 0.344907 0.051562 0.047222
0 0.511589 0.386111 0.054427 0.045370
0 0.511458 0.428935 0.055208 0.048611
0 0.510417 0.471991 0.055208 0.048611
0 0.510417 0.517130 0.056771 0.052778
0 0.509896 0.562037 0.056771 0.052778
0 0.510417 0.610417 0.061458 0.053241
0 0.510417 0.661574 0.061979 0.055556
0 0.509115 0.715741 0.061979 0.055556
0 0.509896 0.774306 0.065104 0.057870
0 0.508464 0.831481 0.065885 0.061111
0 0.507682 0.890278 0.066927 0.067593
0 0.508594 0.952778 0.069271 0.069444
0 0.568099 0.225231 0.051823 0.041204
0 0.568229 0.263657 0.053125 0.043056
0 0.568880 0.303009 0.053906 0.044907
0 0.568880 0.342130 0.054948 0.045370
0 0.571615 0.381250 0.057292 0.046759
0 0.572005 0.469213 0.059115 0.051389
0 0.572656 0.513657 0.059896 0.054167
0 0.573177 0.559028 0.059896 0.054167
0 0.576953 0.660185 0.063802 0.062037
0 0.576953 0.716204 0.063802 0.062037
0 0.578776 0.769907 0.065885 0.064815
0 0.580208 0.828704 0.067708 0.065741
0 0.582552 0.890278 0.069271 0.070370
0 0.583333 0.955093 0.069271 0.070370
0 0.619922 0.221296 0.053385 0.046296
0 0.621354 0.257407 0.055729 0.049074
0 0.622526 0.297222 0.058594 0.048148
0 0.623307 0.337037 0.058594 0.048148
0 0.625911 0.378241 0.059635 0.051852
0 0.629557 0.463657 0.061719 0.054167
0 0.631120 0.512731 0.061719 0.054167
0 0.633984 0.555787 0.061719 0.054167
0 0.639844 0.658102 0.064062 0.061574
0 0.641536 0.711343 0.066406 0.062500
0 0.644271 0.770602 0.069792 0.063426
0 0.647005 0.830324 0.072135 0.065278
0 0.649089 0.890972 0.072135 0.065278
0 0.653516 0.953472 0.072135 0.065278
0 0.678385 0.218519 0.055729 0.042593
0 0.679297 0.253935 0.058073 0.046759
0 0.680339 0.294676 0.058073 0.046759
0 0.683724 0.333565 0.058073 0.046759
0 0.686458 0.371759 0.059896 0.048148
0 0.688672 0.416898 0.062760 0.051389
0 0.691797 0.459259 0.064323 0.051852
0 0.694401 0.506944 0.064323 0.051852
0 0.699870 0.557176 0.066927 0.055093
0 0.701562 0.607407 0.069792 0.056481
0 0.706120 0.659491 0.072135 0.060648
0 0.711849 0.713194 0.072135 0.060648
0 0.714063 0.770370 0.075000 0.062037
0 0.718229 0.830093 0.075000 0.062037
0 0.724089 0.890278 0.077344 0.067593
0 0.729557 0.956944 0.077344 0.067593
0 0.731120 0.212963 0.056510 0.046296
0 0.733984 0.252083 0.057552 0.044907
0 0.737891 0.288657 0.060677 0.046759
0 0.739583 0.328009 0.062500 0.048611
0 0.745573 0.370833 0.062500 0.050000
0 0.748437 0.412963 0.062500 0.050000
0 0.752344 0.456019 0.063542 0.053704
0 0.758203 0.504167 0.067448 0.054630
0 0.760807 0.553009 0.071615 0.056019
0 0.766276 0.602546 0.071615 0.056019
0 0.772135 0.654167 0.072396 0.060185
0 0.777865 0.712037 0.072396 0.060185
0 0.784635 0.768287 0.074479 0.064352
0 0.791016 0.828241 0.077344 0.066667
0 0.798568 0.889815 0.077344 0.066667
0 0.804167 0.956250 0.082292 0.071759
0 0.791276 0.208333 0.058594 0.045370
0 0.795703 0.243750 0.060156 0.044907
0 0.800260 0.284259 0.061458 0.046296
0 0.805599 0.323611 0.063281 0.051852
0 0.808984 0.367593 0.063281 0.051852
0 0.815625 0.406713 0.066146 0.053241
0 0.837240 0.597454 0.071875 0.057870
0 0.843880 0.651620 0.075781 0.056944
0 0.852604 0.707176 0.078646 0.061574
0 0.860286 0.764352 0.081510 0.063889
0 0.868490 0.825231 0.082812 0.065278
0 0.877734 0.888657 0.083073 0.068981
0 0.885807 0.954398 0.085677 0.068981
0 0.904818 0.592824 0.073177 0.055093
0 0.911589 0.647454 0.076823 0.056944
0 0.922135 0.704861 0.079167 0.059722
0 0.930469 0.760417 0.081771 0.062500
0 0.939583 0.821991 0.081771 0.062500
0 0.950781 0.885648 0.085417 0.066667
