0 0.413021 0.339583 0.051042 0.041204
0 0.413281 0.378935 0.051042 0.041204
0 0.414193 0.418519 0.052344 0.041667
0 0.414453 0.457407 0.053385 0.043519
0 0.414583 0.500231 0.053125 0.045833
0 0.415885 0.544907 0.054167 0.048148
0 0.416406 0.590046 0.054688 0.050463
0 0.416797 0.634722 0.055990 0.052778
0 0.480339 0.334259 0.053906 0.041667
0 0.480729 0.372454 0.053646 0.044907
0 0.482812 0.413194 0.053646 0.044907
0 0.484896 0.454398 0.053646 0.044907
0 0.485286 0.496065 0.053906 0.046759
0 0.487630 0.540509 0.055469 0.050463
0 0.489714 0.586111 0.055469 0.055556
0 0.491536 0.635185 0.058073 0.052778
0 0.343099 0.751620 0.036198 0.107870
0 0.374870 0.750926 0.035677 0.109259
0 0.338542 0.862269 0.037500 0.114352
0 0.371615 0.860880 0.037500 0.114352
0 0.404557 0.859491 0.035677 0.114352
0 0.436849 0.858565 0.035677 0.114352
0 0.471094 0.857176 0.032292 0.111574
0 0.503125 0.854630 0.033333 0.117593
0 0.535937 0.851620 0.035937 0.117130
0 0.569010 0.850694 0.035937 0.117130
0 0.600911 0.850463 0.038802 0.116667
0 0.406901 0.749537 0.035156 0.108333
0 0.438021 0.748148 0.032292 0.109259
0 0.469792 0.745833 0.032292 0.109259
0 0.502083 0.742130 0.032292 0.109259
0 0.533333 0.741667 0.035937 0.111111
0 0.564453 0.737963 0.036719 0.108333
0 0.595313 0.738194 0.038021 0.108796
