0 0.422135 0.516898 0.064062 0.042130
0 0.421875 0.558565 0.064583 0.044907
0 0.421354 0.603935 0.068229 0.046759
0 0.421094 0.648843 0.068750 0.053241
0 0.419531 0.699537 0.072917 0.055556
0 0.419922 0.755556 0.074740 0.058333
0 0.419271 0.818750 0.078646 0.064352
0 0.419661 0.875463 0.079948 0.057407
0 0.503516 0.512269 0.063281 0.043056
0 0.506380 0.555787 0.065365 0.045833
0 0.509245 0.597222 0.068490 0.050926
0 0.512500 0.645602 0.070833 0.051389
0 0.516016 0.695833 0.073698 0.055556
0 0.519271 0.752546 0.075000 0.062500
0 0.522135 0.808565 0.078646 0.068056
0 0.525130 0.868519 0.082552 0.057407
0 0.329427 0.325694 0.039062 0.062500
0 0.359375 0.325926 0.035937 0.060185
0 0.389062 0.325694 0.034896 0.058796
0 0.417969 0.325694 0.033333 0.059722
0 0.447005 0.323611 0.029948 0.061111
0 0.476172 0.322685 0.029948 0.061111
0 0.505339 0.322685 0.029948 0.061111
0 0.533464 0.321759 0.029948 0.061111
0 0.562370 0.320139 0.031510 0.062500
0 0.320312 0.390509 0.040104 0.070833
0 0.352344 0.390509 0.038542 0.068981
0 0.383854 0.390741 0.037500 0.068519
0 0.415234 0.390278 0.034635 0.067593
0 0.445833 0.390046 0.032292 0.068056
0 0.477604 0.389120 0.032292 0.068056
0 0.507552 0.386806 0.032292 0.068056
0 0.536979 0.385880 0.032292 0.068056
0 0.567708 0.384954 0.034896 0.068981
