0 0.301432 0.425926 0.060156 0.041667
0 0.297786 0.465278 0.060156 0.041667
0 0.292839 0.505556 0.061198 0.044444
0 0.287760 0.547222 0.063542 0.046296
0 0.282682 0.592361 0.063802 0.049537
0 0.275130 0.638889 0.065365 0.051852
0 0.269792 0.688426 0.068750 0.052778
0 0.264193 0.739583 0.069531 0.056019
0 0.255729 0.794213 0.073958 0.058796
0 0.357031 0.423380 0.058854 0.040278
0 0.353516 0.461343 0.058073 0.042130
0 0.350000 0.503935 0.060417 0.044907
0 0.346354 0.545370 0.061979 0.046296
0 0.341536 0.588194 0.063802 0.049537
0 0.338021 0.636806 0.067708 0.052315
0 0.333333 0.683102 0.069271 0.057870
0 0.329297 0.734259 0.070052 0.057407
0 0.324089 0.792593 0.072656 0.059259
0 0.328385 0.738194 0.069792 0.057870
0 0.323828 0.793287 0.070573 0.057870
0 0.426953 0.530556 0.030469 0.085185
0 0.457161 0.526852 0.030469 0.085185
0 0.486849 0.523611 0.030469 0.085185
0 0.515365 0.519213 0.030729 0.084722
0 0.545703 0.514352 0.033594 0.083333
0 0.574870 0.510648 0.033594 0.083333
0 0.605859 0.507639 0.037760 0.081944
0 0.636068 0.504167 0.040365 0.081481
0 0.421484 0.644444 0.033594 0.094444
0 0.454036 0.640741 0.033594 0.094444
0 0.485286 0.635648 0.033594 0.094444
0 0.517578 0.631944 0.033594 0.094444
0 0.549870 0.628472 0.035156 0.094907
0 0.582031 0.625231 0.039062 0.093056
0 0.614714 0.622222 0.040885 0.091667
0 0.646484 0.618981 0.040885 0.091667
