0 0.352995 0.217824 0.060156 0.046759
0 0.352474 0.260417 0.060156 0.046759
0 0.351432 0.306250 0.060156 0.046759
0 0.350391 0.350926 0.061198 0.049074
0 0.350130 0.398148 0.062240 0.054630
0 0.350130 0.448843 0.063281 0.057870
0 0.349219 0.499074 0.065104 0.061111
0 0.349479 0.549074 0.067187 0.059259
0 0.430469 0.212269 0.059896 0.047685
0 0.430469 0.254861 0.059896 0.047685
0 0.430990 0.299306 0.060417 0.048611
0 0.431120 0.344444 0.060677 0.052778
0 0.432812 0.390972 0.063021 0.054167
0 0.434505 0.441898 0.063281 0.056019
0 0.434896 0.493056 0.066146 0.059259
0 0.436719 0.543519 0.067708 0.059259
0 0.256641 0.676157 0.045052 0.120833
0 0.294531 0.675231 0.044271 0.124537
0 0.331250 0.672454 0.044271 0.124537
0 0.368490 0.669907 0.041146 0.123148
0 0.405729 0.667824 0.040625 0.125463
0 0.443229 0.663194 0.039583 0.126389
0 0.481120 0.660880 0.039323 0.127315
0 0.515755 0.658565 0.039323 0.127315
0 0.553385 0.655556 0.042188 0.122222
0 0.248698 0.803935 0.048958 0.135648
0 0.293359 0.803009 0.048177 0.130093
0 0.326562 0.798148 0.045312 0.133333
0 0.364453 0.796065 0.044010 0.132870
0 0.410938 0.797222 0.042708 0.133333
0 0.441927 0.790278 0.042708 0.133333
0 0.480599 0.788194 0.040885 0.133796
0 0.519010 0.786806 0.042188 0.132870
0 0.556380 0.786111 0.044010 0.137963
