0 0.275781 0.436343 0.067708 0.054167
0 0.271484 0.484491 0.068490 0.055093
0 0.267057 0.533333 0.070573 0.058333
0 0.262109 0.585648 0.072656 0.062037
0 0.257031 0.641435 0.072917 0.064352
0 0.252344 0.698611 0.075000 0.067593
0 0.246354 0.757870 0.078646 0.072222
0 0.239714 0.822685 0.081510 0.072222
0 0.231771 0.890972 0.085417 0.077315
0 0.339193 0.429167 0.067448 0.054630
0 0.336589 0.475000 0.067448 0.054630
0 0.333203 0.524537 0.069531 0.059259
0 0.329818 0.578009 0.071094 0.061574
0 0.326432 0.632639 0.071615 0.067130
0 0.323698 0.688889 0.077083 0.069444
0 0.320573 0.751620 0.079167 0.072685
0 0.316016 0.815741 0.080990 0.073148
0 0.311719 0.883102 0.082812 0.077315
0 0.423568 0.552083 0.033594 0.100463
0 0.456771 0.547917 0.036458 0.101389
0 0.489583 0.540741 0.038542 0.101852
0 0.523438 0.532639 0.039583 0.101389
0 0.557813 0.526620 0.041667 0.101389
0 0.591927 0.521991 0.044271 0.100463
0 0.626823 0.515972 0.047396 0.099537
0 0.661849 0.512500 0.049219 0.103704
0 0.420573 0.689583 0.038542 0.113426
0 0.457031 0.683565 0.038542 0.116204
0 0.493229 0.675926 0.040625 0.114815
0 0.529427 0.670602 0.043750 0.118056
0 0.565885 0.667130 0.044271 0.117593
0 0.603646 0.659722 0.048438 0.116667
0 0.640104 0.656019 0.051562 0.119444
0 0.676953 0.650231 0.053906 0.115278
