0 0.347786 0.154398 0.037760 0.076389
0 0.376953 0.155093 0.036198 0.073148
0 0.405859 0.157407 0.036198 0.073148
0 0.434505 0.159722 0.036198 0.073148
0 0.462630 0.163426 0.036198 0.073148
0 0.490104 0.162731 0.033854 0.076389
0 0.518750 0.164120 0.033854 0.076389
0 0.546094 0.166667 0.031250 0.075000
0 0.574740 0.167130 0.031250 0.075000
0 0.339193 0.228935 0.038802 0.082870
0 0.369661 0.230324 0.039323 0.078241
0 0.400260 0.232639 0.037500 0.079167
0 0.430339 0.234954 0.038802 0.076389
0 0.459115 0.235417 0.035417 0.077315
0 0.488021 0.237731 0.035417 0.077315
0 0.516797 0.239352 0.034635 0.079630
0 0.546745 0.241204 0.034635 0.079630
0 0.575391 0.242130 0.032031 0.077778
0 0.432031 0.364352 0.061458 0.046296
0 0.431120 0.407870 0.062240 0.046296
0 0.428776 0.454630 0.063281 0.049074
0 0.427865 0.501389 0.064583 0.051852
0 0.425260 0.550926 0.066146 0.053704
0 0.422396 0.604630 0.066146 0.053704
0 0.420443 0.659028 0.069531 0.056944
0 0.418750 0.718056 0.071354 0.062963
0 0.508203 0.368519 0.058073 0.044444
0 0.508333 0.411574 0.060417 0.046296
0 0.509896 0.458333 0.063542 0.052778
0 0.510417 0.505093 0.063542 0.052778
0 0.509635 0.552315 0.063542 0.054630
0 0.509896 0.607176 0.065104 0.056019
0 0.509375 0.661574 0.065104 0.057407
0 0.510156 0.718056 0.067708 0.057407
