0 0.261719 0.531713 0.044792 0.097685
0 0.294792 0.534028 0.044792 0.097685
0 0.328125 0.540972 0.044792 0.097685
0 0.358984 0.543750 0.042448 0.096759
0 0.390885 0.545602 0.040625 0.095833
0 0.424479 0.549306 0.040625 0.095833
0 0.453385 0.553935 0.035937 0.095833
0 0.483984 0.556481 0.034115 0.096296
0 0.245182 0.661806 0.047656 0.110648
0 0.279427 0.662963 0.045833 0.106481
0 0.313281 0.667824 0.045833 0.106019
0 0.347786 0.670602 0.045573 0.104167
0 0.380469 0.675231 0.042708 0.103241
0 0.414844 0.677083 0.042708 0.103241
0 0.446354 0.679167 0.038021 0.103704
0 0.478125 0.681944 0.038021 0.103704
0 0.563802 0.400926 0.059375 0.057407
0 0.563021 0.445833 0.059375 0.057407
0 0.562500 0.487963 0.059375 0.057407
0 0.562370 0.532870 0.063281 0.060185
0 0.562109 0.581481 0.063281 0.060185
0 0.561589 0.630556 0.063281 0.060185
0 0.562891 0.682176 0.065365 0.065278
0 0.560677 0.733565 0.066146 0.072685
0 0.560547 0.795602 0.066927 0.068056
0 0.622917 0.413889 0.057813 0.053704
0 0.622396 0.454167 0.057813 0.053704
0 0.623177 0.500463 0.057813 0.053704
0 0.623698 0.545370 0.059375 0.053704
0 0.624349 0.592824 0.061198 0.056019
0 0.625260 0.642824 0.064062 0.059722
0 0.626953 0.692593 0.064844 0.062963
0 0.628125 0.746991 0.067187 0.068056
0 0.628125 0.807639 0.067187 0.068056
