0 0.300911 0.857870 0.028906 0.101852
0 0.330599 0.852778 0.028906 0.101852
0 0.357161 0.848148 0.028906 0.101852
0 0.385286 0.843981 0.028906 0.101852
0 0.413932 0.839352 0.028906 0.101852
0 0.301432 0.764352 0.028906 0.101852
0 0.328255 0.759259 0.028906 0.101852
0 0.355599 0.754167 0.028906 0.101852
0 0.383203 0.751389 0.028906 0.101852
0 0.409766 0.744444 0.028906 0.101852
0 0.408203 0.656481 0.028906 0.101852
0 0.381901 0.656019 0.028906 0.101852
0 0.355078 0.660185 0.028906 0.101852
0 0.327734 0.666204 0.028906 0.101852
0 0.302474 0.671759 0.028906 0.101852
0 0.354818 0.578241 0.028906 0.101852
0 0.379557 0.573148 0.028906 0.101852
0 0.405599 0.568056 0.028906 0.101852
