0 0.388411 0.153241 0.021615 0.058333
0 0.426432 0.153009 0.021094 0.058796
0 0.407682 0.152546 0.021094 0.058796
0 0.454297 0.152546 0.021094 0.058796
0 0.474089 0.153009 0.021094 0.058796
0 0.492318 0.152083 0.021094 0.058796
0 0.387370 0.212963 0.021615 0.059259
0 0.406641 0.211574 0.021615 0.059259
0 0.425911 0.212963 0.021615 0.059259
0 0.454297 0.211574 0.021615 0.059259
0 0.473047 0.212037 0.022135 0.062037
0 0.492318 0.212037 0.022135 0.062037
0 0.385677 0.273843 0.021354 0.063426
0 0.405990 0.272454 0.021354 0.063426
0 0.425521 0.273380 0.021354 0.063426
0 0.452865 0.271065 0.021354 0.063426
0 0.473177 0.272454 0.021354 0.063426
0 0.492708 0.271528 0.021354 0.063426
0 0.387500 0.361111 0.020833 0.062963
0 0.406510 0.361111 0.020833 0.062963
0 0.425260 0.360648 0.020833 0.062963
0 0.457031 0.362037 0.020833 0.062963
0 0.475521 0.362500 0.020833 0.062963
0 0.494271 0.360648 0.020833 0.062963
0 0.386068 0.421991 0.021094 0.066204
0 0.405859 0.423380 0.021094 0.066204
0 0.424349 0.423843 0.021094 0.066204
0 0.457161 0.423843 0.021094 0.066204
0 0.476172 0.423380 0.021094 0.066204
0 0.494922 0.421991 0.021094 0.066204
0 0.384375 0.487037 0.022396 0.067593
0 0.404687 0.486111 0.022396 0.067593
0 0.424479 0.487500 0.022396 0.067593
0 0.456771 0.486111 0.022396 0.067593
0 0.476302 0.486574 0.022396 0.067593
0 0.495964 0.486574 0.021094 0.066667
0 0.382943 0.552546 0.022656 0.069907
0 0.403516 0.550231 0.022656 0.069907
0 0.423047 0.552083 0.022656 0.069907
0 0.456120 0.550231 0.022656 0.069907
0 0.475911 0.550694 0.022656 0.069907
0 0.495703 0.551620 0.022656 0.069907
0 0.381250 0.619213 0.022917 0.071759
0 0.402865 0.617824 0.022917 0.071759
0 0.422396 0.620139 0.022917 0.071759
0 0.455990 0.617824 0.022917 0.071759
0 0.476562 0.618287 0.022917 0.071759
0 0.496094 0.618287 0.022917 0.071759
0 0.379818 0.690972 0.023698 0.074537
0 0.400391 0.690046 0.023698 0.074537
0 0.421745 0.689583 0.023698 0.074537
0 0.455729 0.689120 0.023438 0.075463
0 0.475781 0.690509 0.023438 0.075463
0 0.496615 0.688194 0.023438 0.075463
0 0.377083 0.765278 0.023438 0.075926
0 0.399349 0.764352 0.024740 0.077778
0 0.419922 0.761574 0.024740 0.077778
0 0.455859 0.762500 0.024740 0.077778
0 0.476562 0.763194 0.023958 0.079167
0 0.497396 0.764120 0.023958 0.079167
0 0.375781 0.836806 0.025521 0.079167
0 0.373177 0.918056 0.026042 0.082407
0 0.397396 0.840972 0.025521 0.079167
0 0.419531 0.837731 0.023958 0.078241
0 0.440755 0.839815 0.024740 0.079630
0 0.462109 0.840278 0.024740 0.079630
0 0.373307 0.919676 0.023177 0.082870
0 0.394922 0.919907 0.023698 0.082407
0 0.417057 0.918519 0.023698 0.082407
0 0.438672 0.917593 0.023698 0.082407
