0 0.530208 0.180556 0.024479 0.050926
0 0.549219 0.179630 0.024479 0.050926
0 0.569531 0.177778 0.024479 0.050926
0 0.589453 0.175000 0.026302 0.050000
0 0.511589 0.229167 0.026823 0.050926
0 0.533073 0.228704 0.025000 0.052778
0 0.553125 0.225926 0.025000 0.052778
0 0.573568 0.225463 0.026302 0.053704
0 0.594141 0.222685 0.027865 0.051852
0 0.480729 0.282176 0.025000 0.054167
0 0.501953 0.283333 0.025781 0.056481
0 0.522786 0.281019 0.025781 0.056481
0 0.557943 0.277315 0.027344 0.056481
0 0.579036 0.275926 0.027344 0.056481
0 0.599609 0.273611 0.027865 0.054630
0 0.483464 0.339352 0.025260 0.057407
0 0.505208 0.336574 0.025521 0.059259
0 0.526563 0.334259 0.025521 0.059259
0 0.562109 0.331250 0.027865 0.058796
0 0.585156 0.329398 0.028646 0.061574
0 0.584375 0.328241 0.028646 0.059259
0 0.605729 0.327315 0.028646 0.059259
0 0.486589 0.396991 0.026302 0.063426
0 0.508203 0.394444 0.028385 0.062037
0 0.530859 0.391204 0.028385 0.062037
0 0.568099 0.387500 0.028385 0.062037
0 0.590234 0.386111 0.028385 0.062037
0 0.613151 0.383102 0.029427 0.061574
0 0.489323 0.457870 0.026562 0.066667
0 0.512500 0.455324 0.028125 0.066204
0 0.535417 0.453009 0.028125 0.066204
0 0.573958 0.449074 0.029167 0.065741
0 0.596875 0.446296 0.030729 0.066667
0 0.620052 0.443519 0.030729 0.066667
0 0.491536 0.522454 0.027865 0.071759
0 0.515755 0.520139 0.029948 0.071759
0 0.539453 0.517824 0.029948 0.071759
0 0.580078 0.513657 0.030990 0.070833
0 0.603776 0.510417 0.030990 0.070833
0 0.627734 0.508333 0.034115 0.071296
0 0.495443 0.593519 0.029427 0.076852
0 0.520312 0.590741 0.031771 0.077778
0 0.544792 0.587963 0.031771 0.077778
0 0.586198 0.583796 0.031771 0.077778
0 0.611719 0.581019 0.034896 0.076852
0 0.636198 0.578241 0.036458 0.076852
0 0.498698 0.661806 0.029687 0.068056
0 0.524089 0.659722 0.029948 0.068519
0 0.550130 0.656944 0.032552 0.069444
0 0.593359 0.652315 0.032552 0.069444
0 0.619271 0.647917 0.034896 0.067130
0 0.645833 0.645602 0.034896 0.067130
0 0.506250 0.737269 0.033333 0.093981
0 0.535286 0.734259 0.036198 0.092593
0 0.563411 0.731481 0.036198 0.092593
0 0.605469 0.727546 0.039062 0.093981
0 0.634375 0.723843 0.039062 0.093981
0 0.663802 0.721528 0.041667 0.092130
0 0.509896 0.832870 0.036458 0.101852
0 0.540104 0.829630 0.036458 0.101852
0 0.571224 0.824769 0.038281 0.099537
0 0.614844 0.819907 0.040625 0.100926
0 0.644792 0.816667 0.042188 0.101852
0 0.674479 0.813426 0.042188 0.101852
0 0.514323 0.936806 0.038021 0.109722
0 0.546615 0.932870 0.040625 0.111111
0 0.579167 0.928241 0.040625 0.111111
0 0.624349 0.922685 0.042969 0.110185
0 0.656250 0.918750 0.044271 0.111574
0 0.687370 0.914815 0.045573 0.111111
