0 0.315365 0.475000 0.050000 0.048148
0 0.310937 0.511574 0.050000 0.048148
0 0.306771 0.548148 0.050000 0.048148
0 0.300260 0.603472 0.051042 0.049537
0 0.294531 0.643287 0.051042 0.050463
0 0.289583 0.681944 0.052083 0.051852
0 0.359375 0.486574 0.047917 0.046296
0 0.355469 0.522685 0.049479 0.048148
0 0.350521 0.558102 0.050000 0.048611
0 0.345052 0.613194 0.051042 0.052315
0 0.340885 0.652546 0.051042 0.052315
0 0.335807 0.691898 0.051302 0.052315
0 0.402083 0.496528 0.045833 0.046759
0 0.399219 0.531944 0.046875 0.047222
0 0.394661 0.568287 0.047656 0.047685
0 0.389974 0.623148 0.048177 0.049074
0 0.385937 0.661111 0.050000 0.050926
0 0.381380 0.701852 0.050781 0.051852
0 0.451302 0.519907 0.044271 0.043519
0 0.447917 0.554167 0.044271 0.043519
0 0.445443 0.589815 0.045052 0.045370
0 0.440495 0.648843 0.046094 0.046759
0 0.437109 0.686806 0.045052 0.047685
0 0.433854 0.724769 0.047396 0.048611
0 0.491667 0.528704 0.044271 0.043519
0 0.489583 0.563889 0.044271 0.046296
0 0.486979 0.598148 0.044271 0.044444
0 0.482812 0.658333 0.044271 0.047222
0 0.480078 0.695602 0.044531 0.049537
0 0.477604 0.734028 0.045833 0.049537
0 0.531901 0.538657 0.044531 0.044907
0 0.530078 0.572454 0.043490 0.045833
0 0.528385 0.606481 0.043229 0.046296
0 0.524609 0.667593 0.044531 0.049074
0 0.522917 0.704167 0.044792 0.050000
0 0.520833 0.743981 0.045312 0.050000
0 0.572656 0.546759 0.043229 0.045370
0 0.571354 0.581250 0.043750 0.047685
0 0.569922 0.616435 0.043490 0.048611
0 0.567318 0.677315 0.043490 0.046296
0 0.565755 0.715741 0.044531 0.049074
0 0.564193 0.752546 0.045052 0.050463
0 0.613802 0.556713 0.042188 0.045833
0 0.612760 0.590278 0.042188 0.046296
0 0.611979 0.627546 0.043229 0.047685
0 0.609505 0.686343 0.044010 0.048611
0 0.609375 0.724537 0.044792 0.050926
0 0.607552 0.763889 0.044792 0.050926
0 0.654557 0.564815 0.042969 0.045370
0 0.654427 0.600000 0.043750 0.046296
0 0.653385 0.635648 0.043750 0.048148
0 0.652734 0.697917 0.045052 0.047685
0 0.651953 0.734722 0.045052 0.050000
0 0.651693 0.772685 0.044531 0.050000
0 0.697135 0.575000 0.041146 0.044444
0 0.696094 0.610185 0.042708 0.047222
0 0.696094 0.644907 0.042708 0.047222
0 0.695052 0.705556 0.042708 0.047222
0 0.695052 0.743519 0.042708 0.047222
0 0.694661 0.782407 0.044531 0.049074
0 0.739193 0.642593 0.041406 0.045370
0 0.737500 0.677778 0.042188 0.046296
0 0.737760 0.714352 0.043750 0.048148
0 0.737760 0.754167 0.043750 0.048148
0 0.738281 0.793056 0.043750 0.048148
0 0.779427 0.688426 0.042188 0.046296
0 0.780208 0.726389 0.043750 0.048148
0 0.780729 0.764815 0.043750 0.048148
0 0.780729 0.802315 0.043750 0.048148
