0 0.410547 0.134491 0.020052 0.057870
0 0.428906 0.134954 0.020313 0.056944
0 0.447266 0.135648 0.021094 0.058333
0 0.474609 0.134722 0.021094 0.058333
0 0.492578 0.136111 0.021094 0.058333
0 0.510938 0.136343 0.020313 0.058796
0 0.408333 0.190509 0.020833 0.057870
0 0.427865 0.190972 0.020833 0.057870
0 0.446745 0.191898 0.020573 0.059722
0 0.473438 0.191435 0.020833 0.060648
0 0.491927 0.192824 0.020833 0.060648
0 0.510156 0.193750 0.020833 0.060648
0 0.407943 0.250000 0.020573 0.061111
0 0.426432 0.249074 0.020573 0.061111
0 0.444922 0.250000 0.020573 0.061111
0 0.473047 0.250926 0.020573 0.061111
0 0.491016 0.251852 0.020573 0.061111
0 0.510547 0.251852 0.020573 0.061111
0 0.407682 0.334954 0.020573 0.058796
0 0.426172 0.335880 0.020573 0.059722
0 0.444141 0.336343 0.020573 0.059722
0 0.475651 0.337500 0.020573 0.061111
0 0.493359 0.337037 0.020573 0.061111
0 0.512109 0.337037 0.020573 0.061111
0 0.406120 0.393981 0.021094 0.062963
0 0.425130 0.395370 0.021094 0.062963
0 0.444141 0.395370 0.021094 0.062963
0 0.474609 0.396991 0.020573 0.061574
0 0.493620 0.396065 0.020573 0.062500
0 0.512109 0.396991 0.020573 0.062500
0 0.404818 0.456019 0.022135 0.065741
0 0.424609 0.456019 0.022135 0.065741
0 0.442318 0.455787 0.022135 0.064352
0 0.474219 0.456481 0.021354 0.063889
0 0.492839 0.457176 0.022135 0.065278
0 0.512109 0.457639 0.022135 0.065278
0 0.402865 0.518750 0.022396 0.067130
0 0.422526 0.518750 0.021615 0.066204
0 0.441667 0.517824 0.022396 0.067130
0 0.473438 0.519213 0.022396 0.067130
0 0.492969 0.519213 0.021354 0.066204
0 0.511979 0.518981 0.022396 0.068519
0 0.400911 0.582870 0.023698 0.068519
0 0.421354 0.583333 0.021875 0.068519
0 0.440495 0.583565 0.022135 0.069907
0 0.472526 0.584028 0.022135 0.069907
0 0.492578 0.585880 0.022135 0.069907
0 0.512370 0.584028 0.022135 0.069907
0 0.398568 0.650694 0.022135 0.070833
0 0.419010 0.650463 0.022396 0.072222
0 0.438281 0.650926 0.022396 0.072222
0 0.472656 0.651389 0.022396 0.072222
0 0.492708 0.651852 0.022396 0.072222
0 0.512240 0.650463 0.022396 0.072222
0 0.396354 0.721065 0.022396 0.072685
0 0.416927 0.720370 0.023958 0.072222
0 0.438021 0.720833 0.023958 0.072222
0 0.471875 0.720370 0.023958 0.072222
0 0.491667 0.722222 0.023958 0.072222
0 0.511979 0.723843 0.023438 0.073611
0 0.394141 0.793981 0.023698 0.075926
0 0.414974 0.794444 0.023698 0.075926
0 0.435807 0.794444 0.024219 0.077778
0 0.456901 0.794444 0.024219 0.077778
0 0.477995 0.796296 0.024219 0.080556
0 0.391406 0.869907 0.023438 0.079630
0 0.412500 0.868519 0.024479 0.079630
0 0.433594 0.870370 0.024479 0.079630
0 0.454688 0.871528 0.022917 0.081019
