0 0.080078 0.157176 0.073177 0.054167
0 0.069531 0.207176 0.075521 0.059722
0 0.057552 0.257176 0.077604 0.061574
0 0.046615 0.310185 0.078646 0.062963
0 0.143359 0.163657 0.074219 0.056019
0 0.133333 0.211574 0.075521 0.057407
0 0.123177 0.263426 0.077604 0.060185
0 0.111849 0.316667 0.077865 0.062963
0 0.098047 0.372685 0.080469 0.065741
0 0.208073 0.167593 0.075000 0.058333
0 0.198437 0.215972 0.076042 0.059722
0 0.188932 0.267361 0.078906 0.060648
0 0.175130 0.358565 0.082031 0.063426
0 0.163151 0.417361 0.084115 0.068981
0 0.150521 0.475463 0.083854 0.071296
0 0.271745 0.171296 0.074740 0.057407
0 0.265755 0.221759 0.075781 0.058333
0 0.257552 0.274306 0.078125 0.062500
0 0.242969 0.365046 0.081250 0.065278
0 0.233724 0.423843 0.083594 0.068981
0 0.225651 0.483565 0.083073 0.073611
0 0.339193 0.176389 0.074740 0.058333
0 0.333073 0.226620 0.076563 0.060648
0 0.325781 0.279398 0.077604 0.061574
0 0.314193 0.373148 0.082031 0.067593
0 0.306771 0.431250 0.082812 0.071759
0 0.298958 0.490509 0.084375 0.072685
0 0.406901 0.179861 0.075781 0.059722
0 0.402214 0.231713 0.076302 0.063426
0 0.396745 0.285648 0.077865 0.063889
0 0.386849 0.378472 0.080990 0.068056
0 0.380599 0.437963 0.081510 0.071296
0 0.374740 0.500694 0.084375 0.076389
0 0.475391 0.183333 0.074740 0.060185
0 0.471354 0.235417 0.075521 0.062500
0 0.467969 0.290046 0.077604 0.065278
0 0.460417 0.385417 0.079167 0.068056
0 0.455339 0.445602 0.079427 0.069907
0 0.450781 0.507176 0.082292 0.074537
0 0.546484 0.186111 0.073698 0.059259
0 0.543490 0.240741 0.077083 0.061111
0 0.539844 0.296296 0.078125 0.064815
0 0.534766 0.392361 0.080469 0.068981
0 0.531641 0.451852 0.081510 0.073148
0 0.617708 0.191435 0.076563 0.060648
0 0.615495 0.245139 0.077865 0.064352
0 0.614583 0.301157 0.078646 0.067130
0 0.610547 0.397917 0.080990 0.069907
0 0.609635 0.458565 0.083333 0.074537
0 0.607682 0.522685 0.084635 0.077778
0 0.709766 0.144444 0.081510 0.062963
0 0.710417 0.200926 0.083333 0.066667
0 0.710807 0.262269 0.084115 0.066204
0 0.711589 0.350694 0.088802 0.074537
0 0.711719 0.418287 0.090625 0.077315
0 0.713281 0.490046 0.090625 0.077315
0 0.791667 0.146759 0.083854 0.062963
0 0.792839 0.205787 0.086719 0.067130
0 0.795443 0.266667 0.088802 0.068519
0 0.798047 0.358565 0.091406 0.073611
0 0.800911 0.426852 0.092969 0.076852
0 0.803255 0.497222 0.094010 0.081481
0 0.874349 0.149537 0.086719 0.062037
0 0.877344 0.209028 0.090104 0.064352
0 0.881380 0.271065 0.091927 0.068056
0 0.887760 0.364352 0.096354 0.075926
0 0.892057 0.433102 0.097135 0.077315
0 0.896875 0.505093 0.098958 0.083333
