0 0.127865 0.238426 0.035937 0.066667
0 0.145703 0.222685 0.035677 0.067593
0 0.163021 0.207407 0.035417 0.066667
0 0.189193 0.184954 0.034635 0.068056
0 0.205859 0.170139 0.034635 0.068056
0 0.222917 0.154630 0.034896 0.066667
0 0.144401 0.290741 0.037240 0.070370
0 0.163151 0.273611 0.035677 0.070370
0 0.180469 0.258102 0.036458 0.069907
0 0.206120 0.234028 0.036198 0.068981
0 0.223698 0.218750 0.035937 0.068056
0 0.241016 0.202778 0.034635 0.067593
0 0.161719 0.342361 0.034896 0.070833
0 0.179948 0.325926 0.035937 0.069444
0 0.197917 0.308565 0.035417 0.070833
0 0.223568 0.285185 0.035677 0.069444
0 0.241276 0.268981 0.035677 0.069444
0 0.258854 0.252778 0.034375 0.066667
0 0.189714 0.419907 0.034635 0.068519
0 0.207422 0.403704 0.034635 0.068519
0 0.224870 0.387037 0.034635 0.068519
0 0.252995 0.360185 0.034635 0.068519
0 0.269661 0.343981 0.034635 0.068519
0 0.286589 0.329167 0.034635 0.066667
0 0.207031 0.473611 0.035417 0.072222
0 0.224740 0.455093 0.035417 0.072222
0 0.242708 0.438426 0.035417 0.072222
0 0.270833 0.410648 0.035417 0.072222
0 0.287500 0.394444 0.035937 0.070370
0 0.304688 0.378241 0.035417 0.068519
0 0.224870 0.527546 0.036198 0.073611
0 0.242969 0.509028 0.036979 0.074537
0 0.260547 0.492361 0.036198 0.071759
0 0.290495 0.462963 0.035677 0.072222
0 0.306641 0.445833 0.036719 0.070370
0 0.324089 0.428935 0.035677 0.069907
0 0.243880 0.583102 0.037240 0.077315
0 0.261719 0.564352 0.036458 0.075926
0 0.278646 0.546296 0.036458 0.075926
0 0.308854 0.516898 0.037500 0.074537
0 0.326042 0.499306 0.036979 0.073611
0 0.342578 0.481944 0.037240 0.071296
0 0.262891 0.640046 0.037760 0.077315
0 0.280859 0.621065 0.037760 0.077315
0 0.299089 0.601620 0.037760 0.077315
0 0.328516 0.571991 0.037760 0.077315
0 0.344922 0.553009 0.038281 0.076389
0 0.362760 0.535417 0.036979 0.074537
0 0.281771 0.698380 0.038021 0.082870
0 0.300000 0.678935 0.039583 0.081019
0 0.317969 0.659028 0.038021 0.078241
0 0.348177 0.627546 0.038021 0.078241
0 0.365625 0.607639 0.038021 0.078241
0 0.382943 0.589815 0.037760 0.075926
0 0.302083 0.757870 0.039062 0.083333
0 0.320443 0.737963 0.038281 0.081481
0 0.338151 0.717824 0.039844 0.081019
0 0.368099 0.684954 0.038281 0.079167
0 0.385807 0.664583 0.038281 0.079167
0 0.403255 0.646528 0.037760 0.077315
0 0.322526 0.819907 0.039323 0.085185
0 0.341146 0.799537 0.039062 0.086111
0 0.358984 0.778704 0.039323 0.084259
0 0.377474 0.758102 0.039323 0.081944
0 0.395703 0.738889 0.038281 0.079630
0 0.342708 0.883796 0.040104 0.088889
0 0.361849 0.862731 0.040365 0.086574
0 0.379688 0.840046 0.041146 0.084722
0 0.398177 0.820370 0.039583 0.084259
