0 0.085677 0.525231 0.053646 0.047685
0 0.075260 0.560880 0.054167 0.050463
0 0.061979 0.597454 0.054167 0.050463
0 0.049089 0.635417 0.057031 0.052315
0 0.127995 0.535880 0.054427 0.048611
0 0.116276 0.572454 0.056510 0.049537
0 0.104948 0.609259 0.057292 0.051852
0 0.093620 0.647917 0.057031 0.052315
0 0.079557 0.687963 0.057031 0.055556
0 0.170703 0.546528 0.054427 0.048611
0 0.160286 0.582639 0.055990 0.050463
0 0.150000 0.620370 0.056771 0.051852
0 0.130990 0.686806 0.056250 0.053241
0 0.119141 0.728935 0.059635 0.056019
0 0.105729 0.770833 0.059375 0.060185
0 0.214714 0.556250 0.054427 0.048611
0 0.205339 0.593519 0.055469 0.050926
0 0.194792 0.632639 0.056250 0.053241
0 0.177474 0.698843 0.058073 0.055093
0 0.166667 0.741435 0.059896 0.059722
0 0.155599 0.785880 0.058073 0.060648
0 0.260286 0.567130 0.054427 0.049074
0 0.251172 0.603935 0.056510 0.053241
0 0.241276 0.642824 0.056510 0.053241
0 0.225000 0.712037 0.057813 0.058333
0 0.214583 0.755324 0.058333 0.060648
0 0.204297 0.799769 0.061198 0.061574
0 0.305990 0.576620 0.055729 0.050463
0 0.297396 0.615972 0.056771 0.051389
0 0.288802 0.655556 0.056771 0.054630
0 0.273698 0.725463 0.059375 0.059259
0 0.264583 0.768750 0.059896 0.060648
0 0.254036 0.813426 0.061719 0.063889
0 0.352734 0.588426 0.057552 0.051852
0 0.345443 0.627778 0.057031 0.052778
0 0.337630 0.667824 0.058073 0.055093
0 0.322656 0.738657 0.057292 0.056944
0 0.313802 0.782870 0.060417 0.062037
0 0.304948 0.829167 0.061979 0.063889
0 0.401432 0.599074 0.057552 0.051852
0 0.394141 0.638426 0.057552 0.051852
0 0.386589 0.679398 0.058073 0.057870
0 0.373047 0.750926 0.060677 0.059259
0 0.365625 0.797454 0.061979 0.061574
0 0.357292 0.845370 0.061979 0.064815
0 0.447917 0.609954 0.053125 0.051389
0 0.441667 0.649306 0.054688 0.056019
0 0.434635 0.692130 0.056250 0.055556
0 0.423307 0.764583 0.056510 0.060648
0 0.416927 0.811111 0.057813 0.063889
0 0.408594 0.860185 0.058333 0.063889
0 0.504167 0.595833 0.057813 0.054630
0 0.497786 0.637731 0.058073 0.057870
0 0.556901 0.609028 0.058073 0.057870
0 0.610677 0.619676 0.060937 0.056944
0 0.552344 0.651157 0.059375 0.057870
0 0.607552 0.665046 0.060417 0.060648
0 0.492057 0.682407 0.060156 0.061111
0 0.546094 0.695833 0.061979 0.061111
0 0.603516 0.710185 0.061719 0.062037
0 0.483724 0.750231 0.062240 0.063426
0 0.539323 0.765278 0.063542 0.065741
0 0.535026 0.814583 0.063281 0.068981
0 0.528906 0.868287 0.065625 0.071759
0 0.599609 0.780093 0.062760 0.064815
0 0.594661 0.831250 0.065885 0.071759
0 0.591406 0.885880 0.067187 0.073611
