0 0.139323 0.413426 0.066146 0.050000
0 0.136979 0.455093 0.066146 0.050000
0 0.134115 0.500231 0.067187 0.055093
0 0.130469 0.568981 0.068229 0.061111
0 0.127995 0.617130 0.071094 0.063889
0 0.124740 0.668287 0.072396 0.068056
0 0.200651 0.406250 0.064323 0.051389
0 0.198828 0.447454 0.063802 0.054167
0 0.198047 0.490972 0.064323 0.056944
0 0.195833 0.557639 0.065625 0.057870
0 0.194531 0.605556 0.067708 0.062037
0 0.193359 0.656481 0.069010 0.064815
0 0.259896 0.399074 0.059896 0.048148
0 0.259635 0.440046 0.060417 0.050463
0 0.259505 0.482639 0.061198 0.053241
0 0.259896 0.550231 0.063021 0.056944
0 0.259766 0.595833 0.064844 0.062037
0 0.259766 0.645370 0.065365 0.062963
0 0.328646 0.420833 0.057292 0.047222
0 0.330469 0.459491 0.057813 0.050463
0 0.331380 0.499769 0.058594 0.051389
0 0.333984 0.571759 0.060156 0.057407
0 0.335417 0.615509 0.061458 0.059722
0 0.336719 0.663889 0.062500 0.065741
0 0.382682 0.414583 0.056510 0.048611
0 0.385677 0.451852 0.057813 0.051852
0 0.387500 0.491204 0.058333 0.052778
0 0.391536 0.560185 0.059635 0.058333
0 0.393620 0.603704 0.059635 0.058333
0 0.396745 0.648380 0.061198 0.059722
0 0.434766 0.405787 0.056510 0.048611
0 0.438672 0.443287 0.056510 0.048611
0 0.441927 0.481019 0.058333 0.050000
0 0.447396 0.548843 0.059896 0.052315
0 0.450911 0.591667 0.059635 0.056481
0 0.454297 0.636111 0.062240 0.060185
0 0.486979 0.397222 0.055729 0.045370
0 0.489974 0.432639 0.056510 0.049537
0 0.494661 0.472917 0.057552 0.050463
0 0.501302 0.538426 0.057813 0.052778
0 0.505859 0.580093 0.060156 0.056481
0 0.510677 0.624306 0.060937 0.058796
0 0.537240 0.388194 0.056771 0.046759
0 0.540495 0.426620 0.057031 0.050463
0 0.545964 0.462731 0.057031 0.050463
0 0.554036 0.529630 0.059635 0.051852
0 0.560156 0.570602 0.060417 0.054167
0 0.566797 0.613657 0.061719 0.056019
0 0.585026 0.381250 0.054948 0.046759
0 0.590495 0.416898 0.054948 0.046759
0 0.596875 0.453935 0.057292 0.047685
0 0.606510 0.519676 0.059896 0.051389
0 0.614323 0.559491 0.059896 0.051389
0 0.620052 0.603009 0.060937 0.055093
0 0.635938 0.372222 0.055729 0.045370
0 0.641016 0.408333 0.056510 0.047222
0 0.646745 0.444907 0.058073 0.047222
0 0.658594 0.509028 0.058854 0.049537
0 0.666016 0.550231 0.060156 0.053241
0 0.673958 0.592593 0.060937 0.054630
0 0.695833 0.423380 0.056250 0.044907
0 0.702083 0.460880 0.058333 0.047685
0 0.709635 0.499769 0.059375 0.048611
0 0.718620 0.539815 0.059635 0.051852
0 0.726042 0.582176 0.060937 0.052315
0 0.752344 0.453472 0.058333 0.047685
0 0.759766 0.491204 0.059635 0.050926
0 0.769141 0.532407 0.059635 0.050926
0 0.778516 0.573380 0.060677 0.053241
