0 0.257943 0.510185 0.047656 0.039815
0 0.256641 0.548380 0.048698 0.042130
0 0.255599 0.588194 0.048698 0.042130
0 0.252865 0.645602 0.051042 0.042130
0 0.250651 0.685648 0.052344 0.045370
0 0.249349 0.728704 0.051302 0.046296
0 0.305078 0.509722 0.047656 0.039815
0 0.303776 0.547222 0.048698 0.042593
0 0.302995 0.585648 0.048698 0.042593
0 0.301432 0.643750 0.049740 0.043056
0 0.299870 0.684954 0.049740 0.043056
0 0.298828 0.726852 0.051302 0.047222
0 0.351432 0.508796 0.047656 0.039815
0 0.350130 0.546759 0.047656 0.041667
0 0.349349 0.584722 0.047656 0.041667
0 0.347917 0.643519 0.047917 0.043519
0 0.346875 0.684028 0.047396 0.047685
0 0.347005 0.722685 0.049740 0.045370
0 0.403646 0.521065 0.042708 0.036574
0 0.403516 0.557407 0.044531 0.039815
0 0.403255 0.593750 0.045052 0.043056
0 0.402995 0.656713 0.045052 0.043056
0 0.403255 0.693056 0.045573 0.046296
0 0.403385 0.732407 0.046875 0.046296
0 0.446094 0.519213 0.042708 0.040278
0 0.446745 0.555556 0.045052 0.041667
0 0.446875 0.592130 0.046354 0.042593
0 0.446745 0.651852 0.046615 0.044444
0 0.448177 0.691435 0.046354 0.046759
0 0.448958 0.730787 0.046354 0.046759
0 0.487500 0.518287 0.042708 0.040278
0 0.488802 0.553935 0.045312 0.040278
0 0.489974 0.589352 0.046094 0.041667
0 0.491016 0.650000 0.046094 0.041667
0 0.491536 0.688889 0.046094 0.041667
0 0.493099 0.727778 0.047656 0.042593
0 0.528776 0.517824 0.044010 0.039352
0 0.530208 0.551620 0.045312 0.040278
0 0.532292 0.587731 0.045312 0.040278
0 0.533854 0.647454 0.046875 0.043056
0 0.536068 0.685648 0.046615 0.044444
0 0.537500 0.725694 0.047396 0.045833
0 0.570052 0.516435 0.045312 0.038426
0 0.572656 0.550694 0.045312 0.038426
0 0.573698 0.584954 0.045312 0.038426
0 0.576953 0.645833 0.045573 0.041667
0 0.579036 0.683796 0.047135 0.043519
0 0.581380 0.722454 0.047656 0.043981
0 0.611068 0.514120 0.045052 0.040278
0 0.613151 0.548843 0.045052 0.040278
0 0.615495 0.583102 0.045052 0.040278
0 0.619271 0.643287 0.046875 0.042130
0 0.622135 0.681713 0.046875 0.042130
0 0.625260 0.720833 0.047917 0.044444
0 0.653255 0.513426 0.045573 0.037963
0 0.655339 0.546759 0.045573 0.037963
0 0.658203 0.582407 0.046615 0.039815
0 0.662240 0.643287 0.046875 0.041204
0 0.665365 0.679398 0.046875 0.041204
0 0.667578 0.719444 0.046615 0.043519
0 0.699089 0.567593 0.045573 0.040741
0 0.702083 0.603704 0.045833 0.040741
0 0.704297 0.639815 0.046615 0.042593
0 0.707943 0.677778 0.046615 0.042593
0 0.711458 0.716898 0.048438 0.042130
0 0.742839 0.603935 0.045573 0.040278
0 0.745964 0.640509 0.045573 0.040278
0 0.749349 0.677546 0.047135 0.042130
0 0.754818 0.714583 0.047135 0.042130
