0 0.530729 0.175926 0.022917 0.049074
0 0.550391 0.174306 0.024219 0.049537
0 0.569531 0.171991 0.025521 0.048611
0 0.589063 0.170139 0.025521 0.048611
0 0.513021 0.223611 0.024479 0.050926
0 0.533724 0.222454 0.025260 0.051389
0 0.554167 0.220370 0.024479 0.051852
0 0.573307 0.218981 0.026302 0.053704
0 0.594531 0.216898 0.026042 0.051389
0 0.482812 0.276852 0.023958 0.054630
0 0.503255 0.276157 0.024740 0.056019
0 0.524089 0.272917 0.024740 0.056019
0 0.557943 0.270370 0.026302 0.054630
0 0.578255 0.267130 0.026302 0.054630
0 0.599349 0.265741 0.027865 0.055556
0 0.484896 0.330556 0.024479 0.058333
0 0.505990 0.329167 0.024479 0.058333
0 0.527604 0.326389 0.024479 0.058333
0 0.562630 0.322454 0.027865 0.058796
0 0.583724 0.319213 0.027865 0.058796
0 0.605339 0.318287 0.027865 0.058796
0 0.487891 0.386343 0.024219 0.061574
0 0.509766 0.383796 0.027344 0.062037
0 0.531380 0.381481 0.027344 0.062037
0 0.568099 0.377315 0.027344 0.062037
0 0.589453 0.375926 0.027344 0.062037
0 0.611979 0.372454 0.030208 0.062500
0 0.491146 0.445833 0.026042 0.065741
0 0.512760 0.443519 0.027604 0.065741
0 0.535156 0.440741 0.027604 0.065741
0 0.573438 0.436574 0.029167 0.065741
0 0.596094 0.434491 0.030729 0.065278
0 0.617969 0.430787 0.030729 0.065278
0 0.493490 0.509259 0.026562 0.070370
0 0.517318 0.506481 0.027865 0.071296
0 0.539974 0.503704 0.027865 0.071296
0 0.579818 0.500000 0.029427 0.071296
0 0.602474 0.497454 0.031510 0.068981
0 0.625651 0.493750 0.031510 0.068981
0 0.496224 0.577083 0.029427 0.074537
0 0.521094 0.574537 0.030208 0.074074
0 0.545312 0.571759 0.030208 0.074074
0 0.585938 0.566898 0.031250 0.075463
0 0.609766 0.564815 0.033594 0.075000
0 0.635026 0.562963 0.033594 0.075000
0 0.500130 0.642593 0.028906 0.065741
0 0.525130 0.640046 0.030469 0.065278
0 0.550651 0.637269 0.030469 0.065278
0 0.592187 0.632870 0.031771 0.067593
0 0.617578 0.630787 0.032552 0.066204
0 0.642708 0.627778 0.033854 0.064815
0 0.507292 0.715278 0.032813 0.089815
0 0.535417 0.711343 0.034896 0.090278
0 0.563281 0.709954 0.034896 0.090278
0 0.603776 0.704861 0.037240 0.089352
0 0.631901 0.702315 0.038802 0.089815
0 0.659505 0.699074 0.038802 0.089815
0 0.511328 0.806250 0.035156 0.097685
0 0.541536 0.803472 0.036198 0.098611
0 0.569661 0.800694 0.036198 0.098611
0 0.613411 0.794444 0.038802 0.097222
0 0.641797 0.792130 0.038802 0.097222
0 0.671354 0.788657 0.042708 0.096759
0 0.515755 0.906713 0.035677 0.106019
0 0.546875 0.903241 0.037500 0.107407
0 0.577474 0.898611 0.039323 0.108333
0 0.622656 0.893056 0.042188 0.105556
0 0.652865 0.888657 0.043229 0.106019
0 0.683333 0.886343 0.043229 0.106019
