0 0.531641 0.134722 0.025260 0.047222
0 0.551693 0.132407 0.025260 0.047222
0 0.571745 0.131019 0.025260 0.047222
0 0.591016 0.130093 0.025260 0.047222
0 0.513542 0.181944 0.025521 0.050000
0 0.534375 0.180556 0.025521 0.050000
0 0.554948 0.178241 0.025521 0.050926
0 0.575521 0.177778 0.025521 0.050926
0 0.596745 0.175694 0.026823 0.051389
0 0.482682 0.235417 0.024740 0.055093
0 0.503255 0.233565 0.024740 0.056019
0 0.524089 0.233565 0.024740 0.056019
0 0.560026 0.228935 0.026302 0.056019
0 0.580859 0.228472 0.027865 0.055093
0 0.601693 0.224769 0.027865 0.055093
0 0.485026 0.289583 0.024219 0.056944
0 0.506771 0.287037 0.025521 0.058333
0 0.528255 0.284954 0.026823 0.060648
0 0.564844 0.282176 0.028125 0.059722
0 0.586458 0.278935 0.028125 0.059722
0 0.609115 0.276620 0.028646 0.056944
0 0.487240 0.345139 0.025521 0.062500
0 0.510547 0.342824 0.026302 0.062500
0 0.532161 0.340046 0.026302 0.062500
0 0.569922 0.338194 0.027865 0.063426
0 0.592578 0.334954 0.027865 0.063426
0 0.615365 0.333333 0.029687 0.062963
0 0.490755 0.404398 0.026823 0.066204
0 0.512891 0.402546 0.026823 0.066204
0 0.536589 0.399769 0.029427 0.066204
0 0.574089 0.396065 0.029427 0.066204
0 0.598698 0.393981 0.031250 0.065741
0 0.621615 0.391667 0.031250 0.065741
0 0.492969 0.468981 0.027604 0.067593
0 0.517188 0.467130 0.029167 0.071296
0 0.540625 0.463889 0.029167 0.071296
0 0.580859 0.460648 0.030990 0.070370
0 0.604948 0.457639 0.032813 0.068981
0 0.630469 0.454398 0.032813 0.068981
0 0.496224 0.537500 0.029427 0.074074
0 0.520833 0.534259 0.030729 0.076852
0 0.546615 0.532639 0.032292 0.075463
0 0.588021 0.528009 0.032292 0.075463
0 0.612630 0.526157 0.034115 0.076389
0 0.638021 0.522222 0.035417 0.077778
0 0.498568 0.602778 0.029948 0.065741
0 0.525130 0.599769 0.030469 0.063426
0 0.549609 0.596528 0.030469 0.063426
0 0.594010 0.591898 0.033333 0.064352
0 0.620052 0.589583 0.033333 0.064352
0 0.645703 0.587269 0.034635 0.063426
0 0.506771 0.673843 0.033333 0.090278
0 0.535937 0.670833 0.035417 0.090741
0 0.563802 0.668056 0.035417 0.090741
0 0.605859 0.663426 0.039323 0.089815
0 0.635807 0.660648 0.039323 0.089815
0 0.663542 0.656250 0.040104 0.093056
0 0.509245 0.764352 0.036719 0.100926
0 0.540234 0.762037 0.036719 0.100926
0 0.571224 0.760185 0.036719 0.100926
0 0.615104 0.754398 0.040104 0.098611
0 0.645182 0.751157 0.044531 0.099537
0 0.676823 0.747685 0.044271 0.099074
0 0.515365 0.866435 0.037500 0.108796
0 0.546354 0.863194 0.037500 0.108796
0 0.579297 0.858796 0.040885 0.108333
0 0.624870 0.853241 0.040885 0.108333
0 0.656250 0.850000 0.043229 0.108333
0 0.688542 0.847222 0.045833 0.108333
