0 0.387500 0.170833 0.018229 0.055556
0 0.405078 0.170602 0.019531 0.054167
0 0.422786 0.170139 0.019531 0.054167
0 0.448568 0.170139 0.019531 0.054167
0 0.465495 0.170139 0.019531 0.054167
0 0.482943 0.170139 0.019531 0.054167
0 0.386719 0.226389 0.019792 0.059259
0 0.404948 0.225463 0.019792 0.059259
0 0.422135 0.225463 0.019792 0.059259
0 0.448437 0.225926 0.019792 0.059259
0 0.466146 0.225000 0.019792 0.059259
0 0.483854 0.224074 0.019792 0.059259
0 0.386328 0.282870 0.019531 0.058333
0 0.404297 0.282407 0.021094 0.058333
0 0.422005 0.280556 0.021094 0.058333
0 0.448437 0.282639 0.020833 0.057870
0 0.466927 0.281944 0.020313 0.057407
0 0.484245 0.281019 0.019010 0.056481
0 0.388411 0.365046 0.019010 0.059722
0 0.405859 0.364120 0.019010 0.059722
0 0.423828 0.363194 0.019010 0.059722
0 0.452734 0.362731 0.019010 0.059722
0 0.469922 0.363194 0.019010 0.059722
0 0.487109 0.363194 0.019010 0.059722
0 0.387500 0.421065 0.020833 0.058796
0 0.405599 0.421296 0.020052 0.061111
0 0.423307 0.420370 0.020052 0.061111
0 0.452214 0.420370 0.020052 0.061111
0 0.469922 0.420370 0.020052 0.061111
0 0.488672 0.419444 0.020052 0.061111
0 0.386458 0.480093 0.020313 0.059259
0 0.405078 0.479861 0.020573 0.061574
0 0.422526 0.479398 0.020573 0.061574
0 0.453255 0.478935 0.020573 0.061574
0 0.470703 0.479398 0.020573 0.061574
0 0.488411 0.478009 0.020573 0.061574
0 0.385547 0.540278 0.021094 0.062037
0 0.404297 0.539815 0.021094 0.062037
0 0.422266 0.538426 0.021094 0.062037
0 0.453255 0.537500 0.021094 0.062037
0 0.471224 0.537500 0.021094 0.062037
0 0.488411 0.537963 0.021094 0.062037
0 0.384635 0.602546 0.021354 0.064352
0 0.403906 0.600694 0.021354 0.064352
0 0.422656 0.601157 0.021354 0.064352
0 0.453385 0.601157 0.021354 0.064352
0 0.471354 0.599306 0.021354 0.064352
0 0.489844 0.598380 0.021354 0.064352
0 0.383594 0.666435 0.021875 0.068056
0 0.402865 0.665972 0.021875 0.068056
0 0.421354 0.665046 0.021875 0.068056
0 0.452865 0.664120 0.021875 0.068056
0 0.472135 0.663194 0.021875 0.068056
0 0.490104 0.661806 0.021875 0.068056
0 0.381901 0.733102 0.022135 0.071759
0 0.401432 0.732639 0.022135 0.071759
0 0.420703 0.731713 0.022135 0.071759
0 0.452995 0.730324 0.022135 0.071759
0 0.471745 0.729861 0.022135 0.071759
0 0.492057 0.730093 0.021094 0.070370
0 0.380990 0.802546 0.022917 0.069907
0 0.400521 0.801157 0.022917 0.069907
0 0.420703 0.800000 0.022656 0.070370
0 0.440365 0.801157 0.021875 0.070833
0 0.460026 0.801157 0.022656 0.072685
0 0.377995 0.873611 0.023177 0.074074
0 0.398307 0.873611 0.023177 0.074074
0 0.419141 0.872685 0.023177 0.074074
0 0.439193 0.872222 0.023177 0.074074
