0 0.196745 0.535648 0.052865 0.045370
0 0.195964 0.575463 0.052865 0.047222
0 0.249349 0.530324 0.051823 0.046759
0 0.299870 0.522685 0.050781 0.043519
0 0.194661 0.614120 0.054948 0.048611
0 0.192578 0.674537 0.057031 0.050926
0 0.191536 0.717361 0.057031 0.052315
0 0.189583 0.763194 0.058333 0.056944
0 0.248568 0.566435 0.052344 0.047685
0 0.248047 0.606713 0.052344 0.047685
0 0.247656 0.665741 0.053646 0.049074
0 0.246354 0.708796 0.055208 0.052778
0 0.246094 0.752778 0.055208 0.052778
0 0.300130 0.559722 0.049740 0.045370
0 0.300781 0.597917 0.050521 0.047685
0 0.301432 0.656250 0.051823 0.048611
0 0.301432 0.699769 0.052865 0.052315
0 0.301823 0.743287 0.053646 0.054167
0 0.358333 0.536806 0.048958 0.044907
0 0.359505 0.572222 0.047656 0.043519
0 0.361458 0.608565 0.050000 0.044907
0 0.363411 0.672222 0.051823 0.049074
0 0.364583 0.711574 0.051562 0.051852
0 0.365755 0.754167 0.053385 0.053704
0 0.404427 0.529861 0.048958 0.044907
0 0.405859 0.566204 0.049219 0.049074
0 0.409115 0.599537 0.051042 0.046296
0 0.411589 0.662269 0.051823 0.048611
0 0.414062 0.701620 0.053646 0.052315
0 0.416536 0.742593 0.054948 0.054630
0 0.450391 0.522917 0.049740 0.042130
0 0.452344 0.557176 0.050521 0.044907
0 0.455729 0.591435 0.050521 0.044907
0 0.459375 0.652778 0.050521 0.047222
0 0.462891 0.691898 0.051823 0.051389
0 0.466276 0.731944 0.052865 0.052778
0 0.494141 0.514583 0.049740 0.042130
0 0.497266 0.547454 0.049740 0.043056
0 0.500130 0.582870 0.049219 0.044444
0 0.506510 0.644213 0.050521 0.046759
0 0.510156 0.682176 0.051042 0.049537
0 0.514844 0.721759 0.052083 0.050000
0 0.537891 0.507639 0.049740 0.042130
0 0.541797 0.540509 0.049740 0.042130
0 0.545052 0.575000 0.050521 0.043519
0 0.552083 0.634954 0.051042 0.046759
0 0.557031 0.672454 0.052083 0.049537
0 0.561979 0.712731 0.052083 0.049537
0 0.580599 0.499769 0.049740 0.042130
0 0.585286 0.533565 0.049740 0.042130
0 0.589193 0.567593 0.049219 0.045370
0 0.597786 0.627546 0.052344 0.046759
0 0.603385 0.664352 0.052604 0.048148
0 0.609115 0.703241 0.052604 0.048148
0 0.622656 0.493981 0.047396 0.040741
0 0.627865 0.525694 0.048438 0.042130
0 0.633724 0.560880 0.048177 0.043056
0 0.642708 0.618750 0.051562 0.045833
0 0.649219 0.656481 0.052083 0.049074
0 0.654948 0.694444 0.052604 0.049074
0 0.675260 0.540046 0.048438 0.042130
0 0.681380 0.574769 0.049740 0.044907
0 0.687370 0.611111 0.050781 0.047222
0 0.693750 0.646991 0.052083 0.045833
0 0.701042 0.686343 0.052604 0.047685
0 0.724089 0.570139 0.049740 0.044907
0 0.730859 0.603472 0.051302 0.046759
0 0.738021 0.640972 0.051562 0.046759
0 0.745573 0.677083 0.051562 0.046759
