0 0.224479 0.601389 0.047917 0.046296
0 0.223958 0.638426 0.047917 0.046296
0 0.223958 0.678704 0.047917 0.046296
0 0.223828 0.736343 0.048698 0.050463
0 0.224609 0.778009 0.048177 0.053241
0 0.223958 0.821759 0.048958 0.055556
0 0.270052 0.593981 0.047917 0.046296
0 0.270313 0.631481 0.047917 0.046296
0 0.272005 0.670139 0.048698 0.048611
0 0.272005 0.727546 0.048698 0.048611
0 0.272656 0.768750 0.048958 0.053241
0 0.273177 0.809491 0.048958 0.053241
0 0.315234 0.586343 0.046094 0.045833
0 0.316016 0.623843 0.046094 0.045833
0 0.317057 0.662269 0.046094 0.048611
0 0.318620 0.718750 0.047135 0.048611
0 0.320182 0.759722 0.046615 0.052778
0 0.320573 0.800694 0.047917 0.052315
0 0.367969 0.590509 0.044792 0.045833
0 0.369010 0.624537 0.044792 0.046296
0 0.370833 0.659722 0.045312 0.047222
0 0.373177 0.721296 0.046354 0.050000
0 0.374609 0.761111 0.045573 0.053704
0 0.376302 0.799769 0.046875 0.051389
0 0.410417 0.581713 0.044792 0.043056
0 0.411719 0.615741 0.044792 0.045370
0 0.413281 0.650926 0.045833 0.046296
0 0.416667 0.712037 0.045833 0.047222
0 0.418750 0.750694 0.046875 0.049537
0 0.420703 0.789583 0.047656 0.050463
0 0.451302 0.572917 0.044792 0.043056
0 0.452083 0.606944 0.044792 0.044444
0 0.455729 0.643056 0.045833 0.047222
0 0.459635 0.703009 0.045312 0.047685
0 0.461719 0.740741 0.046354 0.050000
0 0.464323 0.779630 0.046354 0.050000
0 0.491146 0.565046 0.044792 0.043056
0 0.494010 0.598380 0.044792 0.043056
0 0.496094 0.633565 0.044792 0.045833
0 0.501563 0.693287 0.045833 0.044907
0 0.504167 0.731481 0.045833 0.049074
0 0.507682 0.769907 0.046615 0.050926
0 0.531250 0.556713 0.044792 0.043056
0 0.533594 0.591435 0.044792 0.043056
0 0.536849 0.625926 0.045052 0.045370
0 0.542578 0.685185 0.045052 0.045370
0 0.546615 0.722222 0.046354 0.049074
0 0.549740 0.759722 0.047396 0.047222
0 0.570312 0.549306 0.044792 0.043056
0 0.573958 0.583102 0.044792 0.043056
0 0.577604 0.616898 0.044792 0.043056
0 0.583594 0.676157 0.044792 0.043056
0 0.587500 0.713889 0.047396 0.048148
0 0.591667 0.751389 0.047396 0.050000
0 0.610677 0.543287 0.044792 0.043056
0 0.613802 0.575000 0.045312 0.042593
0 0.617969 0.609491 0.045312 0.043056
0 0.624479 0.668287 0.045833 0.045833
0 0.628906 0.705324 0.045833 0.048611
0 0.633333 0.742824 0.045833 0.048611
0 0.657031 0.590278 0.045312 0.042593
0 0.661458 0.624537 0.045312 0.042593
0 0.665104 0.660880 0.046875 0.043981
0 0.668880 0.696759 0.046094 0.045370
0 0.674089 0.733796 0.046094 0.045370
0 0.700260 0.618056 0.045312 0.042593
0 0.705078 0.653704 0.045052 0.044444
0 0.709635 0.689352 0.045833 0.045370
0 0.714323 0.725926 0.045833 0.045370
