0 0.208724 0.462500 0.053906 0.048148
0 0.260677 0.456019 0.052604 0.047222
0 0.310417 0.451852 0.051562 0.049074
0 0.209115 0.504167 0.054167 0.050926
0 0.208594 0.546296 0.054167 0.050926
0 0.207813 0.607870 0.055208 0.050000
0 0.207682 0.653009 0.054948 0.053241
0 0.206771 0.699074 0.055729 0.055556
0 0.261458 0.497917 0.052604 0.049537
0 0.261458 0.538657 0.052604 0.049537
0 0.261198 0.601157 0.053646 0.052315
0 0.261719 0.645833 0.054167 0.053704
0 0.261068 0.690509 0.054948 0.055093
0 0.312760 0.490278 0.051562 0.049074
0 0.313021 0.531481 0.051562 0.049074
0 0.313932 0.593287 0.051823 0.050463
0 0.314583 0.636111 0.052083 0.052778
0 0.316146 0.681019 0.054167 0.053704
0 0.370052 0.461343 0.048438 0.044907
0 0.370964 0.498843 0.049219 0.047685
0 0.372526 0.536806 0.049740 0.048611
0 0.374870 0.603009 0.051302 0.051389
0 0.376172 0.643287 0.051302 0.051389
0 0.377344 0.686343 0.052083 0.054167
0 0.415365 0.453935 0.048438 0.044907
0 0.417708 0.491204 0.048958 0.046296
0 0.419792 0.529398 0.049479 0.046759
0 0.423438 0.594676 0.050521 0.050463
0 0.424740 0.634954 0.051562 0.051389
0 0.427344 0.677546 0.052083 0.052315
0 0.460677 0.447917 0.048438 0.044907
0 0.463151 0.484028 0.050260 0.043981
0 0.466146 0.522222 0.050000 0.047222
0 0.470052 0.585417 0.049479 0.048611
0 0.473177 0.625926 0.050521 0.050926
0 0.475911 0.667361 0.052344 0.052315
0 0.505078 0.440972 0.047656 0.045833
0 0.508724 0.477546 0.047656 0.045833
0 0.511719 0.514120 0.048958 0.046759
0 0.516016 0.577315 0.049219 0.048148
0 0.519792 0.617824 0.050000 0.049537
0 0.522786 0.657870 0.050781 0.050926
0 0.549089 0.435880 0.047656 0.045833
0 0.552604 0.469444 0.048958 0.045370
0 0.555990 0.507407 0.048958 0.045370
0 0.561979 0.570139 0.051042 0.047685
0 0.565104 0.609954 0.051042 0.047685
0 0.569792 0.650000 0.052083 0.050000
0 0.593099 0.427546 0.048177 0.044907
0 0.596484 0.463194 0.049219 0.043981
0 0.601042 0.500463 0.050000 0.046296
0 0.607552 0.563194 0.051562 0.047685
0 0.612500 0.601620 0.051562 0.047685
0 0.616016 0.643056 0.051302 0.050926
0 0.637240 0.420370 0.046875 0.044444
0 0.640625 0.457176 0.047917 0.045833
0 0.645573 0.493056 0.050000 0.046296
0 0.652865 0.556019 0.050521 0.047222
0 0.658464 0.594213 0.051823 0.049537
0 0.662109 0.635417 0.052865 0.050463
0 0.689193 0.473380 0.049219 0.044907
0 0.693359 0.510648 0.049219 0.048148
0 0.697656 0.548611 0.050000 0.048148
0 0.702344 0.587731 0.052083 0.047685
0 0.708724 0.626620 0.052344 0.049537
0 0.737240 0.504167 0.049479 0.047222
0 0.741667 0.541667 0.050000 0.046296
0 0.747266 0.580787 0.050260 0.047685
0 0.753385 0.620139 0.051562 0.050463
