0 0.303125 0.400463 0.022917 0.063889
0 0.324089 0.392824 0.021615 0.063426
0 0.344792 0.386574 0.023438 0.062963
0 0.366146 0.378009 0.023958 0.064352
0 0.302995 0.459259 0.023177 0.069444
0 0.324349 0.452315 0.024740 0.070370
0 0.347005 0.444907 0.024219 0.068519
0 0.368490 0.437500 0.025000 0.068519
0 0.391927 0.374537 0.025000 0.057407
0 0.396094 0.431944 0.024479 0.060185
0 0.399349 0.500694 0.026302 0.065278
0 0.325911 0.524537 0.025260 0.074074
0 0.348958 0.514583 0.025521 0.070833
0 0.373047 0.506019 0.025260 0.071296
0 0.350651 0.568056 0.048177 0.050000
0 0.351042 0.603935 0.046875 0.053241
0 0.352083 0.639815 0.047917 0.053704
0 0.414583 0.756944 0.050000 0.057407
0 0.416667 0.798380 0.051562 0.057870
0 0.419792 0.840741 0.050521 0.059259
0 0.484635 0.705093 0.050521 0.055556
0 0.488021 0.744907 0.051042 0.058333
0 0.492188 0.785185 0.052083 0.057407
0 0.576693 0.676620 0.053906 0.056019
0 0.582161 0.716435 0.053906 0.056019
0 0.587630 0.755324 0.053906 0.056019
