0 0.272266 0.431250 0.045573 0.063426
0 0.286849 0.454167 0.049740 0.064815
0 0.300391 0.473611 0.049740 0.067593
0 0.231510 0.515741 0.050000 0.069444
0 0.246224 0.537269 0.049740 0.071759
0 0.261068 0.559491 0.049740 0.071759
0 0.158724 0.612037 0.054948 0.076852
0 0.173307 0.637037 0.054948 0.076852
0 0.187630 0.661343 0.055469 0.081019
0 0.374740 0.458102 0.046875 0.066204
0 0.390234 0.480324 0.047656 0.066204
0 0.405990 0.502546 0.048438 0.067130
0 0.446484 0.515741 0.047656 0.066667
0 0.431250 0.538426 0.048438 0.070370
0 0.415365 0.563889 0.048958 0.072222
0 0.395573 0.596528 0.047917 0.078241
0 0.499740 0.543287 0.047917 0.069907
0 0.484115 0.566667 0.050000 0.075926
0 0.468620 0.591204 0.050781 0.077778
0 0.452604 0.616667 0.051562 0.075926
0 0.433333 0.653704 0.051562 0.081481
0 0.532552 0.588426 0.050521 0.075000
0 0.517318 0.612500 0.050781 0.075926
0 0.501953 0.640046 0.052344 0.078241
0 0.486979 0.666435 0.051562 0.080093
0 0.467057 0.702778 0.051302 0.088889
