0 0.191016 0.576157 0.054427 0.032870
0 0.238281 0.575463 0.052604 0.032407
0 0.292187 0.575000 0.050521 0.034259
0 0.184635 0.616667 0.054167 0.037963
0 0.179036 0.656713 0.054948 0.040278
0 0.173568 0.698380 0.054948 0.040278
0 0.168359 0.738426 0.056510 0.039815
0 0.232682 0.615741 0.052344 0.037963
0 0.227865 0.654861 0.052604 0.039352
0 0.223438 0.695602 0.052604 0.039352
0 0.218099 0.738657 0.054427 0.041204
0 0.287630 0.615278 0.051302 0.039815
0 0.283724 0.653935 0.052865 0.041204
0 0.280990 0.693750 0.054167 0.043981
0 0.322917 0.655324 0.031250 0.081019
0 0.349089 0.655324 0.030990 0.079167
0 0.374089 0.656019 0.029948 0.078704
0 0.436198 0.386111 0.022396 0.058333
0 0.457813 0.384722 0.022396 0.058333
0 0.478385 0.384259 0.021354 0.057407
0 0.432812 0.501620 0.023958 0.064352
0 0.455729 0.502083 0.022917 0.062500
0 0.477604 0.501157 0.022917 0.062500
0 0.447656 0.600231 0.025521 0.070833
0 0.471094 0.600694 0.025521 0.070833
0 0.493490 0.599306 0.025521 0.070833
