0 0.195312 0.507870 0.053646 0.031481
0 0.189193 0.548843 0.053906 0.037500
0 0.184115 0.586806 0.053646 0.039352
0 0.179427 0.627083 0.053646 0.041204
0 0.174479 0.668519 0.054688 0.045370
0 0.242318 0.507407 0.052344 0.031481
0 0.236328 0.548380 0.051302 0.038426
0 0.232161 0.587269 0.051823 0.041204
0 0.228516 0.627315 0.052344 0.042593
0 0.223307 0.668981 0.053385 0.042593
0 0.294792 0.508333 0.050000 0.032407
0 0.291276 0.547917 0.051302 0.037500
0 0.287891 0.586343 0.052865 0.040278
0 0.284766 0.627315 0.052865 0.040741
0 0.327083 0.589352 0.029687 0.078704
0 0.352734 0.587963 0.029427 0.078704
0 0.377214 0.589120 0.028906 0.078241
0 0.480599 0.318287 0.021615 0.059722
0 0.460286 0.317824 0.021615 0.059722
0 0.438932 0.318287 0.021615 0.059722
0 0.435286 0.436806 0.023177 0.065278
0 0.457682 0.436343 0.023177 0.065278
0 0.480078 0.436806 0.023177 0.065278
0 0.450000 0.533565 0.023958 0.069907
0 0.508203 0.541667 0.024219 0.070370
0 0.495964 0.534954 0.023177 0.069907
0 0.473177 0.534028 0.023958 0.069907
