0 0.295573 0.385648 0.021875 0.062037
0 0.317578 0.379398 0.022656 0.063426
0 0.338932 0.372454 0.022656 0.063426
0 0.359505 0.365509 0.024219 0.063426
0 0.385026 0.360417 0.023698 0.056019
0 0.296875 0.443750 0.022396 0.065278
0 0.317969 0.436806 0.023438 0.068056
0 0.339453 0.429167 0.024740 0.067593
0 0.361589 0.421296 0.023698 0.067593
0 0.387891 0.417130 0.025781 0.060185
0 0.319661 0.505787 0.023177 0.069907
0 0.341667 0.499306 0.025000 0.070833
0 0.364453 0.492130 0.025260 0.069444
0 0.390625 0.486343 0.027604 0.064352
0 0.342708 0.551852 0.046875 0.050926
0 0.343490 0.585648 0.046875 0.050926
0 0.344010 0.621528 0.046875 0.051389
0 0.406120 0.738889 0.049740 0.056481
0 0.408073 0.780556 0.050521 0.059259
0 0.410938 0.820602 0.052083 0.057870
0 0.475651 0.687963 0.051302 0.054630
0 0.478125 0.727315 0.051562 0.057407
0 0.482682 0.767361 0.051302 0.057870
0 0.567578 0.659954 0.052865 0.054167
0 0.571745 0.698611 0.052865 0.056481
0 0.577474 0.737037 0.052865 0.056481
