0 0.079687 0.228472 0.007292 0.017130
0 0.085417 0.227546 0.007292 0.017130
0 0.090625 0.226157 0.007292 0.017130
0 0.096094 0.225231 0.007292 0.017130
0 0.101823 0.224306 0.007292 0.017130
0 0.107552 0.223380 0.007292 0.017130
0 0.113021 0.221991 0.007292 0.017130
0 0.118490 0.220602 0.007292 0.017130
0 0.124219 0.219213 0.007292 0.017130
0 0.132552 0.217824 0.007292 0.017130
0 0.137760 0.216898 0.007292 0.017130
0 0.143490 0.215972 0.007292 0.017130
0 0.148958 0.214120 0.007292 0.017130
0 0.154688 0.213194 0.007292 0.017130
0 0.160417 0.212269 0.007292 0.017130
0 0.166146 0.211343 0.007292 0.017130
0 0.171615 0.209954 0.007292 0.017130
0 0.177344 0.209028 0.007292 0.017130
0 0.183073 0.207639 0.007292 0.017130
0 0.188802 0.206250 0.007292 0.017130
0 0.194531 0.205787 0.007292 0.017130
0 0.200000 0.204398 0.007292 0.017130
0 0.207031 0.203009 0.007292 0.017130
0 0.213281 0.201389 0.007292 0.017593
0 0.211719 0.219444 0.007292 0.017593
0 0.205208 0.220370 0.007292 0.017593
0 0.198698 0.221759 0.007292 0.017593
0 0.192708 0.223148 0.007292 0.017593
0 0.186979 0.224074 0.007292 0.017593
0 0.181250 0.225000 0.007292 0.017593
0 0.175521 0.226389 0.007292 0.017593
0 0.169792 0.226852 0.007292 0.017593
0 0.163802 0.228241 0.007292 0.017593
0 0.158594 0.229630 0.007292 0.017593
0 0.152604 0.230556 0.007292 0.017593
0 0.146875 0.231481 0.007292 0.017593
0 0.141146 0.232407 0.007292 0.017593
0 0.135417 0.233796 0.007292 0.017593
0 0.130208 0.234722 0.007292 0.017593
0 0.121615 0.236574 0.007292 0.017593
0 0.116146 0.237963 0.007292 0.017593
0 0.110677 0.239352 0.007292 0.017593
0 0.104948 0.240278 0.007292 0.017593
0 0.099740 0.241204 0.007292 0.017593
0 0.093750 0.242130 0.007292 0.017593
0 0.088281 0.243056 0.007292 0.017593
0 0.082812 0.243981 0.007292 0.017593
0 0.077344 0.245833 0.007292 0.017593
0 0.074479 0.265741 0.007292 0.017593
0 0.079948 0.264815 0.007292 0.017593
0 0.085417 0.263889 0.007292 0.017593
0 0.090625 0.262963 0.007292 0.017593
0 0.096615 0.262037 0.007292 0.017593
0 0.102344 0.261111 0.007292 0.017593
0 0.108073 0.260185 0.007292 0.017593
0 0.113802 0.258333 0.007292 0.017593
0 0.119271 0.257870 0.007292 0.017593
0 0.127344 0.256019 0.007292 0.017593
0 0.133073 0.254630 0.007292 0.017593
0 0.138802 0.253704 0.007292 0.017593
0 0.144531 0.252778 0.007292 0.017593
0 0.150521 0.251389 0.007292 0.017593
0 0.155990 0.250926 0.007292 0.017593
0 0.161719 0.249074 0.007292 0.017593
0 0.167708 0.248148 0.007292 0.017593
0 0.173437 0.247222 0.007292 0.017593
0 0.178906 0.245833 0.007292 0.017593
0 0.184896 0.244907 0.007292 0.017593
0 0.190365 0.243981 0.007292 0.017593
0 0.196094 0.242593 0.007292 0.017593
0 0.203125 0.240741 0.007292 0.017593
0 0.209375 0.239815 0.007292 0.017593
0 0.195052 0.260185 0.007292 0.017593
0 0.189062 0.261574 0.007292 0.017593
0 0.182812 0.262500 0.007292 0.017593
0 0.177344 0.263426 0.007292 0.017593
0 0.171094 0.264815 0.007292 0.017593
0 0.165365 0.265278 0.007292 0.017593
0 0.159635 0.267130 0.007292 0.017593
0 0.154167 0.268056 0.007292 0.017593
0 0.148438 0.268981 0.007292 0.017593
0 0.142448 0.269907 0.007292 0.017593
0 0.136979 0.271759 0.007292 0.017593
0 0.131250 0.272222 0.007292 0.017593
0 0.125781 0.273148 0.007292 0.017593
0 0.116927 0.275463 0.007292 0.017593
0 0.111458 0.275926 0.007292 0.017593
0 0.105729 0.277315 0.007292 0.017593
0 0.099740 0.278704 0.007292 0.017593
0 0.094271 0.279630 0.007292 0.017593
0 0.088802 0.280556 0.007292 0.017593
0 0.083073 0.281481 0.007292 0.017593
0 0.077604 0.282407 0.007292 0.017593
0 0.071875 0.283333 0.007292 0.017593
0 0.068490 0.303241 0.007292 0.017593
0 0.074479 0.302778 0.007292 0.017593
0 0.080208 0.301389 0.007292 0.017593
0 0.085938 0.300463 0.007292 0.017593
0 0.091406 0.299537 0.007292 0.017593
0 0.097135 0.298611 0.007292 0.017593
0 0.102865 0.297685 0.007292 0.017593
0 0.108333 0.296296 0.007292 0.017593
0 0.114323 0.294907 0.007292 0.017593
0 0.122135 0.293981 0.007292 0.017593
0 0.128385 0.293056 0.007292 0.017593
0 0.134115 0.292130 0.007292 0.017593
0 0.139583 0.290741 0.007292 0.017593
0 0.145573 0.289352 0.007292 0.017593
0 0.151562 0.288426 0.007292 0.017593
0 0.157292 0.287500 0.007292 0.017593
0 0.163021 0.286574 0.007292 0.017593
0 0.169010 0.285648 0.007292 0.017593
0 0.174740 0.283796 0.007292 0.017593
0 0.180729 0.282870 0.007292 0.017593
0 0.186458 0.281944 0.007292 0.017593
0 0.192448 0.281019 0.007292 0.017593
0 0.191016 0.299074 0.007552 0.019444
0 0.184505 0.300926 0.007552 0.019444
0 0.178516 0.302315 0.007552 0.019444
0 0.172786 0.302778 0.007552 0.019444
0 0.166797 0.303704 0.007552 0.019444
0 0.161328 0.304630 0.007552 0.019444
0 0.155078 0.305556 0.007552 0.019444
0 0.149349 0.306481 0.007552 0.019444
0 0.143620 0.307407 0.007552 0.019444
0 0.137891 0.308796 0.007552 0.019444
0 0.132161 0.309722 0.007552 0.019444
0 0.126432 0.310648 0.007552 0.019444
0 0.120703 0.311574 0.007552 0.019444
0 0.112109 0.313889 0.007552 0.019444
0 0.106380 0.314815 0.007552 0.019444
0 0.100130 0.315741 0.007552 0.019444
0 0.094661 0.316667 0.007552 0.019444
0 0.088672 0.317593 0.007552 0.019444
0 0.083203 0.318519 0.007552 0.019444
0 0.077474 0.318981 0.007552 0.019444
0 0.071484 0.320833 0.007552 0.019444
0 0.066276 0.322222 0.007552 0.019444
0 0.063151 0.343056 0.007552 0.019444
0 0.068620 0.342593 0.007552 0.019444
0 0.074349 0.341204 0.007552 0.019444
0 0.080339 0.340741 0.007552 0.019444
0 0.085807 0.339352 0.007552 0.019444
0 0.091536 0.337963 0.007552 0.019444
0 0.097526 0.337037 0.007552 0.019444
0 0.103516 0.336574 0.007552 0.019444
0 0.108984 0.335185 0.007552 0.019444
0 0.117057 0.333333 0.007552 0.019444
0 0.123307 0.332407 0.007552 0.019444
0 0.129036 0.331944 0.007552 0.019444
0 0.135026 0.331481 0.007552 0.019444
0 0.159505 0.326389 0.007552 0.019444
0 0.164453 0.325926 0.007552 0.019444
0 0.170443 0.324074 0.007552 0.019444
0 0.176432 0.323611 0.007552 0.019444
0 0.182422 0.321759 0.007552 0.019444
0 0.188411 0.320833 0.007552 0.019444
0 0.186589 0.339815 0.007552 0.019444
0 0.180339 0.340741 0.007552 0.019444
0 0.174089 0.341667 0.007552 0.019444
0 0.168359 0.343056 0.007552 0.019444
0 0.162370 0.343981 0.007552 0.019444
0 0.156641 0.345370 0.007552 0.019444
0 0.132422 0.349537 0.007552 0.019444
0 0.126953 0.350926 0.007552 0.019444
0 0.120964 0.351389 0.007552 0.019444
0 0.115234 0.352315 0.007552 0.019444
0 0.107161 0.353241 0.007552 0.019444
0 0.100911 0.354630 0.007552 0.019444
0 0.095182 0.355556 0.007552 0.019444
0 0.089193 0.356481 0.007552 0.019444
0 0.083724 0.357407 0.007552 0.019444
0 0.077474 0.358796 0.007552 0.019444
0 0.071484 0.360185 0.007552 0.019444
0 0.065755 0.361111 0.007552 0.019444
0 0.060547 0.361574 0.007552 0.019444
0 0.057422 0.383796 0.007552 0.019444
0 0.063151 0.382870 0.007552 0.019444
0 0.068620 0.381481 0.007552 0.019444
0 0.074609 0.381481 0.007552 0.019444
0 0.080339 0.380093 0.007552 0.019444
0 0.085807 0.379167 0.007552 0.019444
0 0.092057 0.378241 0.007552 0.019444
0 0.097786 0.377778 0.007552 0.019444
0 0.103776 0.375926 0.007552 0.019444
0 0.112109 0.374537 0.007552 0.019444
0 0.118359 0.373611 0.007552 0.019444
0 0.124089 0.372222 0.007552 0.019444
0 0.130078 0.371296 0.007552 0.019444
0 0.136068 0.370833 0.007552 0.019444
0 0.141536 0.369907 0.007552 0.019444
0 0.148047 0.368519 0.007552 0.019444
0 0.153776 0.368056 0.007552 0.019444
0 0.159766 0.366667 0.007552 0.019444
0 0.165755 0.366204 0.007552 0.019444
0 0.172005 0.364352 0.007552 0.019444
0 0.177995 0.363426 0.007552 0.019444
0 0.183984 0.362500 0.007552 0.019444
0 0.182161 0.382407 0.007552 0.019444
0 0.175651 0.382870 0.007552 0.019444
0 0.169922 0.384259 0.007552 0.019444
0 0.163672 0.385185 0.007552 0.019444
0 0.157682 0.386111 0.007552 0.019444
0 0.151432 0.386574 0.007552 0.019444
0 0.145703 0.387500 0.007552 0.019444
0 0.139453 0.388889 0.007552 0.019444
0 0.133464 0.389352 0.007552 0.019444
0 0.127474 0.390741 0.007552 0.019444
0 0.121094 0.392593 0.006771 0.020370
0 0.115885 0.392593 0.008333 0.020370
0 0.109635 0.393056 0.008333 0.020370
0 0.101823 0.395370 0.008333 0.020370
0 0.095573 0.396296 0.008333 0.020370
0 0.089323 0.396759 0.008333 0.020370
0 0.083594 0.397222 0.008333 0.020370
0 0.077604 0.400000 0.008333 0.020370
0 0.071875 0.400463 0.008333 0.020370
0 0.065625 0.400926 0.008333 0.020370
0 0.060156 0.402778 0.008333 0.020370
0 0.054427 0.402778 0.008333 0.020370
0 0.051562 0.424074 0.008333 0.020370
0 0.057292 0.422685 0.008333 0.020370
0 0.063021 0.421759 0.008333 0.020370
0 0.069010 0.420370 0.008333 0.020370
0 0.077865 0.414352 0.008333 0.020370
0 0.083594 0.413426 0.008333 0.020370
0 0.089583 0.412037 0.008333 0.020370
0 0.095312 0.411111 0.008333 0.020370
0 0.112240 0.417130 0.008333 0.020370
0 0.118750 0.415278 0.008333 0.020370
0 0.124479 0.414815 0.008333 0.020370
0 0.130729 0.414352 0.008333 0.020370
0 0.136719 0.412963 0.008333 0.020370
0 0.142708 0.412500 0.008333 0.020370
0 0.148698 0.411574 0.008333 0.020370
0 0.154948 0.410648 0.008333 0.020370
0 0.160938 0.409259 0.008333 0.020370
0 0.167187 0.408333 0.008333 0.020370
0 0.172917 0.407407 0.008333 0.020370
0 0.179427 0.406481 0.008333 0.020370
0 0.177344 0.426852 0.008333 0.020370
0 0.170833 0.427778 0.008333 0.020370
0 0.165104 0.428704 0.008333 0.020370
0 0.158594 0.430093 0.008333 0.020370
0 0.152604 0.430556 0.008333 0.020370
0 0.146615 0.431481 0.008333 0.020370
0 0.140104 0.432407 0.008333 0.020370
0 0.133854 0.432870 0.008333 0.020370
0 0.128385 0.433333 0.008333 0.020370
0 0.122396 0.434722 0.008333 0.020370
0 0.116406 0.435648 0.008333 0.020370
0 0.110677 0.436111 0.008333 0.020370
0 0.092708 0.431019 0.008333 0.020370
0 0.086719 0.431944 0.008333 0.020370
0 0.080990 0.432870 0.008333 0.020370
0 0.075000 0.433796 0.008333 0.020370
0 0.066146 0.441204 0.008333 0.020370
0 0.060417 0.441204 0.008333 0.020370
0 0.054167 0.442130 0.008333 0.020370
0 0.048958 0.443056 0.008333 0.020370
0 0.045312 0.463426 0.008333 0.020370
0 0.051042 0.462963 0.008333 0.020370
0 0.056771 0.462500 0.008333 0.020370
0 0.063021 0.462037 0.008333 0.020370
0 0.072135 0.454630 0.008333 0.020370
0 0.077865 0.453241 0.008333 0.020370
0 0.084375 0.452315 0.008333 0.020370
0 0.090104 0.451389 0.008333 0.020370
0 0.106771 0.460648 0.008333 0.020370
0 0.113281 0.460185 0.008333 0.020370
0 0.118750 0.458333 0.008333 0.020370
0 0.125521 0.457870 0.008333 0.020370
0 0.131250 0.456944 0.008333 0.020370
0 0.138021 0.456481 0.008333 0.020370
0 0.144271 0.455093 0.008333 0.020370
0 0.149740 0.454630 0.008333 0.020370
0 0.155729 0.453241 0.008333 0.020370
0 0.162760 0.452315 0.008333 0.020370
0 0.167969 0.451852 0.008333 0.020370
0 0.174479 0.450926 0.008333 0.020370
0 0.173177 0.471296 0.008333 0.020370
0 0.166406 0.472685 0.008333 0.020370
0 0.160156 0.473611 0.008333 0.020370
0 0.153906 0.474537 0.008333 0.020370
0 0.147917 0.475000 0.008333 0.020370
0 0.140885 0.475926 0.008333 0.020370
0 0.135156 0.476389 0.008333 0.020370
0 0.128906 0.477778 0.008333 0.020370
0 0.122656 0.478704 0.008333 0.020370
0 0.116927 0.479630 0.008333 0.020370
0 0.110677 0.480093 0.008333 0.020370
0 0.104427 0.481019 0.008333 0.020370
0 0.097917 0.481944 0.008333 0.020370
0 0.089844 0.483333 0.008333 0.020370
0 0.083854 0.483796 0.008333 0.020370
0 0.077344 0.485185 0.008333 0.020370
0 0.071615 0.486111 0.008333 0.020370
0 0.065625 0.487500 0.008333 0.020370
0 0.059115 0.488426 0.008333 0.020370
0 0.053385 0.488889 0.008333 0.020370
0 0.047135 0.489815 0.008333 0.020370
0 0.041406 0.490741 0.008333 0.020370
0 0.037760 0.514815 0.008333 0.020370
0 0.044010 0.514352 0.008333 0.020370
0 0.049740 0.513426 0.008333 0.020370
0 0.055729 0.512500 0.008333 0.020370
0 0.062240 0.511574 0.008333 0.020370
0 0.067969 0.510185 0.008333 0.020370
0 0.074479 0.509259 0.008333 0.020370
0 0.080469 0.508796 0.008333 0.020370
0 0.087240 0.507870 0.008333 0.020370
0 0.094792 0.506481 0.008333 0.020370
0 0.101042 0.505556 0.008333 0.020370
0 0.107031 0.504630 0.008333 0.020370
0 0.113802 0.503704 0.008333 0.020370
0 0.120052 0.502778 0.008333 0.020370
0 0.126302 0.501852 0.008333 0.020370
0 0.132292 0.501389 0.008333 0.020370
0 0.138542 0.500463 0.008333 0.020370
0 0.144531 0.500000 0.008333 0.020370
0 0.151042 0.498611 0.008333 0.020370
0 0.157031 0.497685 0.008333 0.020370
0 0.163281 0.496759 0.008333 0.020370
0 0.169792 0.495833 0.008333 0.020370
0 0.168229 0.517130 0.008333 0.020370
0 0.161198 0.518519 0.008333 0.020370
0 0.155469 0.519444 0.008333 0.020370
0 0.148698 0.520370 0.008333 0.020370
0 0.142448 0.520833 0.008333 0.020370
0 0.136198 0.522222 0.008333 0.020370
0 0.129948 0.523148 0.008333 0.020370
0 0.123177 0.524074 0.008333 0.020370
0 0.117448 0.524537 0.008333 0.020370
0 0.110677 0.525463 0.008333 0.020370
0 0.104427 0.525926 0.008333 0.020370
0 0.098437 0.526852 0.008333 0.020370
0 0.091667 0.527778 0.008333 0.020370
0 0.083854 0.529167 0.008333 0.020370
0 0.077604 0.530093 0.008333 0.020370
0 0.071615 0.530556 0.008333 0.020370
0 0.065104 0.532407 0.008333 0.020370
0 0.059115 0.532407 0.008333 0.020370
0 0.052604 0.534259 0.008333 0.020370
0 0.046875 0.534722 0.008333 0.020370
0 0.040625 0.535185 0.008333 0.020370
0 0.034635 0.535648 0.008333 0.020370
0 0.030990 0.561111 0.008333 0.021296
0 0.037240 0.560185 0.008854 0.022222
0 0.042969 0.558796 0.008854 0.022222
0 0.049219 0.558333 0.008854 0.022222
0 0.055469 0.557870 0.008854 0.022222
0 0.061458 0.556944 0.008854 0.022222
0 0.067969 0.556019 0.008854 0.022222
0 0.074219 0.555093 0.008854 0.022222
0 0.080469 0.554630 0.008854 0.022222
0 0.088281 0.553241 0.008854 0.022222
0 0.095052 0.552315 0.008854 0.022222
0 0.100781 0.551852 0.008854 0.022222
0 0.107552 0.550926 0.008854 0.022222
0 0.114062 0.550000 0.008854 0.022222
0 0.120313 0.549074 0.008854 0.022222
0 0.126823 0.548148 0.008854 0.022222
0 0.133073 0.546759 0.008854 0.022222
0 0.139323 0.546296 0.008854 0.022222
0 0.146094 0.545370 0.008854 0.022222
0 0.152604 0.544444 0.008854 0.022222
0 0.158594 0.543519 0.008854 0.022222
0 0.165104 0.542593 0.008854 0.022222
0 0.162760 0.564815 0.008854 0.022222
0 0.156250 0.565741 0.008854 0.022222
0 0.149740 0.567130 0.008854 0.022222
0 0.143229 0.567593 0.008854 0.022222
0 0.136979 0.568056 0.008854 0.022222
0 0.130729 0.569444 0.008854 0.022222
0 0.123958 0.569907 0.008854 0.022222
0 0.117708 0.570833 0.008854 0.022222
0 0.111198 0.571759 0.008854 0.022222
0 0.104948 0.572222 0.008854 0.022222
0 0.098698 0.572685 0.008854 0.022222
0 0.092188 0.574074 0.008854 0.022222
0 0.085677 0.574074 0.008854 0.022222
0 0.078125 0.576389 0.008854 0.022222
0 0.071615 0.576852 0.008854 0.022222
0 0.065104 0.578241 0.008854 0.022222
0 0.059115 0.578704 0.008854 0.022222
0 0.052604 0.579630 0.008854 0.022222
0 0.046094 0.580093 0.008854 0.022222
0 0.040104 0.581019 0.008854 0.022222
0 0.033854 0.582407 0.008854 0.022222
0 0.027604 0.582870 0.008854 0.022222
0 0.023958 0.610185 0.008854 0.022222
0 0.029948 0.609722 0.008854 0.022222
0 0.036198 0.609259 0.008854 0.022222
0 0.042448 0.608333 0.008854 0.022222
0 0.048958 0.606481 0.008854 0.022222
0 0.054948 0.606481 0.008854 0.022222
0 0.061719 0.605556 0.008854 0.022222
0 0.067708 0.604630 0.008854 0.022222
0 0.074479 0.604167 0.008854 0.022222
0 0.071354 0.626389 0.008854 0.022222
0 0.064844 0.627315 0.008854 0.022222
0 0.058073 0.627315 0.008854 0.022222
0 0.052083 0.628241 0.008854 0.022222
0 0.045573 0.629630 0.008854 0.022222
0 0.039062 0.630556 0.008854 0.022222
0 0.033073 0.631481 0.008854 0.022222
0 0.026562 0.631944 0.008854 0.022222
0 0.020573 0.632407 0.008854 0.022222
0 0.016406 0.657870 0.008854 0.022222
0 0.022656 0.656944 0.008854 0.022222
0 0.028906 0.656481 0.008854 0.022222
0 0.035156 0.655556 0.008854 0.022222
0 0.041667 0.655093 0.008854 0.022222
0 0.048177 0.654167 0.008854 0.022222
0 0.054167 0.653241 0.008854 0.022222
0 0.060677 0.652778 0.008854 0.022222
0 0.067187 0.651852 0.008854 0.022222
0 0.063802 0.675463 0.008854 0.022222
0 0.057552 0.676389 0.008854 0.022222
0 0.051562 0.676389 0.008854 0.022222
0 0.044531 0.677778 0.008854 0.022222
0 0.038281 0.678241 0.008854 0.022222
0 0.031771 0.679167 0.008854 0.022222
0 0.025260 0.680093 0.008854 0.022222
0 0.019271 0.680556 0.008854 0.022222
0 0.013021 0.681019 0.008854 0.022222
0 0.006771 0.707870 0.008854 0.022222
0 0.013021 0.706944 0.008854 0.022222
0 0.019271 0.706481 0.008854 0.022222
0 0.025781 0.705556 0.008854 0.022222
0 0.032552 0.705093 0.008854 0.022222
0 0.038802 0.704167 0.008854 0.022222
0 0.045312 0.702778 0.008854 0.022222
0 0.051562 0.702315 0.008854 0.022222
0 0.058073 0.701389 0.008854 0.022222
0 0.064844 0.700463 0.008854 0.022222
0 0.071354 0.700463 0.008854 0.022222
0 0.077604 0.699537 0.008854 0.022222
0 0.084896 0.698611 0.008854 0.022222
0 0.090885 0.697685 0.008854 0.022222
0 0.097396 0.696759 0.008854 0.022222
0 0.104948 0.696759 0.008854 0.022222
0 0.111198 0.695833 0.008854 0.022222
0 0.117448 0.694444 0.008854 0.022222
0 0.123438 0.694444 0.008854 0.022222
0 0.129948 0.693519 0.008854 0.022222
0 0.142448 0.692593 0.008854 0.022222
0 0.148958 0.691667 0.008854 0.022222
0 0.155469 0.691204 0.008854 0.022222
0 0.161979 0.689815 0.008854 0.022222
0 0.167708 0.689815 0.008854 0.022222
0 0.082552 0.602315 0.008854 0.022222
0 0.089323 0.601852 0.008854 0.022222
0 0.095573 0.601389 0.008854 0.022222
0 0.102344 0.600926 0.008854 0.022222
0 0.108594 0.599537 0.008854 0.022222
0 0.114844 0.598148 0.008854 0.022222
0 0.121615 0.597685 0.008854 0.022222
0 0.127604 0.596296 0.008854 0.022222
0 0.134505 0.595833 0.008594 0.023148
0 0.141016 0.595370 0.008594 0.023148
0 0.147266 0.594444 0.008594 0.023148
0 0.153776 0.593056 0.008594 0.023148
0 0.160807 0.592593 0.008594 0.023148
0 0.158203 0.615278 0.008594 0.023148
0 0.151693 0.616204 0.008594 0.023148
0 0.144661 0.617130 0.008594 0.023148
0 0.138151 0.618056 0.008594 0.023148
0 0.131380 0.619444 0.008594 0.023148
0 0.125391 0.619444 0.008594 0.023148
0 0.118099 0.620370 0.008594 0.023148
0 0.112109 0.621296 0.008594 0.023148
0 0.105599 0.621759 0.008594 0.023148
0 0.099349 0.622222 0.008594 0.023148
0 0.092578 0.623611 0.008594 0.023148
0 0.086068 0.624537 0.008594 0.023148
0 0.079818 0.625000 0.008594 0.023148
0 0.076432 0.650463 0.008594 0.023148
0 0.082422 0.650463 0.008594 0.023148
0 0.088672 0.649074 0.008594 0.023148
0 0.095443 0.648611 0.008594 0.023148
0 0.101693 0.647222 0.008594 0.023148
0 0.108203 0.646759 0.008594 0.023148
0 0.114714 0.645833 0.008594 0.023148
0 0.121484 0.643981 0.008594 0.023148
0 0.128776 0.642593 0.008594 0.023148
0 0.135286 0.642130 0.008594 0.023148
0 0.141797 0.642130 0.008594 0.023148
0 0.148307 0.640741 0.008594 0.023148
0 0.154818 0.640278 0.008594 0.023148
0 0.161328 0.639815 0.008594 0.023148
0 0.169661 0.662500 0.008594 0.023148
0 0.163411 0.662963 0.008594 0.023148
0 0.156901 0.662963 0.008594 0.023148
0 0.150651 0.663889 0.008594 0.023148
0 0.144401 0.664352 0.008594 0.023148
0 0.138151 0.665741 0.008594 0.023148
0 0.131641 0.666204 0.008594 0.023148
0 0.125651 0.666667 0.008594 0.023148
0 0.119141 0.668056 0.008594 0.023148
0 0.111849 0.668981 0.008594 0.023148
0 0.106120 0.669444 0.008594 0.023148
0 0.099089 0.670370 0.008594 0.023148
0 0.092057 0.671296 0.008594 0.023148
0 0.085547 0.672222 0.008594 0.023148
0 0.079297 0.672685 0.008594 0.023148
0 0.073047 0.673148 0.008594 0.023148
0 0.621745 0.778704 0.015365 0.012963
0 0.620703 0.765278 0.015365 0.012963
0 0.620182 0.752315 0.015365 0.012963
0 0.619401 0.739815 0.015365 0.012963
0 0.618880 0.726852 0.015365 0.012963
0 0.618359 0.715278 0.015365 0.012963
0 0.617578 0.701852 0.015365 0.012963
0 0.616536 0.689815 0.015365 0.012963
0 0.616536 0.678704 0.015365 0.012963
0 0.602995 0.678704 0.015365 0.012963
0 0.603255 0.689815 0.015365 0.012963
0 0.603516 0.702778 0.015365 0.012963
0 0.604036 0.714815 0.015365 0.012963
0 0.604557 0.726852 0.015365 0.012963
0 0.605339 0.740278 0.015365 0.012963
0 0.605859 0.752315 0.015365 0.012963
0 0.606641 0.764815 0.015365 0.012963
0 0.606901 0.778241 0.015365 0.012963
0 0.587630 0.779630 0.015365 0.012963
0 0.586589 0.766667 0.015365 0.012963
0 0.586328 0.753704 0.015365 0.012963
0 0.585807 0.741667 0.015365 0.012963
0 0.585156 0.727546 0.014583 0.014352
0 0.585156 0.715046 0.014583 0.014352
0 0.584635 0.704398 0.014583 0.014352
0 0.583854 0.690972 0.014583 0.014352
0 0.583333 0.679398 0.014583 0.014352
0 0.569531 0.681250 0.014583 0.014352
0 0.570312 0.693287 0.014583 0.014352
0 0.570312 0.705324 0.014583 0.014352
0 0.571094 0.718287 0.014583 0.014352
0 0.571615 0.729861 0.014583 0.014352
0 0.572135 0.741898 0.014583 0.014352
0 0.572656 0.753935 0.014583 0.014352
0 0.572396 0.765972 0.014583 0.014352
0 0.572917 0.779398 0.014583 0.014352
0 0.204427 0.293750 0.007812 0.018981
0 0.212760 0.292824 0.007812 0.018981
0 0.219010 0.293750 0.007812 0.018981
0 0.217188 0.314583 0.007812 0.018981
0 0.210938 0.313657 0.007812 0.018981
0 0.202083 0.313657 0.007812 0.018981
0 0.200260 0.334028 0.007812 0.018981
0 0.209375 0.333565 0.007812 0.018981
0 0.215365 0.334491 0.007812 0.018981
0 0.213281 0.355787 0.007812 0.018981
0 0.207031 0.354398 0.007812 0.018981
0 0.199219 0.354398 0.007812 0.018981
0 0.193490 0.355324 0.007812 0.018981
0 0.191406 0.376620 0.007812 0.018981
0 0.197135 0.375694 0.007812 0.018981
0 0.204948 0.374769 0.007812 0.018981
0 0.211198 0.375231 0.007812 0.018981
0 0.209115 0.398380 0.007812 0.018981
0 0.202604 0.397917 0.007812 0.018981
0 0.194792 0.398380 0.007812 0.018981
0 0.189323 0.399306 0.007812 0.018981
0 0.187240 0.418750 0.007812 0.018981
0 0.192708 0.417361 0.007812 0.018981
0 0.201302 0.417361 0.007812 0.018981
0 0.207552 0.417824 0.007812 0.018981
0 0.205208 0.440509 0.007812 0.018981
0 0.198698 0.440046 0.007812 0.018981
0 0.190625 0.440509 0.007812 0.018981
0 0.184896 0.441435 0.007812 0.018981
0 0.182292 0.463194 0.007812 0.018981
0 0.188542 0.462731 0.007812 0.018981
0 0.196875 0.461806 0.007812 0.018981
0 0.203385 0.462731 0.007812 0.018981
0 0.201302 0.486111 0.007812 0.021296
0 0.194531 0.485648 0.007812 0.021296
0 0.185677 0.486111 0.007812 0.021296
0 0.180208 0.487037 0.007812 0.021296
0 0.177865 0.510185 0.007812 0.021296
0 0.183594 0.509259 0.007812 0.021296
0 0.192578 0.508333 0.008594 0.022222
0 0.198828 0.508796 0.008594 0.022222
0 0.197005 0.532870 0.008594 0.022222
0 0.189974 0.532407 0.008594 0.022222
0 0.181641 0.533333 0.008594 0.022222
0 0.175391 0.533796 0.008594 0.022222
0 0.173307 0.556481 0.008594 0.022222
0 0.179036 0.555556 0.008594 0.022222
0 0.187891 0.555093 0.008594 0.022222
0 0.194922 0.554630 0.008594 0.022222
0 0.228906 0.193287 0.007812 0.018056
0 0.235417 0.193287 0.007812 0.018056
0 0.241667 0.194213 0.007812 0.018056
0 0.247917 0.194676 0.007812 0.018056
0 0.254167 0.195602 0.007812 0.018056
0 0.260677 0.196528 0.007812 0.018056
0 0.266667 0.197454 0.007812 0.018056
0 0.272917 0.197454 0.007812 0.018056
0 0.279427 0.198843 0.007292 0.018056
0 0.285938 0.199769 0.007292 0.018056
0 0.291927 0.201157 0.007292 0.018056
0 0.297656 0.201157 0.007292 0.018056
0 0.303646 0.202083 0.007812 0.018056
0 0.309896 0.202546 0.007812 0.018056
0 0.315104 0.204398 0.007812 0.018056
0 0.321094 0.204398 0.007812 0.018056
0 0.320573 0.221065 0.007812 0.018056
0 0.314583 0.221065 0.007812 0.018056
0 0.308594 0.220602 0.007812 0.018056
0 0.302604 0.219213 0.007812 0.018056
0 0.296615 0.219213 0.007812 0.018056
0 0.290885 0.218750 0.007812 0.018056
0 0.285156 0.217361 0.007812 0.018056
0 0.278906 0.216435 0.007812 0.018056
0 0.272917 0.216435 0.007812 0.018056
0 0.266927 0.215046 0.007812 0.018056
0 0.260937 0.215046 0.007812 0.018056
0 0.254688 0.214583 0.007812 0.018056
0 0.248958 0.213657 0.007812 0.018056
0 0.242448 0.213194 0.007812 0.018056
0 0.236719 0.212269 0.007812 0.018056
0 0.230469 0.211806 0.007812 0.018056
0 0.224219 0.210880 0.007812 0.018056
0 0.222396 0.229861 0.007812 0.018056
0 0.228906 0.231250 0.007812 0.018056
0 0.234896 0.231713 0.007812 0.018056
0 0.241406 0.232176 0.007812 0.018056
0 0.247135 0.232639 0.007812 0.018056
0 0.253125 0.233102 0.007812 0.018056
0 0.259115 0.234028 0.007812 0.018056
0 0.264844 0.234491 0.007812 0.018056
0 0.271354 0.234954 0.007812 0.018056
0 0.277865 0.236343 0.007812 0.018056
0 0.283594 0.236806 0.007812 0.018056
0 0.289583 0.237731 0.007812 0.018056
0 0.295573 0.238194 0.007812 0.018056
0 0.301042 0.238657 0.007812 0.018056
0 0.307292 0.239583 0.007812 0.018056
0 0.313281 0.240046 0.007812 0.018056
0 0.319010 0.240046 0.007812 0.018056
0 0.318229 0.257639 0.007812 0.018056
0 0.311979 0.256713 0.007812 0.018056
0 0.306510 0.256713 0.007812 0.018056
0 0.300521 0.256250 0.007812 0.018056
0 0.294271 0.255787 0.007812 0.018056
0 0.288542 0.254861 0.007812 0.018056
0 0.282552 0.253935 0.007812 0.018056
0 0.276302 0.253009 0.007812 0.018056
0 0.270573 0.252083 0.007812 0.018056
0 0.257812 0.251620 0.007812 0.018056
0 0.263542 0.250694 0.007812 0.018056
0 0.251823 0.250694 0.007812 0.018056
0 0.246094 0.249306 0.007812 0.018056
0 0.240104 0.249306 0.007812 0.018056
0 0.233854 0.249306 0.007812 0.018056
0 0.227344 0.248843 0.007812 0.018056
0 0.221094 0.248843 0.007812 0.018056
0 0.231901 0.268981 0.007552 0.018519
0 0.238151 0.269907 0.007552 0.018519
0 0.244141 0.270370 0.007552 0.018519
0 0.250130 0.270833 0.007552 0.018519
0 0.257161 0.271759 0.007552 0.018519
0 0.262630 0.272222 0.007552 0.018519
0 0.268880 0.272685 0.007552 0.018519
0 0.274870 0.273611 0.007552 0.018519
0 0.280859 0.274537 0.007552 0.018519
0 0.287109 0.274537 0.007552 0.018519
0 0.292839 0.275000 0.007552 0.018519
0 0.299089 0.276389 0.007552 0.018519
0 0.305078 0.276852 0.007552 0.018519
0 0.311068 0.277315 0.007552 0.018519
0 0.316797 0.277778 0.007552 0.018519
0 0.316797 0.294907 0.007552 0.018519
0 0.310547 0.295370 0.007552 0.018519
0 0.304036 0.294444 0.007552 0.018519
0 0.298047 0.293981 0.007552 0.018519
0 0.291797 0.293056 0.007552 0.018519
0 0.286068 0.292130 0.007552 0.018519
0 0.279818 0.292130 0.007552 0.018519
0 0.274089 0.291204 0.007552 0.018519
0 0.267839 0.290278 0.007552 0.018519
0 0.261589 0.290741 0.007552 0.018519
0 0.255339 0.289352 0.007552 0.018519
0 0.249089 0.288889 0.007552 0.018519
0 0.242839 0.288426 0.007552 0.018519
0 0.236849 0.287963 0.007552 0.018519
0 0.230339 0.287500 0.007552 0.018519
0 0.228516 0.308333 0.007552 0.018519
0 0.235026 0.308796 0.007552 0.018519
0 0.241536 0.309259 0.007552 0.018519
0 0.247526 0.309722 0.007552 0.018519
0 0.253776 0.310648 0.007552 0.018519
0 0.260026 0.311111 0.007552 0.018519
0 0.266276 0.311574 0.007552 0.018519
0 0.272526 0.312500 0.007552 0.018519
0 0.278516 0.312963 0.007552 0.018519
0 0.284505 0.313426 0.007552 0.018519
0 0.297005 0.314815 0.007552 0.018519
0 0.303255 0.314815 0.007552 0.018519
0 0.309505 0.315741 0.007552 0.018519
0 0.320964 0.334259 0.007552 0.018519
0 0.314714 0.334259 0.007552 0.018519
0 0.308203 0.334259 0.007552 0.018519
0 0.302214 0.333333 0.007552 0.018519
0 0.296224 0.332407 0.007552 0.018519
0 0.289714 0.332870 0.007552 0.018519
0 0.283203 0.331481 0.007552 0.018519
0 0.277214 0.330556 0.007552 0.018519
0 0.271224 0.330093 0.007552 0.018519
0 0.264974 0.329630 0.007552 0.018519
0 0.258724 0.328241 0.007552 0.018519
0 0.252474 0.328704 0.007552 0.018519
0 0.245964 0.327778 0.007552 0.018519
0 0.239453 0.327778 0.007552 0.018519
0 0.233464 0.326852 0.007552 0.018519
0 0.226693 0.326852 0.007552 0.018519
0 0.225651 0.344907 0.007552 0.018519
0 0.232422 0.345370 0.007552 0.018519
0 0.238672 0.345833 0.007552 0.018519
0 0.245182 0.346296 0.007552 0.018519
0 0.251172 0.346759 0.007552 0.018519
0 0.257422 0.347222 0.007552 0.018519
0 0.263932 0.348148 0.007552 0.018519
0 0.269922 0.348148 0.007552 0.018519
0 0.276432 0.349074 0.007552 0.018519
0 0.282422 0.349074 0.007552 0.018519
0 0.288932 0.350000 0.007552 0.018519
0 0.294661 0.350926 0.007552 0.018519
0 0.301172 0.350926 0.007552 0.018519
0 0.307422 0.351852 0.007552 0.018519
0 0.313672 0.351852 0.007552 0.018519
0 0.319922 0.352315 0.007552 0.018519
0 0.306380 0.369907 0.007552 0.018519
0 0.300130 0.369444 0.007552 0.018519
0 0.293880 0.368519 0.007552 0.018519
0 0.287891 0.368519 0.007552 0.018519
0 0.281380 0.368056 0.007552 0.018519
0 0.274870 0.368056 0.007552 0.018519
0 0.268620 0.366667 0.007552 0.018519
0 0.262370 0.366667 0.007552 0.018519
0 0.256120 0.365741 0.007552 0.018519
0 0.249870 0.365741 0.007552 0.018519
0 0.243880 0.364815 0.007552 0.018519
0 0.237370 0.364352 0.007552 0.018519
0 0.230599 0.363889 0.007552 0.018519
0 0.224089 0.363426 0.007552 0.018519
0 0.222526 0.384722 0.008073 0.019444
0 0.229557 0.385648 0.008073 0.019444
0 0.235547 0.386111 0.008073 0.019444
0 0.241797 0.386574 0.008073 0.019444
0 0.248568 0.387963 0.008073 0.019444
0 0.254297 0.387500 0.008073 0.019444
0 0.261068 0.388426 0.008073 0.019444
0 0.267318 0.388426 0.008073 0.019444
0 0.274089 0.389352 0.008073 0.019444
0 0.279818 0.389352 0.008073 0.019444
0 0.287109 0.390278 0.008073 0.019444
0 0.292578 0.390741 0.008073 0.019444
0 0.298568 0.390741 0.008073 0.019444
0 0.305078 0.392130 0.008073 0.019444
0 0.311068 0.392130 0.008073 0.019444
0 0.311068 0.411574 0.008073 0.019444
0 0.304557 0.410185 0.008073 0.019444
0 0.297786 0.410185 0.008073 0.019444
0 0.291536 0.410185 0.008073 0.019444
0 0.285286 0.409722 0.008073 0.019444
0 0.278776 0.408796 0.008073 0.019444
0 0.272266 0.408796 0.008073 0.019444
0 0.266536 0.408333 0.008073 0.019444
0 0.259245 0.406944 0.008073 0.019444
0 0.252995 0.406481 0.008073 0.019444
0 0.247005 0.406481 0.008073 0.019444
0 0.240495 0.405556 0.008073 0.019444
0 0.233984 0.405093 0.008073 0.019444
0 0.227734 0.405093 0.008073 0.019444
0 0.220703 0.404167 0.008073 0.019444
0 0.219141 0.425926 0.008073 0.019444
0 0.225651 0.426852 0.008073 0.019444
0 0.232682 0.427778 0.008073 0.019444
0 0.238672 0.427315 0.008073 0.019444
0 0.245182 0.428704 0.008073 0.019444
0 0.251953 0.428241 0.008073 0.019444
0 0.258203 0.428704 0.008073 0.019444
0 0.264193 0.429630 0.008073 0.019444
0 0.271224 0.430556 0.008073 0.019444
0 0.276953 0.431019 0.008073 0.019444
0 0.283724 0.431944 0.008073 0.019444
0 0.290495 0.431481 0.008073 0.019444
0 0.296745 0.432870 0.008073 0.019444
0 0.302995 0.433333 0.008073 0.019444
0 0.309245 0.433796 0.008073 0.019444
0 0.316016 0.434722 0.008073 0.019444
0 0.301953 0.452778 0.008073 0.019444
0 0.295703 0.452315 0.008073 0.019444
0 0.288932 0.451852 0.008073 0.019444
0 0.282682 0.451389 0.008073 0.019444
0 0.275911 0.450463 0.008073 0.019444
0 0.269922 0.450463 0.008073 0.019444
0 0.263151 0.449074 0.008073 0.019444
0 0.256641 0.448611 0.008073 0.019444
0 0.250651 0.448148 0.008073 0.019444
0 0.243359 0.447222 0.008073 0.019444
0 0.237370 0.446759 0.008073 0.019444
0 0.230599 0.446296 0.008073 0.019444
0 0.224349 0.446296 0.008073 0.019444
0 0.217318 0.445833 0.008073 0.019444
0 0.215495 0.474074 0.008073 0.019444
0 0.221745 0.474074 0.008073 0.019444
0 0.228255 0.474074 0.008073 0.019444
0 0.235026 0.475000 0.008073 0.019444
0 0.241797 0.475926 0.008073 0.019444
0 0.248307 0.475000 0.008073 0.019444
0 0.255078 0.476389 0.008073 0.019444
0 0.261328 0.476389 0.008073 0.019444
0 0.267578 0.477778 0.008073 0.019444
0 0.274349 0.478241 0.008073 0.019444
0 0.280599 0.477778 0.008073 0.019444
0 0.287370 0.478704 0.008073 0.019444
0 0.293880 0.478704 0.008073 0.019444
0 0.300521 0.479861 0.006771 0.019907
0 0.307292 0.480324 0.006771 0.019907
0 0.313932 0.481019 0.008594 0.021296
0 0.300130 0.500463 0.008594 0.021296
0 0.292839 0.500463 0.008594 0.021296
0 0.285807 0.500463 0.008594 0.021296
0 0.280078 0.499537 0.008594 0.021296
0 0.273047 0.499074 0.008594 0.021296
0 0.266276 0.498148 0.008594 0.021296
0 0.259766 0.498380 0.008594 0.022685
0 0.253516 0.497917 0.008594 0.022685
0 0.247005 0.497917 0.008594 0.022685
0 0.239974 0.497454 0.008594 0.022685
0 0.233464 0.496528 0.008594 0.022685
0 0.226432 0.496528 0.008594 0.022685
0 0.219922 0.496065 0.008594 0.022685
0 0.213411 0.495139 0.008594 0.022685
0 0.339062 0.206481 0.007292 0.018519
0 0.344792 0.207407 0.007292 0.018519
0 0.350521 0.208333 0.007292 0.018519
0 0.355990 0.208796 0.007292 0.018519
0 0.361979 0.209722 0.007292 0.018519
0 0.367448 0.209722 0.007292 0.018519
0 0.373698 0.210880 0.007292 0.018981
0 0.379167 0.211806 0.007292 0.018981
0 0.385156 0.212269 0.007292 0.018981
0 0.392448 0.211806 0.007292 0.018981
0 0.398698 0.212731 0.007292 0.018981
0 0.404948 0.213657 0.007292 0.018981
0 0.403906 0.231250 0.007292 0.018981
0 0.398438 0.230787 0.007292 0.018981
0 0.392188 0.228935 0.007292 0.018981
0 0.385156 0.230324 0.007292 0.018981
0 0.379167 0.229398 0.007292 0.018981
0 0.373698 0.228472 0.007292 0.018981
0 0.367708 0.227546 0.007292 0.018981
0 0.361458 0.226620 0.007292 0.018981
0 0.355729 0.225694 0.007292 0.018981
0 0.350000 0.224769 0.007292 0.018981
0 0.344010 0.224306 0.007292 0.018981
0 0.338021 0.223843 0.007292 0.018981
0 0.337500 0.243287 0.007292 0.018981
0 0.343490 0.243750 0.007292 0.018981
0 0.349219 0.244676 0.007292 0.018981
0 0.354948 0.245139 0.007292 0.018981
0 0.360677 0.246065 0.007292 0.018981
0 0.366667 0.246991 0.007292 0.018981
0 0.372396 0.247454 0.007292 0.018981
0 0.378125 0.247917 0.007292 0.018981
0 0.384115 0.248843 0.007292 0.018981
0 0.391146 0.249769 0.007292 0.018981
0 0.397917 0.249769 0.007292 0.018981
0 0.404167 0.252083 0.007292 0.018981
0 0.403906 0.269213 0.007292 0.018981
0 0.397656 0.269213 0.007292 0.018981
0 0.391406 0.268287 0.007292 0.018981
0 0.384115 0.266435 0.007292 0.018981
0 0.377865 0.265972 0.007292 0.018981
0 0.372135 0.264583 0.007292 0.018981
0 0.366406 0.264120 0.007292 0.018981
0 0.360156 0.263657 0.007292 0.018981
0 0.354167 0.263194 0.007292 0.018981
0 0.348438 0.262269 0.007292 0.018981
0 0.342708 0.261806 0.007292 0.018981
0 0.336979 0.260417 0.007292 0.018981
0 0.335677 0.280787 0.007292 0.018981
0 0.341667 0.282176 0.007292 0.018981
0 0.347656 0.282639 0.007292 0.018981
0 0.353646 0.282639 0.007292 0.018981
0 0.359635 0.283102 0.007292 0.018981
0 0.365365 0.284491 0.007292 0.018981
0 0.371615 0.284491 0.007292 0.018981
0 0.377344 0.285417 0.007292 0.018981
0 0.383594 0.286343 0.007292 0.018981
0 0.390885 0.286343 0.007292 0.018981
0 0.396875 0.286806 0.007292 0.018981
0 0.403385 0.287269 0.007292 0.018981
0 0.403125 0.304861 0.007292 0.018981
0 0.397135 0.304861 0.007292 0.018981
0 0.390625 0.304398 0.007292 0.018981
0 0.383333 0.303472 0.007292 0.018981
0 0.376563 0.303009 0.007292 0.018981
0 0.371094 0.302546 0.007292 0.018981
0 0.365104 0.302083 0.007292 0.018981
0 0.359115 0.301620 0.007292 0.018981
0 0.352865 0.300231 0.007292 0.018981
0 0.346875 0.299769 0.007292 0.018981
0 0.341146 0.299306 0.007292 0.018981
0 0.334896 0.297917 0.007292 0.018981
0 0.333854 0.318287 0.007292 0.018981
0 0.340104 0.319676 0.007292 0.018981
0 0.346094 0.319676 0.007292 0.018981
0 0.352083 0.320139 0.007292 0.018981
0 0.358594 0.321065 0.007292 0.018981
0 0.364323 0.321528 0.007292 0.018981
0 0.370573 0.322454 0.007292 0.018981
0 0.376563 0.322917 0.007292 0.018981
0 0.382031 0.323380 0.007292 0.018981
0 0.389583 0.322454 0.007292 0.018981
0 0.396354 0.322917 0.007292 0.018981
0 0.402083 0.341898 0.007292 0.018981
0 0.395833 0.341898 0.007292 0.018981
0 0.389323 0.340972 0.007292 0.018981
0 0.382292 0.341435 0.007292 0.018981
0 0.376563 0.340509 0.007292 0.018981
0 0.369792 0.339583 0.007292 0.018981
0 0.364063 0.339120 0.007292 0.018981
0 0.357812 0.339120 0.007292 0.018981
0 0.351562 0.338194 0.007292 0.018981
0 0.345313 0.337731 0.007292 0.018981
0 0.339323 0.336806 0.007292 0.018981
0 0.333073 0.335880 0.007292 0.018981
0 0.332031 0.354861 0.007292 0.018981
0 0.338802 0.354861 0.007292 0.018981
0 0.344792 0.355324 0.007292 0.018981
0 0.350521 0.356250 0.007292 0.018981
0 0.357292 0.357176 0.007292 0.018981
0 0.363021 0.357176 0.007292 0.018981
0 0.369271 0.358102 0.007292 0.018981
0 0.375260 0.359028 0.007292 0.018981
0 0.381250 0.359954 0.007292 0.018981
0 0.389062 0.359954 0.007292 0.018981
0 0.395313 0.360880 0.007292 0.018981
0 0.401823 0.361343 0.007292 0.018981
0 0.401823 0.380324 0.007292 0.018981
0 0.395052 0.379398 0.007292 0.018981
0 0.388021 0.378935 0.007292 0.018981
0 0.381510 0.378009 0.007292 0.018981
0 0.375000 0.377083 0.007292 0.018981
0 0.369010 0.376620 0.007292 0.018981
0 0.362500 0.376157 0.007292 0.018981
0 0.356250 0.375231 0.007292 0.018981
0 0.350260 0.374306 0.007292 0.018981
0 0.344010 0.373843 0.007292 0.018981
0 0.337760 0.373380 0.007292 0.018981
0 0.331510 0.373380 0.007292 0.018981
0 0.330469 0.394676 0.007292 0.018981
0 0.336719 0.395139 0.007292 0.018981
0 0.342969 0.395602 0.007292 0.018981
0 0.348958 0.395602 0.007292 0.018981
0 0.355990 0.396528 0.007292 0.018981
0 0.361979 0.396991 0.007292 0.018981
0 0.367969 0.397454 0.007292 0.018981
0 0.373958 0.398380 0.007292 0.018981
0 0.380469 0.399306 0.007292 0.018981
0 0.388021 0.398380 0.007292 0.018981
0 0.394531 0.399306 0.007292 0.018981
0 0.401302 0.399306 0.007292 0.018981
0 0.400521 0.419676 0.007292 0.018981
0 0.394010 0.418287 0.007292 0.018981
0 0.387240 0.417824 0.007292 0.018981
0 0.379427 0.417824 0.007292 0.018981
0 0.373437 0.416898 0.007292 0.018981
0 0.367448 0.416435 0.007292 0.018981
0 0.360938 0.415972 0.007292 0.018981
0 0.354687 0.414583 0.007292 0.018981
0 0.348438 0.414583 0.007292 0.018981
0 0.342187 0.414583 0.007292 0.018981
0 0.335938 0.414120 0.007292 0.018981
0 0.329427 0.413194 0.007292 0.018981
0 0.328646 0.435417 0.007292 0.018981
0 0.335156 0.435880 0.007292 0.018981
0 0.341406 0.436574 0.007812 0.019444
0 0.347396 0.437500 0.007812 0.019444
0 0.353646 0.437963 0.007812 0.019444
0 0.359896 0.438426 0.007812 0.019444
0 0.366406 0.438426 0.007812 0.019444
0 0.372656 0.439352 0.007812 0.019444
0 0.379427 0.439815 0.007812 0.019444
0 0.386979 0.440278 0.007812 0.019444
0 0.393750 0.441204 0.007812 0.019444
0 0.400521 0.441204 0.007812 0.019444
0 0.400000 0.461111 0.007812 0.019444
0 0.393490 0.460648 0.007812 0.019444
0 0.386719 0.460185 0.007812 0.019444
0 0.378906 0.459259 0.007812 0.019444
0 0.372135 0.458333 0.007812 0.019444
0 0.366146 0.457407 0.007812 0.019444
0 0.359635 0.456481 0.007812 0.019444
0 0.353646 0.456944 0.007812 0.019444
0 0.346615 0.456481 0.007812 0.019444
0 0.340625 0.456019 0.007812 0.019444
0 0.334115 0.455093 0.007812 0.019444
0 0.327604 0.454630 0.007812 0.019444
0 0.326302 0.481481 0.007812 0.019444
0 0.333073 0.481944 0.007812 0.019444
0 0.339062 0.482870 0.007812 0.019444
0 0.345573 0.483333 0.007812 0.019444
0 0.352083 0.483796 0.007812 0.019444
0 0.358594 0.484259 0.007812 0.019444
0 0.364844 0.483796 0.007812 0.019444
0 0.371354 0.484259 0.007812 0.019444
0 0.377604 0.485185 0.007812 0.019444
0 0.385417 0.485185 0.007812 0.019444
0 0.392188 0.485185 0.007812 0.019444
0 0.399219 0.485648 0.007812 0.019444
0 0.398958 0.506481 0.007812 0.019444
0 0.392188 0.506481 0.007812 0.019444
0 0.385417 0.506019 0.007812 0.019444
0 0.377604 0.506944 0.007812 0.019444
0 0.370312 0.506481 0.007812 0.019444
0 0.364323 0.505556 0.007812 0.019444
0 0.358073 0.505093 0.007812 0.019444
0 0.351562 0.504630 0.007812 0.019444
0 0.345052 0.503241 0.007812 0.019444
0 0.338281 0.503704 0.007812 0.019444
0 0.332031 0.503241 0.007812 0.019444
0 0.325521 0.502778 0.007812 0.019444
0 0.210807 0.523611 0.008594 0.022222
0 0.217578 0.523611 0.008594 0.022222
0 0.224349 0.524537 0.008594 0.022222
0 0.231641 0.524074 0.008594 0.022222
0 0.238411 0.524537 0.008594 0.022222
0 0.244922 0.525000 0.008594 0.022222
0 0.251432 0.525463 0.008594 0.022222
0 0.258203 0.526389 0.008594 0.022222
0 0.264974 0.526389 0.008594 0.022222
0 0.271484 0.526852 0.008594 0.022222
0 0.278255 0.527315 0.008594 0.022222
0 0.284505 0.527315 0.008594 0.022222
0 0.291016 0.527778 0.008594 0.022222
0 0.297786 0.528241 0.008594 0.022222
0 0.304297 0.529167 0.008594 0.022222
0 0.310807 0.528704 0.008594 0.022222
0 0.317578 0.529630 0.008594 0.022222
0 0.324089 0.530093 0.008594 0.022222
0 0.330599 0.530556 0.008594 0.022222
0 0.337891 0.531019 0.008594 0.022222
0 0.344141 0.531481 0.008594 0.022222
0 0.350391 0.531944 0.008594 0.022222
0 0.356641 0.531944 0.008594 0.022222
0 0.363411 0.531944 0.008594 0.022222
0 0.362630 0.552315 0.008594 0.022222
0 0.356120 0.551852 0.008594 0.022222
0 0.349870 0.551852 0.008594 0.022222
0 0.343099 0.551389 0.008594 0.022222
0 0.336328 0.551852 0.008594 0.022222
0 0.330078 0.550926 0.008594 0.022222
0 0.322786 0.550926 0.008594 0.022222
0 0.316536 0.549537 0.008594 0.022222
0 0.310026 0.550000 0.008594 0.022222
0 0.303255 0.549537 0.008594 0.022222
0 0.296484 0.548611 0.008594 0.022222
0 0.289974 0.549537 0.008594 0.022222
0 0.283464 0.548611 0.008594 0.022222
0 0.276693 0.548611 0.008594 0.022222
0 0.269922 0.547685 0.008594 0.022222
0 0.263411 0.547222 0.008594 0.022222
0 0.256380 0.546759 0.008594 0.022222
0 0.249609 0.546296 0.008594 0.022222
0 0.243359 0.545833 0.008594 0.022222
0 0.236068 0.545370 0.008594 0.022222
0 0.229557 0.545370 0.008594 0.022222
0 0.222786 0.544907 0.008594 0.022222
0 0.216016 0.544444 0.008594 0.022222
0 0.208984 0.544444 0.008594 0.022222
0 0.207161 0.564352 0.008594 0.022222
0 0.214714 0.565278 0.008594 0.022222
0 0.221224 0.565278 0.008594 0.022222
0 0.227995 0.565741 0.008594 0.022222
0 0.235026 0.566667 0.008594 0.022222
0 0.241797 0.566667 0.008594 0.022222
0 0.248307 0.566667 0.008594 0.022222
0 0.255339 0.567593 0.008594 0.022222
0 0.261849 0.568056 0.008594 0.022222
0 0.268880 0.568519 0.008594 0.022222
0 0.275391 0.568981 0.008594 0.022222
0 0.282161 0.568981 0.008594 0.022222
0 0.288672 0.569907 0.008594 0.022222
0 0.295703 0.570370 0.008594 0.022222
0 0.315755 0.571296 0.008594 0.022222
0 0.322526 0.570833 0.008594 0.022222
0 0.329036 0.570833 0.008594 0.022222
0 0.335547 0.571759 0.008594 0.022222
0 0.342318 0.572222 0.008594 0.022222
0 0.348828 0.572222 0.008594 0.022222
0 0.355339 0.572685 0.008594 0.022222
0 0.362109 0.573148 0.008594 0.022222
0 0.361068 0.597685 0.008594 0.022222
0 0.355078 0.597685 0.008594 0.022222
0 0.347786 0.597685 0.008594 0.022222
0 0.341016 0.598148 0.008594 0.022222
0 0.334245 0.597685 0.008594 0.022222
0 0.327734 0.597685 0.008594 0.022222
0 0.321224 0.596759 0.008594 0.022222
0 0.314193 0.596296 0.008594 0.022222
0 0.307422 0.596296 0.008594 0.022222
0 0.301172 0.595833 0.008594 0.022222
0 0.294141 0.595370 0.008594 0.022222
0 0.287370 0.595370 0.008594 0.022222
0 0.280339 0.595370 0.008594 0.022222
0 0.273568 0.594444 0.008594 0.022222
0 0.266797 0.593981 0.008594 0.022222
0 0.259766 0.593519 0.008594 0.022222
0 0.253516 0.593056 0.008594 0.022222
0 0.246745 0.593056 0.008594 0.022222
0 0.239714 0.592593 0.008594 0.022222
0 0.233203 0.592130 0.008594 0.022222
0 0.225911 0.591204 0.008594 0.022222
0 0.219401 0.591667 0.008594 0.022222
0 0.212109 0.591667 0.008594 0.022222
0 0.205859 0.590741 0.008594 0.022222
0 0.203516 0.612963 0.008594 0.022222
0 0.210807 0.612963 0.008594 0.022222
0 0.217578 0.612963 0.008594 0.022222
0 0.224609 0.613889 0.008594 0.022222
0 0.231380 0.613426 0.008594 0.022222
0 0.238411 0.614352 0.008594 0.022222
0 0.245182 0.614815 0.008594 0.022222
0 0.252214 0.614815 0.008594 0.022222
0 0.258724 0.614815 0.008594 0.022222
0 0.265755 0.615741 0.008594 0.022222
0 0.272526 0.616204 0.008594 0.022222
0 0.279557 0.616667 0.008594 0.022222
0 0.286328 0.616667 0.008594 0.022222
0 0.292839 0.616667 0.008594 0.022222
0 0.299609 0.617130 0.008594 0.022222
0 0.306380 0.617130 0.008594 0.022222
0 0.313151 0.617593 0.008594 0.022222
0 0.319922 0.618519 0.008594 0.022222
0 0.326693 0.617593 0.008594 0.022222
0 0.333464 0.618519 0.008594 0.022222
0 0.340234 0.618519 0.008594 0.022222
0 0.346745 0.618519 0.008594 0.022222
0 0.353516 0.618519 0.008594 0.022222
0 0.360547 0.618519 0.008594 0.022222
0 0.354557 0.644907 0.008594 0.022222
0 0.347786 0.644907 0.008594 0.022222
0 0.340755 0.643519 0.008594 0.022222
0 0.333984 0.643056 0.008594 0.022222
0 0.327214 0.643519 0.008594 0.022222
0 0.320703 0.643519 0.008594 0.022222
0 0.313672 0.642593 0.008594 0.022222
0 0.307161 0.643519 0.008594 0.022222
0 0.299870 0.642130 0.008594 0.022222
0 0.293359 0.642593 0.008594 0.022222
0 0.286589 0.642824 0.009115 0.023611
0 0.279818 0.640972 0.009115 0.023611
0 0.272786 0.640972 0.009115 0.023611
0 0.266016 0.641435 0.009115 0.023611
0 0.258724 0.641435 0.009115 0.023611
0 0.252214 0.640046 0.009115 0.023611
0 0.245182 0.640509 0.009115 0.023611
0 0.238411 0.639583 0.009115 0.023611
0 0.231380 0.640046 0.009115 0.023611
0 0.224609 0.639120 0.009115 0.023611
0 0.217578 0.638657 0.009115 0.023611
0 0.210286 0.638657 0.009115 0.023611
0 0.203516 0.637731 0.009115 0.023611
0 0.196224 0.638194 0.009115 0.023611
0 0.189193 0.638194 0.009115 0.023611
0 0.181901 0.637731 0.009115 0.023611
0 0.180078 0.660417 0.009115 0.023611
0 0.187630 0.660417 0.009115 0.023611
0 0.194661 0.659954 0.009115 0.023611
0 0.201953 0.660417 0.009115 0.023611
0 0.208724 0.660417 0.009115 0.023611
0 0.215755 0.660880 0.009115 0.023611
0 0.222526 0.661806 0.009115 0.023611
0 0.229557 0.661343 0.009115 0.023611
0 0.236849 0.661806 0.009115 0.023611
0 0.243620 0.662269 0.009115 0.023611
0 0.250911 0.662731 0.009115 0.023611
0 0.257943 0.663194 0.009115 0.023611
0 0.264714 0.662269 0.009115 0.023611
0 0.271224 0.663657 0.009115 0.023611
0 0.278255 0.663657 0.009115 0.023611
0 0.285286 0.664120 0.009115 0.023611
0 0.292057 0.664583 0.009115 0.023611
0 0.299089 0.665046 0.009115 0.023611
0 0.305599 0.664120 0.009115 0.023611
0 0.312891 0.665046 0.009115 0.023611
0 0.319401 0.664583 0.009115 0.023611
0 0.326172 0.664583 0.009115 0.023611
0 0.332943 0.665046 0.009115 0.023611
0 0.339974 0.665509 0.009115 0.023611
0 0.347005 0.666435 0.009115 0.023611
0 0.354036 0.666435 0.009115 0.023611
0 0.352734 0.690972 0.009115 0.023611
0 0.345443 0.690972 0.009115 0.023611
0 0.338932 0.690509 0.009115 0.023611
0 0.332161 0.690972 0.009115 0.023611
0 0.325130 0.690046 0.009115 0.023611
0 0.318099 0.690046 0.009115 0.023611
0 0.311068 0.690046 0.009115 0.023611
0 0.304818 0.690509 0.009115 0.023611
0 0.297526 0.689120 0.009115 0.023611
0 0.290495 0.689583 0.009115 0.023611
0 0.283203 0.689120 0.009115 0.023611
0 0.276693 0.689583 0.009115 0.023611
0 0.269922 0.690046 0.009115 0.023611
0 0.263151 0.690046 0.009115 0.023611
0 0.255599 0.690046 0.009115 0.023611
0 0.249089 0.688194 0.009115 0.023611
0 0.241797 0.688194 0.009115 0.023611
0 0.234505 0.688657 0.009115 0.023611
0 0.227995 0.688657 0.009115 0.023611
0 0.220443 0.688194 0.009115 0.023611
0 0.213672 0.687731 0.009115 0.023611
0 0.205859 0.688657 0.009115 0.023611
0 0.198828 0.688657 0.009115 0.023611
0 0.192318 0.688194 0.009115 0.023611
0 0.184505 0.687731 0.009115 0.023611
0 0.177474 0.688194 0.009115 0.023611
0 0.593229 0.198148 0.007292 0.019444
0 0.599219 0.196296 0.007292 0.019444
0 0.604948 0.194907 0.007292 0.019444
0 0.610938 0.193056 0.007292 0.019444
0 0.616927 0.190741 0.007292 0.019444
0 0.622917 0.189352 0.007292 0.019444
0 0.628906 0.187500 0.007292 0.019444
0 0.634896 0.185648 0.007292 0.019444
0 0.641146 0.184259 0.007292 0.019444
0 0.647396 0.181944 0.007292 0.019444
0 0.648438 0.198611 0.007292 0.019444
0 0.642448 0.201389 0.007292 0.019444
0 0.636458 0.202778 0.007292 0.019444
0 0.630208 0.204167 0.007292 0.019444
0 0.623958 0.206944 0.007292 0.019444
0 0.617969 0.207870 0.007292 0.019444
0 0.605729 0.211574 0.007292 0.019444
0 0.611719 0.208333 0.007292 0.019444
0 0.600000 0.213426 0.007292 0.019444
0 0.597396 0.233333 0.007292 0.019444
0 0.603385 0.231944 0.007292 0.019444
0 0.609635 0.229630 0.007292 0.019444
0 0.615365 0.227778 0.007292 0.019444
0 0.621354 0.226389 0.007292 0.019444
0 0.637500 0.221759 0.007292 0.019444
0 0.643490 0.219907 0.007292 0.019444
0 0.650000 0.218056 0.007292 0.019444
0 0.651042 0.236574 0.007292 0.019444
0 0.644271 0.238426 0.007292 0.019444
0 0.638542 0.240278 0.007292 0.019444
0 0.622656 0.244444 0.007292 0.019444
0 0.616667 0.245833 0.007292 0.019444
0 0.610417 0.247685 0.007292 0.019444
0 0.604167 0.249074 0.007292 0.019444
0 0.598437 0.250926 0.007292 0.019444
0 0.596354 0.270833 0.007292 0.019444
0 0.602083 0.269907 0.007292 0.019444
0 0.608333 0.268056 0.007292 0.019444
0 0.614323 0.266204 0.007292 0.019444
0 0.620313 0.264815 0.007292 0.019444
0 0.627083 0.262963 0.007292 0.019444
0 0.633073 0.261574 0.007292 0.019444
0 0.639583 0.259722 0.007292 0.019444
0 0.645833 0.258333 0.007292 0.019444
0 0.652083 0.256019 0.007292 0.019444
0 0.653385 0.274537 0.007292 0.019444
0 0.646875 0.275926 0.007292 0.019444
0 0.640625 0.277778 0.007292 0.019444
0 0.626302 0.281944 0.007292 0.019444
0 0.620052 0.283333 0.007292 0.019444
0 0.614062 0.284722 0.007292 0.019444
0 0.607552 0.286574 0.007292 0.019444
0 0.601562 0.287963 0.007292 0.019444
0 0.595313 0.290278 0.007292 0.019444
0 0.595833 0.309259 0.007292 0.019444
0 0.602083 0.307407 0.007292 0.019444
0 0.608073 0.305556 0.007292 0.019444
0 0.614323 0.304167 0.007292 0.019444
0 0.620833 0.302778 0.007292 0.019444
0 0.627083 0.300463 0.007292 0.019444
0 0.641667 0.297222 0.007292 0.019444
0 0.647917 0.295833 0.007292 0.019444
0 0.654427 0.293981 0.007292 0.019444
0 0.655729 0.312963 0.007292 0.019444
0 0.649219 0.314352 0.007292 0.019444
0 0.642708 0.316204 0.007292 0.019444
0 0.636198 0.317593 0.007292 0.019444
0 0.629687 0.319907 0.007292 0.019444
0 0.623698 0.321296 0.007292 0.019444
0 0.616927 0.322685 0.007292 0.019444
0 0.610938 0.323611 0.007292 0.019444
0 0.604427 0.325463 0.007292 0.019444
0 0.598177 0.326852 0.007292 0.019444
0 0.598698 0.347685 0.007292 0.019444
0 0.604948 0.346296 0.007292 0.019444
0 0.611198 0.344444 0.007292 0.019444
0 0.617969 0.342130 0.007292 0.019444
0 0.624219 0.340741 0.007292 0.019444
0 0.630729 0.338889 0.007292 0.019444
0 0.637240 0.337963 0.007292 0.019444
0 0.643750 0.336111 0.007292 0.019444
0 0.650260 0.335185 0.007292 0.019444
0 0.656510 0.332870 0.007292 0.019444
0 0.657552 0.352315 0.007292 0.019444
0 0.651302 0.354167 0.007292 0.019444
0 0.644531 0.355556 0.007292 0.019444
0 0.630729 0.358796 0.007292 0.019444
0 0.624479 0.361111 0.007292 0.019444
0 0.617969 0.362963 0.007292 0.019444
0 0.611458 0.364815 0.007292 0.019444
0 0.604948 0.366204 0.007292 0.019444
0 0.598698 0.367593 0.007292 0.019444
0 0.600521 0.387963 0.007292 0.019444
0 0.606771 0.387037 0.007292 0.019444
0 0.613281 0.385185 0.007292 0.019444
0 0.619792 0.383796 0.007292 0.019444
0 0.626563 0.382407 0.007292 0.019444
0 0.639323 0.378704 0.007292 0.019444
0 0.645833 0.377315 0.007292 0.019444
0 0.652604 0.375463 0.007292 0.019444
0 0.659115 0.373611 0.007292 0.019444
0 0.660156 0.393519 0.007292 0.019444
0 0.653646 0.395833 0.007292 0.019444
0 0.646875 0.397222 0.007292 0.019444
0 0.640104 0.398611 0.007292 0.019444
0 0.633724 0.400694 0.006510 0.020833
0 0.626953 0.401620 0.006510 0.020833
0 0.620443 0.403472 0.006510 0.020833
0 0.613932 0.404398 0.006510 0.020833
0 0.607682 0.406250 0.006510 0.020833
0 0.601172 0.407639 0.006510 0.020833
0 0.600911 0.428009 0.006510 0.020833
0 0.607161 0.427083 0.006510 0.020833
0 0.613932 0.425694 0.006510 0.020833
0 0.622005 0.425231 0.006510 0.020833
0 0.626823 0.422222 0.006771 0.022222
0 0.633984 0.421991 0.007552 0.020833
0 0.648307 0.418750 0.007552 0.020833
0 0.654818 0.416898 0.007552 0.020833
0 0.661068 0.415046 0.007552 0.020833
0 0.662891 0.435417 0.007552 0.020833
0 0.656120 0.437269 0.007552 0.020833
0 0.649349 0.438657 0.007552 0.020833
0 0.635026 0.441898 0.007552 0.020833
0 0.628255 0.442824 0.007552 0.020833
0 0.621484 0.444213 0.007552 0.020833
0 0.614974 0.445139 0.007552 0.020833
0 0.608464 0.446991 0.007552 0.020833
0 0.601693 0.447917 0.007552 0.020833
0 0.603516 0.469676 0.007552 0.020833
0 0.610026 0.468287 0.007552 0.020833
0 0.616797 0.467361 0.007552 0.020833
0 0.623568 0.466898 0.007552 0.020833
0 0.630339 0.464120 0.007552 0.020833
0 0.636328 0.463194 0.007552 0.020833
0 0.643359 0.462269 0.007552 0.020833
0 0.650391 0.461343 0.007552 0.020833
0 0.656901 0.459491 0.007552 0.020833
0 0.663932 0.458102 0.007552 0.020833
0 0.665234 0.478935 0.007552 0.020833
0 0.658464 0.480324 0.007552 0.020833
0 0.651693 0.482639 0.007552 0.020833
0 0.637891 0.484491 0.007552 0.020833
0 0.631120 0.485417 0.007552 0.020833
0 0.624349 0.487269 0.007552 0.020833
0 0.617318 0.488657 0.007552 0.020833
0 0.611068 0.490046 0.007552 0.020833
0 0.604818 0.490972 0.007552 0.020833
0 0.604818 0.511806 0.007552 0.020833
0 0.611589 0.510880 0.007552 0.020833
0 0.617839 0.509954 0.007552 0.020833
0 0.624609 0.509028 0.007552 0.020833
0 0.631641 0.508102 0.007552 0.020833
0 0.638411 0.506713 0.007552 0.020833
0 0.652995 0.503935 0.007552 0.020833
0 0.659766 0.503009 0.007552 0.020833
0 0.666797 0.501620 0.007552 0.020833
0 0.668099 0.522454 0.007552 0.020833
0 0.661328 0.523843 0.007552 0.020833
0 0.654036 0.525694 0.007552 0.020833
0 0.647005 0.526620 0.007552 0.020833
0 0.640234 0.528009 0.007552 0.020833
0 0.633464 0.528935 0.007552 0.020833
0 0.626953 0.529861 0.007552 0.020833
0 0.619922 0.531250 0.007552 0.020833
0 0.612891 0.532639 0.007552 0.020833
0 0.606120 0.533565 0.007552 0.020833
0 0.613932 0.557176 0.007552 0.020833
0 0.605599 0.532639 0.007552 0.020833
0 0.620703 0.556250 0.007552 0.020833
0 0.627474 0.555324 0.007552 0.020833
0 0.634505 0.554398 0.007552 0.020833
0 0.641276 0.552083 0.007552 0.020833
0 0.648307 0.551157 0.007552 0.020833
0 0.655859 0.550231 0.007552 0.020833
0 0.662240 0.548843 0.007812 0.022685
0 0.669531 0.547454 0.007812 0.022685
0 0.670833 0.570139 0.007812 0.022685
0 0.663802 0.571065 0.007812 0.022685
0 0.657031 0.572454 0.007812 0.022685
0 0.640885 0.575694 0.007812 0.022685
0 0.633854 0.576620 0.007812 0.022685
0 0.626823 0.577546 0.007812 0.022685
0 0.620052 0.578472 0.007812 0.022685
0 0.613021 0.579398 0.007812 0.022685
0 0.606250 0.580324 0.007812 0.022685
0 0.608073 0.603009 0.007812 0.022685
0 0.614323 0.602083 0.007812 0.022685
0 0.621615 0.600694 0.007812 0.022685
0 0.628125 0.599769 0.007812 0.022685
0 0.635156 0.598380 0.007812 0.022685
0 0.642448 0.597454 0.007812 0.022685
0 0.658333 0.595602 0.007812 0.022685
0 0.665365 0.594213 0.007812 0.022685
0 0.672396 0.593287 0.007812 0.022685
0 0.674219 0.619676 0.007812 0.022685
0 0.666927 0.620602 0.007812 0.022685
0 0.659896 0.621528 0.007812 0.022685
0 0.652865 0.622454 0.007812 0.022685
0 0.645833 0.623380 0.007812 0.022685
0 0.638542 0.624306 0.007812 0.022685
0 0.631250 0.625231 0.007812 0.022685
0 0.624479 0.626620 0.007812 0.022685
0 0.617448 0.628009 0.007812 0.022685
0 0.610677 0.628472 0.007812 0.022685
0 0.655990 0.181944 0.007292 0.019444
0 0.661458 0.182407 0.007292 0.019444
0 0.667448 0.183796 0.007292 0.019444
0 0.672917 0.185185 0.007292 0.019444
0 0.678646 0.186111 0.007292 0.019444
0 0.684115 0.187500 0.007292 0.019444
0 0.689583 0.188889 0.007292 0.019444
0 0.695312 0.189815 0.007292 0.019444
0 0.700781 0.191204 0.007292 0.019444
0 0.706771 0.193519 0.007292 0.019444
0 0.718099 0.192361 0.007552 0.018981
0 0.696615 0.208333 0.007292 0.019444
0 0.690885 0.206944 0.007292 0.019444
0 0.685677 0.205556 0.007292 0.019444
0 0.679688 0.204630 0.007292 0.019444
0 0.674219 0.202778 0.007292 0.019444
0 0.668750 0.201852 0.007292 0.019444
0 0.663281 0.201852 0.007292 0.019444
0 0.657292 0.200463 0.007292 0.019444
0 0.658333 0.218981 0.007292 0.019444
0 0.664323 0.219444 0.007292 0.019444
0 0.669792 0.220370 0.007292 0.019444
0 0.683333 0.223611 0.007292 0.019444
0 0.689323 0.224537 0.007292 0.019444
0 0.694792 0.225463 0.007292 0.019444
0 0.700521 0.226852 0.007292 0.019444
0 0.706250 0.228241 0.007292 0.019444
0 0.711979 0.229630 0.007292 0.019444
0 0.711979 0.247685 0.007292 0.019444
0 0.706250 0.246296 0.007292 0.019444
0 0.700781 0.244907 0.007292 0.019444
0 0.695052 0.244444 0.007292 0.019444
0 0.689323 0.243056 0.007292 0.019444
0 0.671094 0.239352 0.007292 0.019444
0 0.683073 0.241667 0.007292 0.019444
0 0.665885 0.238889 0.007292 0.019444
0 0.659635 0.236574 0.007292 0.019444
0 0.660677 0.256019 0.007292 0.019444
0 0.666406 0.256944 0.007292 0.019444
0 0.672396 0.257870 0.007292 0.019444
0 0.678125 0.259259 0.007292 0.019444
0 0.683854 0.259259 0.007292 0.019444
0 0.689844 0.261111 0.007292 0.019444
0 0.695573 0.262037 0.007292 0.019444
0 0.701562 0.263889 0.007292 0.019444
0 0.706771 0.264815 0.007292 0.019444
0 0.713021 0.266667 0.007292 0.020370
0 0.715625 0.284259 0.007292 0.020370
0 0.709375 0.282870 0.007292 0.020370
0 0.703906 0.281944 0.007292 0.020370
0 0.698438 0.281481 0.007292 0.020370
0 0.692708 0.280556 0.007292 0.020370
0 0.686979 0.279630 0.007292 0.020370
0 0.673958 0.276852 0.007292 0.020370
0 0.668229 0.275926 0.007292 0.020370
0 0.662240 0.275000 0.007292 0.020370
0 0.663281 0.293981 0.007292 0.020370
0 0.669531 0.295370 0.007292 0.020370
0 0.675000 0.296296 0.007292 0.020370
0 0.689063 0.299074 0.007292 0.020370
0 0.694792 0.299537 0.007292 0.020370
0 0.700781 0.300463 0.007292 0.020370
0 0.707292 0.302778 0.007292 0.020370
0 0.712240 0.303704 0.007292 0.020370
0 0.717969 0.304630 0.007292 0.020370
0 0.717448 0.323148 0.007292 0.020370
0 0.711719 0.323148 0.007292 0.020370
0 0.705469 0.321296 0.007292 0.020370
0 0.699740 0.320370 0.007292 0.020370
0 0.693750 0.319444 0.007292 0.020370
0 0.688542 0.318981 0.007292 0.020370
0 0.682292 0.317130 0.007292 0.020370
0 0.676562 0.316204 0.007292 0.020370
0 0.670312 0.314815 0.007292 0.020370
0 0.664583 0.313889 0.007292 0.020370
0 0.665365 0.332870 0.007292 0.020370
0 0.671875 0.335185 0.007292 0.020370
0 0.677865 0.336111 0.007292 0.020370
0 0.683594 0.336111 0.007292 0.020370
0 0.689844 0.337037 0.007292 0.020370
0 0.695573 0.337037 0.007292 0.020370
0 0.701823 0.339352 0.007292 0.020370
0 0.707552 0.340278 0.007292 0.020370
0 0.713281 0.341667 0.007292 0.020370
0 0.719271 0.342593 0.007292 0.020370
0 0.723177 0.362500 0.007292 0.020370
0 0.716927 0.361574 0.007292 0.020370
0 0.711198 0.360185 0.007292 0.020370
0 0.705469 0.360185 0.007292 0.020370
0 0.699219 0.358333 0.007292 0.020370
0 0.693490 0.357870 0.007292 0.020370
0 0.679167 0.355556 0.007292 0.020370
0 0.672917 0.354167 0.007292 0.020370
0 0.666406 0.352778 0.007292 0.020370
0 0.668750 0.375000 0.007292 0.020370
0 0.680729 0.376389 0.007292 0.020370
0 0.673958 0.374074 0.007292 0.020370
0 0.686979 0.377315 0.007292 0.020370
0 0.698958 0.379167 0.007292 0.020370
0 0.704688 0.380093 0.007292 0.020370
0 0.710677 0.381019 0.007292 0.020370
0 0.716406 0.381944 0.007292 0.020370
0 0.722396 0.382870 0.007292 0.020370
0 0.724219 0.403241 0.007292 0.020370
0 0.718229 0.402315 0.007292 0.020370
0 0.712500 0.400926 0.007292 0.020370
0 0.706510 0.400463 0.007292 0.020370
0 0.700260 0.399074 0.007292 0.020370
0 0.694010 0.398148 0.007292 0.020370
0 0.688542 0.397222 0.007292 0.020370
0 0.676042 0.395833 0.007292 0.020370
0 0.669531 0.394444 0.007292 0.020370
0 0.670833 0.415278 0.007292 0.020370
0 0.677604 0.415278 0.007292 0.020370
0 0.683333 0.416204 0.007292 0.020370
0 0.697656 0.418519 0.007292 0.020370
0 0.703906 0.420370 0.007292 0.020370
0 0.709635 0.420833 0.007292 0.020370
0 0.715885 0.422685 0.007292 0.020370
0 0.721875 0.423148 0.007292 0.020370
0 0.727604 0.424074 0.007292 0.020370
0 0.729427 0.444907 0.007292 0.020370
0 0.723437 0.443056 0.007292 0.020370
0 0.717187 0.442130 0.007292 0.020370
0 0.711458 0.440741 0.007292 0.020370
0 0.705469 0.439815 0.007292 0.020370
0 0.699479 0.439352 0.007292 0.020370
0 0.684635 0.436574 0.007292 0.020370
0 0.678385 0.435648 0.007292 0.020370
0 0.671875 0.435185 0.007292 0.020370
0 0.673698 0.458333 0.007292 0.020370
0 0.679948 0.459259 0.007292 0.020370
0 0.686198 0.459722 0.007292 0.020370
0 0.692448 0.461111 0.007292 0.020370
0 0.698698 0.462037 0.007292 0.020370
0 0.704948 0.462963 0.007292 0.020370
0 0.711198 0.464815 0.007292 0.020370
0 0.717187 0.464815 0.007292 0.020370
0 0.723437 0.465741 0.007292 0.020370
0 0.729427 0.466204 0.007292 0.020370
0 0.733073 0.488426 0.007292 0.020370
0 0.726823 0.487500 0.007292 0.020370
0 0.720833 0.487037 0.007292 0.020370
0 0.714323 0.485648 0.007292 0.020370
0 0.708333 0.484722 0.007292 0.020370
0 0.702604 0.484259 0.007292 0.020370
0 0.687500 0.481481 0.007292 0.020370
0 0.680990 0.480556 0.007292 0.020370
0 0.674740 0.479630 0.007292 0.020370
0 0.676042 0.502778 0.007292 0.020370
0 0.682813 0.503241 0.007292 0.020370
0 0.689063 0.503704 0.007292 0.020370
0 0.704167 0.505556 0.007292 0.020370
0 0.710156 0.506481 0.007292 0.020370
0 0.716667 0.507407 0.007292 0.020370
0 0.722917 0.508333 0.007292 0.020370
0 0.728385 0.509259 0.007292 0.020370
0 0.735156 0.510648 0.007292 0.020370
0 0.734375 0.531481 0.007292 0.020370
0 0.728125 0.531481 0.007292 0.020370
0 0.722396 0.530556 0.007292 0.020370
0 0.715885 0.529630 0.007292 0.020370
0 0.709635 0.528704 0.007292 0.020370
0 0.703385 0.527778 0.007292 0.020370
0 0.697135 0.526852 0.007292 0.020370
0 0.690234 0.525926 0.007552 0.021296
0 0.683984 0.525000 0.007552 0.021296
0 0.677734 0.524074 0.007552 0.021296
0 0.679297 0.547222 0.007552 0.021296
0 0.685807 0.547685 0.007552 0.021296
0 0.698568 0.550463 0.007552 0.021296
0 0.705599 0.551389 0.007552 0.021296
0 0.711849 0.551389 0.007552 0.021296
0 0.718099 0.552778 0.007552 0.021296
0 0.730599 0.554630 0.007552 0.021296
0 0.737370 0.555556 0.007552 0.021296
0 0.740755 0.578241 0.007552 0.021296
0 0.735026 0.577315 0.007552 0.021296
0 0.728776 0.576852 0.007552 0.021296
0 0.722005 0.575463 0.007552 0.021296
0 0.715495 0.574537 0.007552 0.021296
0 0.709505 0.574074 0.007552 0.021296
0 0.694141 0.572222 0.007552 0.021296
0 0.687500 0.571065 0.007812 0.022685
0 0.680729 0.570139 0.007812 0.022685
0 0.682813 0.592824 0.007812 0.022685
0 0.689063 0.593287 0.007812 0.022685
0 0.695573 0.594676 0.007812 0.022685
0 0.710938 0.596065 0.007812 0.022685
0 0.717448 0.596991 0.007812 0.022685
0 0.723958 0.598380 0.007812 0.022685
0 0.730208 0.598380 0.007812 0.022685
0 0.736458 0.599306 0.007812 0.022685
0 0.742969 0.599769 0.007812 0.022685
0 0.745313 0.626157 0.007812 0.022685
0 0.738802 0.625231 0.007812 0.022685
0 0.732552 0.625231 0.007812 0.022685
0 0.726042 0.623843 0.007812 0.022685
0 0.703646 0.621528 0.007812 0.022685
0 0.697917 0.620602 0.007812 0.022685
0 0.690365 0.619213 0.007812 0.022685
0 0.683854 0.618287 0.007812 0.022685
0 0.702865 0.208796 0.007292 0.019444
0 0.723828 0.191435 0.007552 0.018981
0 0.729818 0.190046 0.007552 0.018981
0 0.736068 0.188657 0.007552 0.018981
0 0.742057 0.187731 0.007552 0.018981
0 0.748568 0.185880 0.007552 0.018981
0 0.754557 0.184491 0.007552 0.018981
0 0.760807 0.183565 0.007552 0.018981
0 0.767057 0.181713 0.007552 0.018981
0 0.773307 0.180324 0.007552 0.018981
0 0.779818 0.178935 0.007552 0.018981
0 0.785807 0.177083 0.007552 0.018981
0 0.792318 0.175694 0.007552 0.018981
0 0.794141 0.193750 0.007552 0.018981
0 0.787891 0.195139 0.007552 0.018981
0 0.781641 0.196528 0.007552 0.018981
0 0.775130 0.197917 0.007552 0.018981
0 0.769141 0.199306 0.007552 0.018981
0 0.762630 0.201157 0.007552 0.018981
0 0.756641 0.201620 0.007552 0.018981
0 0.750391 0.203472 0.007552 0.018981
0 0.743880 0.204861 0.007552 0.018981
0 0.737891 0.205324 0.007552 0.018981
0 0.731641 0.207639 0.007552 0.018981
0 0.725391 0.208565 0.007552 0.018981
0 0.719401 0.209954 0.007552 0.018981
0 0.721224 0.228472 0.007552 0.018981
0 0.727214 0.227083 0.007552 0.018981
0 0.733464 0.226157 0.007552 0.018981
0 0.739453 0.224769 0.007552 0.018981
0 0.745964 0.223380 0.007552 0.018981
0 0.752214 0.221991 0.007552 0.018981
0 0.758464 0.220602 0.007552 0.018981
0 0.765234 0.219213 0.007552 0.018981
0 0.770964 0.217824 0.007552 0.018981
0 0.777214 0.216435 0.007552 0.018981
0 0.783984 0.215046 0.007552 0.018981
0 0.790234 0.214120 0.007552 0.018981
0 0.796484 0.212269 0.007552 0.018981
0 0.798958 0.230556 0.008333 0.019444
0 0.792708 0.232407 0.008333 0.019444
0 0.786198 0.232870 0.008333 0.019444
0 0.779427 0.235185 0.008333 0.019444
0 0.773177 0.236111 0.008333 0.019444
0 0.766667 0.237963 0.008333 0.019444
0 0.760156 0.238426 0.008333 0.019444
0 0.753906 0.239815 0.008333 0.019444
0 0.747396 0.241204 0.008333 0.019444
0 0.741406 0.243056 0.008333 0.019444
0 0.734896 0.243981 0.008333 0.019444
0 0.728646 0.245370 0.008333 0.019444
0 0.722917 0.246759 0.008333 0.019444
0 0.724479 0.266204 0.008333 0.019444
0 0.730990 0.264815 0.008333 0.019444
0 0.736719 0.263426 0.008333 0.019444
0 0.743229 0.262500 0.008333 0.019444
0 0.749740 0.261111 0.008333 0.019444
0 0.755729 0.259722 0.008333 0.019444
0 0.762500 0.258333 0.008333 0.019444
0 0.768490 0.256944 0.008333 0.019444
0 0.774740 0.255093 0.008333 0.019444
0 0.781250 0.253704 0.008333 0.019444
0 0.787500 0.252778 0.008333 0.019444
0 0.794271 0.250926 0.008333 0.019444
0 0.801042 0.250000 0.008333 0.019444
0 0.802865 0.267593 0.008333 0.019444
0 0.796615 0.269444 0.008333 0.019444
0 0.790104 0.270833 0.008333 0.019444
0 0.783594 0.272685 0.008333 0.019444
0 0.777344 0.273611 0.008333 0.019444
0 0.770833 0.275463 0.008333 0.019444
0 0.764583 0.276389 0.008333 0.019444
0 0.757812 0.277315 0.008333 0.019444
0 0.751563 0.278241 0.008333 0.019444
0 0.745052 0.280093 0.008333 0.019444
0 0.738802 0.281944 0.008333 0.019444
0 0.732552 0.283333 0.008333 0.019444
0 0.726302 0.283796 0.008333 0.019444
0 0.728125 0.303241 0.008333 0.019444
0 0.734115 0.302315 0.008333 0.019444
0 0.740625 0.300926 0.008333 0.019444
0 0.746875 0.299537 0.008333 0.019444
0 0.753125 0.298611 0.008333 0.019444
0 0.759896 0.297685 0.008333 0.019444
0 0.766146 0.295370 0.008333 0.019444
0 0.772396 0.294907 0.008333 0.019444
0 0.779687 0.293056 0.008333 0.019444
0 0.785937 0.291667 0.008333 0.019444
0 0.792188 0.290278 0.008333 0.019444
0 0.798958 0.289352 0.008333 0.019444
0 0.805469 0.287500 0.008333 0.019444
0 0.808073 0.306019 0.008333 0.019444
0 0.800781 0.307870 0.008333 0.019444
0 0.794531 0.309722 0.008333 0.019444
0 0.788021 0.310648 0.008333 0.019444
0 0.781250 0.311574 0.008333 0.019444
0 0.774740 0.312963 0.008333 0.019444
0 0.768229 0.314815 0.008333 0.019444
0 0.761979 0.315741 0.008333 0.019444
0 0.755208 0.317130 0.008333 0.019444
0 0.748958 0.318056 0.008333 0.019444
0 0.742448 0.319444 0.008333 0.019444
0 0.736198 0.320833 0.008333 0.019444
0 0.729688 0.322685 0.008333 0.019444
0 0.731250 0.342130 0.008333 0.019444
0 0.737760 0.340741 0.008333 0.019444
0 0.744792 0.340278 0.008333 0.019444
0 0.750521 0.338426 0.008333 0.019444
0 0.757292 0.337037 0.008333 0.019444
0 0.763802 0.336111 0.008333 0.019444
0 0.770052 0.334259 0.008333 0.019444
0 0.777344 0.333796 0.008333 0.019444
0 0.783073 0.331944 0.008333 0.019444
0 0.789844 0.331019 0.008333 0.019444
0 0.796354 0.329167 0.008333 0.019444
0 0.803125 0.327778 0.008333 0.019444
0 0.809896 0.326389 0.008333 0.019444
0 0.812240 0.345833 0.008333 0.019444
0 0.805729 0.346759 0.008333 0.019444
0 0.799219 0.348148 0.008333 0.019444
0 0.792708 0.349537 0.008333 0.019444
0 0.785937 0.350926 0.008333 0.019444
0 0.778646 0.351389 0.008333 0.019444
0 0.772396 0.353241 0.008333 0.019444
0 0.765885 0.354630 0.008333 0.019444
0 0.759115 0.356019 0.008333 0.019444
0 0.752865 0.357407 0.008333 0.019444
0 0.746354 0.358333 0.008333 0.019444
0 0.739323 0.359259 0.008333 0.019444
0 0.733333 0.361111 0.008333 0.019444
0 0.735156 0.382870 0.008333 0.019444
0 0.741927 0.381481 0.008333 0.019444
0 0.748177 0.380093 0.008333 0.019444
0 0.754948 0.379167 0.008333 0.019444
0 0.761719 0.377315 0.008333 0.019444
0 0.767969 0.376852 0.008333 0.019444
0 0.774740 0.375000 0.008333 0.019444
0 0.781250 0.373611 0.008333 0.019444
0 0.788281 0.372685 0.008333 0.019444
0 0.794792 0.371296 0.008333 0.019444
0 0.801562 0.370370 0.008333 0.019444
0 0.809115 0.368981 0.008333 0.019444
0 0.815365 0.367130 0.008333 0.019444
0 0.817708 0.387500 0.008333 0.019444
0 0.810677 0.388426 0.008333 0.019444
0 0.803906 0.389815 0.008333 0.019444
0 0.797135 0.391204 0.008333 0.019444
0 0.790625 0.392593 0.008333 0.019444
0 0.783594 0.393056 0.008333 0.019444
0 0.776823 0.393981 0.008333 0.019444
0 0.769792 0.395370 0.008333 0.019444
0 0.763542 0.397222 0.008333 0.019444
0 0.756510 0.397685 0.008333 0.019444
0 0.750000 0.399537 0.008333 0.019444
0 0.742708 0.400926 0.008333 0.019444
0 0.736979 0.401852 0.008333 0.019444
0 0.738542 0.424537 0.008333 0.019444
0 0.745313 0.422685 0.008333 0.019444
0 0.752083 0.421759 0.008333 0.019444
0 0.758594 0.420833 0.008333 0.019444
0 0.765625 0.419907 0.008333 0.019444
0 0.772135 0.418056 0.008333 0.019444
0 0.779167 0.416667 0.008333 0.019444
0 0.785677 0.415741 0.008333 0.019444
0 0.792969 0.414352 0.008333 0.019444
0 0.799479 0.413426 0.008333 0.019444
0 0.806250 0.412037 0.008333 0.019444
0 0.813281 0.410648 0.008333 0.019444
0 0.820052 0.409259 0.008333 0.019444
0 0.822656 0.429861 0.008854 0.021759
0 0.815625 0.431713 0.008854 0.021759
0 0.808333 0.433102 0.008854 0.021759
0 0.801562 0.434028 0.008854 0.021759
0 0.794792 0.434491 0.008854 0.021759
0 0.788021 0.436343 0.008854 0.021759
0 0.780990 0.437731 0.008854 0.021759
0 0.774479 0.438194 0.008854 0.021759
0 0.767708 0.440046 0.008854 0.021759
0 0.760677 0.440972 0.008854 0.021759
0 0.753906 0.441898 0.008854 0.021759
0 0.747135 0.443750 0.008854 0.021759
0 0.740625 0.445139 0.008854 0.021759
0 0.742448 0.467824 0.008854 0.021759
0 0.749479 0.466435 0.008854 0.021759
0 0.756250 0.464583 0.008854 0.021759
0 0.763021 0.464120 0.008854 0.021759
0 0.770312 0.461806 0.008854 0.021759
0 0.776823 0.460880 0.008854 0.021759
0 0.783073 0.459491 0.008854 0.021759
0 0.790365 0.459028 0.008854 0.021759
0 0.797135 0.458102 0.008854 0.021759
0 0.804167 0.456713 0.008854 0.021759
0 0.810937 0.455787 0.008854 0.021759
0 0.818229 0.454861 0.008854 0.021759
0 0.825521 0.453472 0.008854 0.021759
0 0.827865 0.474306 0.008854 0.021759
0 0.820573 0.476157 0.008854 0.021759
0 0.813802 0.476620 0.008854 0.021759
0 0.806771 0.477546 0.008854 0.021759
0 0.799740 0.479398 0.008854 0.021759
0 0.792708 0.480324 0.008854 0.021759
0 0.785677 0.480787 0.008854 0.021759
0 0.779167 0.482639 0.008854 0.021759
0 0.772396 0.483565 0.008854 0.021759
0 0.765365 0.484954 0.008854 0.021759
0 0.758073 0.485880 0.008854 0.021759
0 0.751823 0.487269 0.008854 0.021759
0 0.744531 0.487269 0.008854 0.021759
0 0.753385 0.509028 0.008854 0.021759
0 0.760417 0.508565 0.008854 0.021759
0 0.766927 0.507639 0.008854 0.021759
0 0.774219 0.506713 0.008854 0.021759
0 0.780990 0.505787 0.008854 0.021759
0 0.788021 0.504398 0.008854 0.021759
0 0.795052 0.503009 0.008854 0.021759
0 0.802604 0.502546 0.008854 0.021759
0 0.809115 0.500694 0.008854 0.021759
0 0.816406 0.499769 0.008854 0.021759
0 0.823438 0.498843 0.008854 0.021759
0 0.830208 0.497917 0.008854 0.021759
0 0.832812 0.519676 0.008854 0.021759
0 0.826042 0.520602 0.008854 0.021759
0 0.818750 0.521528 0.008854 0.021759
0 0.811458 0.522917 0.008854 0.021759
0 0.804688 0.523380 0.008854 0.021759
0 0.797135 0.524769 0.008854 0.021759
0 0.789844 0.525694 0.008854 0.021759
0 0.783333 0.526157 0.008854 0.021759
0 0.776563 0.528009 0.008854 0.021759
0 0.769271 0.528472 0.008854 0.021759
0 0.762240 0.530787 0.008854 0.021759
0 0.755469 0.531250 0.008854 0.021759
0 0.748698 0.532639 0.008854 0.021759
0 0.750521 0.555787 0.008854 0.021759
0 0.757812 0.554861 0.008854 0.021759
0 0.764583 0.553935 0.008854 0.021759
0 0.771615 0.553009 0.008854 0.021759
0 0.778646 0.552083 0.008854 0.021759
0 0.785677 0.550694 0.008854 0.021759
0 0.792969 0.549769 0.008854 0.021759
0 0.800260 0.547917 0.008854 0.021759
0 0.807031 0.546991 0.008854 0.021759
0 0.814063 0.546065 0.008854 0.021759
0 0.821615 0.545139 0.008854 0.021759
0 0.829167 0.544213 0.008854 0.021759
0 0.836198 0.542361 0.008854 0.021759
0 0.838802 0.565509 0.008854 0.021759
0 0.831510 0.566435 0.008854 0.021759
0 0.823698 0.567824 0.008854 0.021759
0 0.816927 0.568287 0.008854 0.021759
0 0.809375 0.569213 0.008854 0.021759
0 0.802474 0.570370 0.009115 0.023148
0 0.795182 0.571296 0.009115 0.023148
0 0.788151 0.572685 0.009115 0.023148
0 0.780859 0.574537 0.009115 0.023148
0 0.773568 0.575000 0.009115 0.023148
0 0.766276 0.576389 0.009115 0.023148
0 0.759766 0.577315 0.009115 0.023148
0 0.752734 0.578241 0.009115 0.023148
0 0.754818 0.601852 0.009115 0.023148
0 0.761849 0.600926 0.009115 0.023148
0 0.769141 0.599537 0.009115 0.023148
0 0.776172 0.598611 0.009115 0.023148
0 0.783464 0.598611 0.009115 0.023148
0 0.790495 0.597685 0.009115 0.023148
0 0.797786 0.595833 0.009115 0.023148
0 0.804818 0.594444 0.009115 0.023148
0 0.812109 0.593519 0.009115 0.023148
0 0.819661 0.593056 0.009115 0.023148
0 0.826953 0.591667 0.009115 0.023148
0 0.834505 0.591204 0.009115 0.023148
0 0.841536 0.589352 0.009115 0.023148
0 0.844141 0.612500 0.009115 0.023148
0 0.836589 0.612963 0.009115 0.023148
0 0.829036 0.614352 0.009115 0.023148
0 0.821745 0.615741 0.009115 0.023148
0 0.814453 0.616204 0.009115 0.023148
0 0.807422 0.617130 0.009115 0.023148
0 0.799870 0.618519 0.009115 0.023148
0 0.792839 0.619444 0.009115 0.023148
0 0.778776 0.620833 0.009115 0.023148
0 0.785026 0.619907 0.009115 0.023148
0 0.771224 0.622685 0.009115 0.023148
0 0.763932 0.623611 0.009115 0.023148
0 0.756901 0.624537 0.009115 0.023148
0 0.803516 0.175231 0.007552 0.018981
0 0.809245 0.175694 0.007552 0.018981
0 0.814974 0.176157 0.007552 0.018981
0 0.820703 0.177546 0.007552 0.018981
0 0.826172 0.177546 0.007552 0.018981
0 0.831641 0.178935 0.007552 0.018981
0 0.837370 0.179398 0.007552 0.018981
0 0.843099 0.179861 0.007552 0.018981
0 0.848307 0.181250 0.007552 0.018981
0 0.854557 0.182639 0.007552 0.018981
0 0.859766 0.182639 0.007552 0.018981
0 0.865495 0.184028 0.007552 0.018981
0 0.870964 0.184491 0.007552 0.018981
0 0.876693 0.185417 0.007552 0.018981
0 0.881641 0.185880 0.007552 0.018981
0 0.887630 0.186343 0.007552 0.018981
0 0.893099 0.187269 0.007552 0.018981
0 0.898568 0.188194 0.007552 0.018981
0 0.901432 0.205787 0.007552 0.018981
0 0.895443 0.204861 0.007552 0.018981
0 0.890234 0.204398 0.007552 0.018981
0 0.884505 0.203009 0.007552 0.018981
0 0.879036 0.203009 0.007552 0.018981
0 0.873828 0.202546 0.007552 0.018981
0 0.868099 0.201620 0.007552 0.018981
0 0.862109 0.200694 0.007552 0.018981
0 0.856901 0.199769 0.007552 0.018981
0 0.850911 0.199769 0.007552 0.018981
0 0.845443 0.198843 0.007552 0.018981
0 0.839974 0.197454 0.007552 0.018981
0 0.834245 0.196991 0.007552 0.018981
0 0.828516 0.196065 0.007552 0.018981
0 0.823047 0.194676 0.007552 0.018981
0 0.816797 0.194213 0.007552 0.018981
0 0.811589 0.193287 0.007552 0.018981
0 0.805599 0.192824 0.007552 0.018981
0 0.807943 0.211343 0.007552 0.018981
0 0.813932 0.212269 0.007552 0.018981
0 0.819401 0.212731 0.007552 0.018981
0 0.825651 0.213657 0.007552 0.018981
0 0.831380 0.214120 0.007552 0.018981
0 0.836849 0.215046 0.007552 0.018981
0 0.842318 0.216435 0.007552 0.018981
0 0.848047 0.216898 0.007552 0.018981
0 0.854036 0.217361 0.007552 0.018981
0 0.858984 0.217361 0.007552 0.018981
0 0.865234 0.218750 0.007552 0.018981
0 0.870703 0.219213 0.007552 0.018981
0 0.876432 0.220139 0.007552 0.018981
0 0.881901 0.221065 0.007552 0.018981
0 0.887891 0.221991 0.007552 0.018981
0 0.893620 0.223380 0.007552 0.018981
0 0.898828 0.223843 0.007552 0.018981
0 0.904557 0.224769 0.007552 0.018981
0 0.907161 0.242361 0.007552 0.018981
0 0.901693 0.241435 0.007552 0.018981
0 0.895964 0.240972 0.007552 0.018981
0 0.889974 0.240972 0.007552 0.018981
0 0.884505 0.239583 0.007552 0.018981
0 0.878776 0.239120 0.007552 0.018981
0 0.873047 0.238194 0.007552 0.018981
0 0.867578 0.237269 0.007552 0.018981
0 0.861849 0.236343 0.007552 0.018981
0 0.855599 0.235880 0.007552 0.018981
0 0.850391 0.234491 0.007552 0.018981
0 0.844401 0.233565 0.007552 0.018981
0 0.839193 0.233565 0.007552 0.018981
0 0.833464 0.232639 0.007552 0.018981
0 0.827214 0.231713 0.007552 0.018981
0 0.821484 0.231713 0.007552 0.018981
0 0.815755 0.229861 0.007552 0.018981
0 0.810026 0.228935 0.007552 0.018981
0 0.812370 0.248843 0.007552 0.018981
0 0.818359 0.249306 0.007552 0.018981
0 0.824089 0.251157 0.007552 0.018981
0 0.830078 0.251620 0.007552 0.018981
0 0.835547 0.252083 0.007552 0.018981
0 0.841797 0.253472 0.007552 0.018981
0 0.847266 0.253935 0.007552 0.018981
0 0.853255 0.254861 0.007552 0.018981
0 0.858464 0.255324 0.007552 0.018981
0 0.864714 0.256250 0.007552 0.018981
0 0.870443 0.257176 0.007552 0.018981
0 0.876172 0.257176 0.007552 0.018981
0 0.881641 0.258102 0.007552 0.018981
0 0.881120 0.257176 0.007552 0.018981
0 0.887370 0.259028 0.007552 0.018981
0 0.893099 0.259491 0.007552 0.018981
0 0.898828 0.260880 0.007552 0.018981
0 0.904297 0.260880 0.007552 0.018981
0 0.910286 0.261806 0.007552 0.018981
0 0.912891 0.279861 0.007552 0.018981
0 0.907161 0.279861 0.007552 0.018981
0 0.901693 0.279861 0.007552 0.018981
0 0.895703 0.278472 0.007552 0.018981
0 0.890234 0.278009 0.007552 0.018981
0 0.884245 0.277083 0.007552 0.018981
0 0.878516 0.276620 0.007552 0.018981
0 0.873047 0.276157 0.007552 0.018981
0 0.867318 0.274769 0.007552 0.018981
0 0.861328 0.273843 0.007552 0.018981
0 0.855599 0.273380 0.007552 0.018981
0 0.849609 0.272917 0.007552 0.018981
0 0.843880 0.271065 0.007552 0.018981
0 0.838151 0.271065 0.007552 0.018981
0 0.832161 0.269676 0.007552 0.018981
0 0.826172 0.269676 0.007552 0.018981
0 0.820703 0.268287 0.007552 0.018981
0 0.814453 0.267824 0.007552 0.018981
0 0.817318 0.287269 0.007552 0.018981
0 0.823568 0.289120 0.007552 0.018981
0 0.829036 0.289583 0.007552 0.018981
0 0.834766 0.289583 0.007552 0.018981
0 0.840755 0.290972 0.007552 0.018981
0 0.847005 0.291435 0.007552 0.018981
0 0.852734 0.292361 0.007552 0.018981
0 0.858464 0.292824 0.007552 0.018981
0 0.864193 0.293750 0.007552 0.018981
0 0.870182 0.294213 0.007552 0.018981
0 0.875911 0.295139 0.007552 0.018981
0 0.881641 0.295602 0.007552 0.018981
0 0.887630 0.296991 0.007552 0.018981
0 0.893620 0.297454 0.007552 0.018981
0 0.898828 0.297917 0.007552 0.018981
0 0.904557 0.298380 0.007552 0.018981
0 0.910547 0.299306 0.007552 0.018981
0 0.916276 0.299306 0.007552 0.018981
0 0.918880 0.318750 0.007552 0.018981
0 0.913151 0.317824 0.007552 0.018981
0 0.907422 0.316898 0.007552 0.018981
0 0.901693 0.316898 0.007552 0.018981
0 0.895703 0.316435 0.007552 0.018981
0 0.889714 0.315046 0.007552 0.018981
0 0.884245 0.314583 0.007552 0.018981
0 0.878516 0.314120 0.007552 0.018981
0 0.872526 0.313657 0.007552 0.018981
0 0.866797 0.312731 0.007552 0.018981
0 0.861068 0.311806 0.007552 0.018981
0 0.854818 0.310880 0.007552 0.018981
0 0.849609 0.310880 0.007552 0.018981
0 0.843099 0.309954 0.007552 0.018981
0 0.837109 0.309028 0.007552 0.018981
0 0.831380 0.308565 0.007552 0.018981
0 0.825651 0.307639 0.007552 0.018981
0 0.819922 0.307176 0.007552 0.018981
0 0.822526 0.328009 0.007552 0.018981
0 0.828516 0.328935 0.007552 0.018981
0 0.834766 0.329861 0.007552 0.018981
0 0.840234 0.329861 0.007552 0.018981
0 0.846745 0.330324 0.007552 0.018981
0 0.852214 0.331713 0.007552 0.018981
0 0.857943 0.332639 0.007552 0.018981
0 0.863932 0.333102 0.007552 0.018981
0 0.870182 0.333102 0.007552 0.018981
0 0.876172 0.334954 0.007552 0.018981
0 0.881641 0.335880 0.007552 0.018981
0 0.887630 0.335880 0.007552 0.018981
0 0.893359 0.336806 0.007552 0.018981
0 0.899349 0.336806 0.007552 0.018981
0 0.905078 0.337731 0.007552 0.018981
0 0.911328 0.339120 0.007552 0.018981
0 0.916797 0.339120 0.007552 0.018981
0 0.922526 0.340046 0.007552 0.018981
0 0.925651 0.359028 0.007552 0.018981
0 0.919922 0.359028 0.007552 0.018981
0 0.913672 0.358102 0.007552 0.018981
0 0.907682 0.357639 0.007552 0.018981
0 0.901693 0.357176 0.007552 0.018981
0 0.895964 0.356250 0.007552 0.018981
0 0.889974 0.355324 0.007552 0.018981
0 0.884245 0.354398 0.007552 0.018981
0 0.878255 0.353935 0.007552 0.018981
0 0.872786 0.353472 0.007552 0.018981
0 0.866536 0.353009 0.007552 0.018981
0 0.860807 0.351620 0.007552 0.018981
0 0.855078 0.350694 0.007552 0.018981
0 0.848437 0.349769 0.008333 0.019907
0 0.842708 0.349769 0.008333 0.019907
0 0.836719 0.349306 0.008333 0.019907
0 0.830469 0.348380 0.008333 0.019907
0 0.824479 0.347917 0.008333 0.019907
0 0.827083 0.366898 0.008333 0.019907
0 0.833073 0.367824 0.008333 0.019907
0 0.839063 0.368750 0.008333 0.019907
0 0.845313 0.369676 0.008333 0.019907
0 0.851302 0.369676 0.008333 0.019907
0 0.857292 0.370139 0.008333 0.019907
0 0.863281 0.371065 0.008333 0.019907
0 0.869531 0.372454 0.008333 0.019907
0 0.875260 0.372917 0.008333 0.019907
0 0.881250 0.373380 0.008333 0.019907
0 0.887240 0.374306 0.008333 0.019907
0 0.893229 0.374769 0.008333 0.019907
0 0.898958 0.375231 0.008333 0.019907
0 0.904687 0.375694 0.008333 0.019907
0 0.910677 0.376620 0.008333 0.019907
0 0.916667 0.377546 0.008333 0.019907
0 0.922656 0.378009 0.008333 0.019907
0 0.928646 0.378472 0.008333 0.019907
0 0.931510 0.398380 0.008333 0.019907
0 0.925521 0.397917 0.008333 0.019907
0 0.920052 0.397454 0.008333 0.019907
0 0.913542 0.396991 0.008333 0.019907
0 0.907813 0.396065 0.008333 0.019907
0 0.901823 0.395139 0.008333 0.019907
0 0.895833 0.394676 0.008333 0.019907
0 0.890104 0.394213 0.008333 0.019907
0 0.884115 0.393287 0.008333 0.019907
0 0.878125 0.392361 0.008333 0.019907
0 0.871875 0.391898 0.008333 0.019907
0 0.865625 0.390972 0.008333 0.019907
0 0.859896 0.390509 0.008333 0.019907
0 0.853646 0.389583 0.008333 0.019907
0 0.847656 0.389120 0.008333 0.019907
0 0.841406 0.388194 0.008333 0.019907
0 0.835677 0.387269 0.008333 0.019907
0 0.829427 0.386806 0.008333 0.019907
0 0.832031 0.409491 0.008333 0.019907
0 0.837760 0.409491 0.008333 0.019907
0 0.844010 0.410417 0.008333 0.019907
0 0.850260 0.410880 0.008333 0.019907
0 0.856250 0.411343 0.008333 0.019907
0 0.862240 0.411806 0.008333 0.019907
0 0.869010 0.412731 0.008333 0.019907
0 0.874740 0.413657 0.008333 0.019907
0 0.880729 0.414120 0.008333 0.019907
0 0.886979 0.415509 0.008333 0.019907
0 0.892969 0.415972 0.008333 0.019907
0 0.898958 0.416435 0.008333 0.019907
0 0.905208 0.417361 0.008333 0.019907
0 0.910937 0.417824 0.008333 0.019907
0 0.916927 0.417824 0.008333 0.019907
0 0.922917 0.418750 0.008333 0.019907
0 0.928906 0.419676 0.008333 0.019907
0 0.935156 0.419676 0.008333 0.019907
0 0.938021 0.439583 0.008333 0.019907
0 0.941667 0.462269 0.008333 0.019907
0 0.931771 0.439120 0.008333 0.019907
0 0.926042 0.439583 0.008333 0.019907
0 0.919792 0.439120 0.008333 0.019907
0 0.913802 0.437269 0.008333 0.019907
0 0.908073 0.437269 0.008333 0.019907
0 0.902083 0.436343 0.008333 0.019907
0 0.895833 0.436343 0.008333 0.019907
0 0.889844 0.435417 0.008333 0.019907
0 0.883073 0.434491 0.008333 0.019907
0 0.877865 0.433565 0.008333 0.019907
0 0.871354 0.433102 0.008333 0.019907
0 0.865104 0.432639 0.008333 0.019907
0 0.858854 0.431250 0.008333 0.019907
0 0.852604 0.430787 0.008333 0.019907
0 0.846354 0.430324 0.008333 0.019907
0 0.840625 0.430324 0.008333 0.019907
0 0.834375 0.429398 0.008333 0.019907
0 0.836979 0.453009 0.008854 0.021759
0 0.843229 0.453472 0.008854 0.021759
0 0.849479 0.453009 0.008854 0.021759
0 0.855729 0.453935 0.008854 0.021759
0 0.862240 0.454861 0.008854 0.021759
0 0.868229 0.455324 0.008854 0.021759
0 0.874219 0.455324 0.008854 0.021759
0 0.880469 0.456250 0.008854 0.021759
0 0.886719 0.457639 0.008854 0.021759
0 0.892969 0.458102 0.008854 0.021759
0 0.899219 0.459028 0.008854 0.021759
0 0.904948 0.459028 0.008854 0.021759
0 0.911458 0.460417 0.008854 0.021759
0 0.917448 0.459954 0.008854 0.021759
0 0.923438 0.460880 0.008854 0.021759
0 0.929688 0.461806 0.008854 0.021759
0 0.935937 0.461806 0.008854 0.021759
0 0.945182 0.483796 0.009635 0.022222
0 0.939193 0.483333 0.009635 0.022222
0 0.933464 0.483333 0.009635 0.022222
0 0.927214 0.481944 0.009635 0.022222
0 0.920964 0.481944 0.009635 0.022222
0 0.914714 0.481481 0.009635 0.022222
0 0.908724 0.481019 0.009635 0.022222
0 0.902474 0.480556 0.009635 0.022222
0 0.896224 0.480093 0.009635 0.022222
0 0.890234 0.478704 0.009635 0.022222
0 0.883984 0.478241 0.009635 0.022222
0 0.877734 0.477315 0.009635 0.022222
0 0.871745 0.477315 0.009635 0.022222
0 0.865234 0.476389 0.009635 0.022222
0 0.859245 0.475926 0.009635 0.022222
0 0.852995 0.475463 0.009635 0.022222
0 0.846484 0.475000 0.009635 0.022222
0 0.840495 0.474074 0.009635 0.022222
0 0.842318 0.497222 0.009635 0.022222
0 0.848828 0.496759 0.009635 0.022222
0 0.855078 0.497222 0.009635 0.022222
0 0.861068 0.498611 0.009635 0.022222
0 0.868099 0.499074 0.009635 0.022222
0 0.874089 0.498611 0.009635 0.022222
0 0.880339 0.500000 0.009635 0.022222
0 0.886328 0.500000 0.009635 0.022222
0 0.892839 0.500463 0.009635 0.022222
0 0.899349 0.501852 0.009635 0.022222
0 0.905599 0.502778 0.009635 0.022222
0 0.911589 0.502778 0.009635 0.022222
0 0.917839 0.503241 0.009635 0.022222
0 0.924089 0.503704 0.009635 0.022222
0 0.930078 0.504167 0.009635 0.022222
0 0.935807 0.504630 0.009635 0.022222
0 0.942578 0.506481 0.009635 0.022222
0 0.948828 0.506019 0.009635 0.022222
0 0.951953 0.528241 0.009635 0.022222
0 0.944922 0.527315 0.009635 0.022222
0 0.939193 0.525926 0.009635 0.022222
0 0.933464 0.526389 0.009635 0.022222
0 0.927214 0.525463 0.009635 0.022222
0 0.920703 0.525463 0.009635 0.022222
0 0.914974 0.524537 0.009635 0.022222
0 0.909245 0.524074 0.009635 0.022222
0 0.902734 0.524074 0.009635 0.022222
0 0.896224 0.523148 0.009635 0.022222
0 0.890234 0.521759 0.009635 0.022222
0 0.883724 0.521759 0.009635 0.022222
0 0.877995 0.521296 0.009635 0.022222
0 0.871484 0.521296 0.009635 0.022222
0 0.864714 0.520370 0.009635 0.022222
0 0.858724 0.519907 0.009635 0.022222
0 0.851953 0.518519 0.009635 0.022222
0 0.845964 0.517593 0.009635 0.022222
0 0.848568 0.542130 0.009635 0.022222
0 0.855078 0.542593 0.009635 0.022222
0 0.861328 0.543056 0.009635 0.022222
0 0.867839 0.543519 0.009635 0.022222
0 0.873828 0.543981 0.009635 0.022222
0 0.880859 0.544444 0.009635 0.022222
0 0.886849 0.545370 0.009635 0.022222
0 0.893359 0.545370 0.009635 0.022222
0 0.899349 0.545833 0.009635 0.022222
0 0.905859 0.547222 0.009635 0.022222
0 0.912109 0.548148 0.009635 0.022222
0 0.918359 0.547685 0.009635 0.022222
0 0.924609 0.548611 0.009635 0.022222
0 0.930859 0.549074 0.009635 0.022222
0 0.937109 0.549074 0.009635 0.022222
0 0.943099 0.549537 0.009635 0.022222
0 0.948828 0.550000 0.009635 0.022222
0 0.955339 0.551389 0.009635 0.022222
0 0.959245 0.574074 0.009635 0.022222
0 0.952734 0.572685 0.009635 0.022222
0 0.946484 0.571759 0.009635 0.022222
0 0.940495 0.571296 0.009635 0.022222
0 0.934245 0.571296 0.009635 0.022222
0 0.927995 0.570370 0.009635 0.022222
0 0.921484 0.569444 0.009635 0.022222
0 0.915234 0.569444 0.009635 0.022222
0 0.908984 0.568981 0.009635 0.022222
0 0.902474 0.568056 0.009635 0.022222
0 0.895964 0.568056 0.009635 0.022222
0 0.889714 0.567593 0.009635 0.022222
0 0.883984 0.566667 0.009635 0.022222
0 0.876953 0.565741 0.009635 0.022222
0 0.870703 0.565741 0.009635 0.022222
0 0.863932 0.565278 0.009635 0.022222
0 0.857682 0.564815 0.009635 0.022222
0 0.851432 0.563889 0.009635 0.022222
0 0.854297 0.589352 0.009635 0.022222
0 0.861068 0.589815 0.009635 0.022222
0 0.867578 0.590741 0.009635 0.022222
0 0.873568 0.591204 0.009635 0.022222
0 0.879818 0.591667 0.009635 0.022222
0 0.886589 0.592130 0.009635 0.022222
0 0.892839 0.592593 0.009635 0.022222
0 0.899349 0.593056 0.009635 0.022222
0 0.905339 0.593519 0.009635 0.022222
0 0.911849 0.593981 0.009635 0.022222
0 0.918359 0.594907 0.009635 0.022222
0 0.925130 0.595370 0.009635 0.022222
0 0.931380 0.595370 0.009635 0.022222
0 0.937109 0.595833 0.009635 0.022222
0 0.943620 0.596296 0.009635 0.022222
0 0.949870 0.596759 0.009635 0.022222
0 0.956641 0.597222 0.009635 0.022222
0 0.962630 0.597685 0.009635 0.022222
0 0.966016 0.620370 0.009635 0.022222
0 0.959505 0.619907 0.009635 0.022222
0 0.953255 0.619907 0.009635 0.022222
0 0.947005 0.618981 0.009635 0.022222
0 0.941016 0.618981 0.009635 0.022222
0 0.934505 0.618056 0.009635 0.022222
0 0.928255 0.617593 0.009635 0.022222
0 0.921484 0.617593 0.009635 0.022222
0 0.915495 0.616667 0.009635 0.022222
0 0.908984 0.615741 0.009635 0.022222
0 0.902474 0.616204 0.009635 0.022222
0 0.889844 0.614583 0.009896 0.023611
0 0.895703 0.614815 0.009635 0.022222
0 0.883594 0.614583 0.009896 0.023611
0 0.876823 0.614120 0.009896 0.023611
0 0.870313 0.613194 0.009896 0.023611
0 0.863802 0.612731 0.009896 0.023611
0 0.857292 0.612731 0.009896 0.023611
