0 0.522396 0.652778 0.073958 0.187963
0 0.455208 0.645139 0.071354 0.193981
0 0.384635 0.636111 0.076563 0.194444
0 0.311849 0.629398 0.086719 0.201389
0 0.325911 0.460185 0.076302 0.165741
0 0.388151 0.470370 0.076302 0.165741
0 0.450391 0.479167 0.076302 0.165741
0 0.507161 0.488657 0.075781 0.150463
0 0.504036 0.346759 0.065365 0.141667
0 0.448568 0.337500 0.065365 0.141667
0 0.394661 0.326389 0.065365 0.141667
0 0.337240 0.314583 0.069271 0.140278
0 0.347005 0.206250 0.065365 0.115278
0 0.398307 0.216435 0.065365 0.115278
0 0.448177 0.226157 0.056250 0.115278
0 0.498437 0.240509 0.056250 0.115278
0 0.688542 0.695602 0.093750 0.194907
0 0.622917 0.687731 0.093750 0.194907
0 0.604688 0.518287 0.083854 0.170833
0 0.660417 0.526157 0.083854 0.170833
0 0.642578 0.395370 0.073698 0.146296
0 0.589844 0.386574 0.071354 0.145370
0 0.870703 0.677546 0.103385 0.182870
0 0.812500 0.669213 0.099479 0.184722
0 0.756641 0.663426 0.091927 0.183333
0 0.828125 0.519444 0.086458 0.151852
0 0.775781 0.511574 0.086458 0.151852
0 0.724219 0.501620 0.083333 0.155093
