0 0.608464 0.730093 0.068490 0.155556
0 0.556641 0.736574 0.068490 0.155556
0 0.503255 0.743519 0.068490 0.155556
0 0.447266 0.746528 0.064323 0.159722
0 0.593880 0.590278 0.064844 0.131481
0 0.543620 0.592593 0.064844 0.131481
0 0.498177 0.596296 0.056771 0.131481
0 0.448568 0.600926 0.054427 0.131481
0 0.448177 0.477083 0.053125 0.122685
0 0.493229 0.471991 0.053125 0.122685
0 0.537500 0.468750 0.053125 0.122685
0 0.581510 0.465046 0.056250 0.115278
0 0.569141 0.368519 0.055990 0.101852
0 0.530469 0.372917 0.051042 0.099537
0 0.488802 0.373380 0.051042 0.099537
0 0.446094 0.377083 0.051042 0.099537
0 0.373568 0.583796 0.054948 0.129630
0 0.326042 0.587037 0.060937 0.136111
0 0.379818 0.468287 0.052865 0.113426
0 0.384375 0.368287 0.047917 0.106019
0 0.344010 0.371065 0.047917 0.106019
0 0.336198 0.473380 0.055208 0.118981
0 0.275651 0.506481 0.059115 0.122222
0 0.229687 0.509259 0.064062 0.120370
0 0.288151 0.399537 0.056510 0.109259
0 0.247005 0.401157 0.058594 0.107870
0 0.204687 0.403704 0.061458 0.103704
0 0.185026 0.510648 0.067448 0.123148
