0 0.522656 0.739352 0.070312 0.185185
0 0.465104 0.745370 0.070312 0.185185
0 0.403125 0.752083 0.069792 0.192130
0 0.346615 0.757176 0.069792 0.192130
0 0.353906 0.581481 0.064583 0.165741
0 0.408594 0.575926 0.064062 0.168519
0 0.462240 0.573380 0.059896 0.165278
0 0.516927 0.567361 0.059896 0.165278
0 0.509635 0.412269 0.061979 0.148611
0 0.460156 0.418287 0.061979 0.148611
0 0.410286 0.425000 0.056510 0.149074
0 0.361328 0.426389 0.058594 0.153704
0 0.505729 0.291667 0.059896 0.131481
0 0.455990 0.293981 0.055208 0.134259
0 0.411198 0.294676 0.052604 0.135648
0 0.364323 0.297454 0.052604 0.135648
0 0.272266 0.556944 0.070052 0.166667
0 0.283594 0.418519 0.067187 0.144444
0 0.293750 0.292361 0.059896 0.128241
0 0.249219 0.296991 0.061458 0.128241
0 0.186849 0.325926 0.066406 0.128704
0 0.166667 0.461806 0.071875 0.150463
0 0.118620 0.466204 0.078906 0.143519
0 0.139323 0.334028 0.077083 0.135648
0 0.093490 0.334722 0.072396 0.132407
0 0.066536 0.468287 0.079427 0.151389
0 0.233594 0.419907 0.067187 0.144444
0 0.216276 0.565741 0.066927 0.151852
