0 0.418490 0.649537 0.085938 0.074074
0 0.337760 0.654167 0.085938 0.074074
0 0.259896 0.656944 0.085938 0.074074
0 0.180469 0.663889 0.085938 0.074074
0 0.182552 0.601852 0.085938 0.074074
0 0.262240 0.593981 0.085938 0.074074
0 0.337240 0.589352 0.085938 0.074074
0 0.410156 0.579167 0.085938 0.074074
0 0.413411 0.520139 0.083073 0.077315
0 0.339193 0.528472 0.083073 0.077315
0 0.261328 0.534491 0.083073 0.077315
0 0.189193 0.540509 0.083073 0.077315
0 0.189583 0.481713 0.079687 0.074537
0 0.265104 0.480787 0.079687 0.074537
0 0.338281 0.476157 0.079687 0.074537
0 0.406771 0.472917 0.079687 0.074537
0 0.415365 0.388657 0.079687 0.074537
0 0.347135 0.387731 0.079687 0.074537
0 0.276823 0.390046 0.079687 0.074537
0 0.280078 0.337731 0.077344 0.073611
0 0.347526 0.337269 0.075781 0.069907
0 0.415234 0.336806 0.076823 0.068981
0 0.397135 0.278935 0.072917 0.064352
0 0.330729 0.274769 0.072917 0.064352
0 0.330729 0.224306 0.072917 0.064352
0 0.400000 0.228935 0.072917 0.064352
0 0.396875 0.179398 0.072917 0.064352
0 0.329948 0.178472 0.072917 0.064352
