0 0.466927 0.750694 0.072396 0.075463
0 0.392188 0.744213 0.072396 0.075463
0 0.321354 0.734028 0.072396 0.075463
0 0.249089 0.723380 0.080990 0.081019
0 0.466927 0.690509 0.072396 0.075463
0 0.400781 0.678935 0.072396 0.075463
0 0.327865 0.671528 0.072396 0.075463
0 0.256250 0.663194 0.077604 0.073611
0 0.261458 0.609954 0.077604 0.073611
0 0.331510 0.617361 0.077604 0.073611
0 0.401042 0.627546 0.077604 0.073611
0 0.465104 0.633565 0.077604 0.073611
0 0.472656 0.585880 0.076563 0.063426
0 0.405859 0.578009 0.074740 0.066204
0 0.339193 0.566898 0.074740 0.066204
0 0.266797 0.554630 0.074219 0.069444
0 0.481510 0.507870 0.068229 0.062037
0 0.418750 0.498380 0.071354 0.074537
0 0.356771 0.488657 0.071354 0.074537
0 0.362370 0.440509 0.068490 0.068981
0 0.422266 0.453009 0.068490 0.068981
0 0.483724 0.464120 0.068490 0.068981
0 0.471615 0.406019 0.069271 0.060185
0 0.474219 0.366204 0.069271 0.060185
0 0.409115 0.393056 0.069271 0.060185
0 0.411719 0.352778 0.069271 0.060185
0 0.414062 0.311111 0.069271 0.060185
0 0.475260 0.323148 0.069271 0.060185
