0 0.478646 0.327315 0.052604 0.133333
0 0.431250 0.322685 0.052604 0.133333
0 0.379427 0.316435 0.055729 0.132870
0 0.330990 0.306713 0.060417 0.136574
0 0.480859 0.463194 0.055469 0.150463
0 0.429036 0.456019 0.054427 0.155556
0 0.376823 0.450463 0.057813 0.152778
0 0.323828 0.441667 0.066927 0.161111
0 0.482682 0.620602 0.065885 0.174537
0 0.427734 0.620602 0.065885 0.174537
0 0.371224 0.616435 0.065885 0.174537
0 0.313542 0.610417 0.075000 0.179167
0 0.488411 0.808565 0.074219 0.205093
0 0.429557 0.806713 0.074219 0.205093
0 0.362370 0.803009 0.074219 0.205093
0 0.302083 0.801157 0.080729 0.211574
0 0.611719 0.500694 0.063021 0.149537
0 0.562500 0.497454 0.063021 0.149537
0 0.624219 0.654398 0.075000 0.175463
0 0.571354 0.651157 0.075000 0.175463
0 0.641536 0.834722 0.077344 0.203704
0 0.584245 0.831481 0.077344 0.203704
0 0.813542 0.799306 0.081250 0.186574
0 0.760677 0.796296 0.080208 0.196296
0 0.705990 0.793981 0.077604 0.192593
0 0.784635 0.623148 0.077083 0.169444
0 0.736198 0.621759 0.076563 0.167593
0 0.685417 0.615046 0.072917 0.169907
