0 0.491276 0.730787 0.087760 0.088426
0 0.400391 0.717824 0.094010 0.089352
0 0.306380 0.702083 0.099740 0.090278
0 0.211198 0.682639 0.104167 0.089352
0 0.223828 0.614815 0.101823 0.083333
0 0.315365 0.632870 0.095312 0.080556
0 0.408594 0.648148 0.095312 0.080556
0 0.493490 0.666898 0.086458 0.087500
0 0.495573 0.603935 0.081771 0.081944
0 0.497786 0.547454 0.080469 0.072685
0 0.412240 0.587037 0.088542 0.083333
0 0.418750 0.530787 0.089063 0.074537
0 0.325911 0.573148 0.095052 0.078704
0 0.236849 0.556713 0.098177 0.084722
0 0.246615 0.498148 0.092708 0.071296
0 0.333333 0.515278 0.091146 0.074074
0 0.508724 0.465972 0.076302 0.074537
0 0.433854 0.448148 0.082292 0.070370
0 0.357943 0.433796 0.084115 0.071296
0 0.365495 0.385417 0.085677 0.066204
0 0.437760 0.400463 0.082292 0.066667
0 0.510156 0.417361 0.076563 0.070833
0 0.495573 0.356944 0.076042 0.059259
0 0.423828 0.340509 0.074219 0.065278
0 0.427734 0.299306 0.074219 0.065278
0 0.499870 0.312731 0.074219 0.065278
0 0.501563 0.276389 0.075000 0.059259
0 0.430208 0.260648 0.073438 0.061111
