0 0.517969 0.701852 0.091146 0.073148
0 0.428906 0.704630 0.093750 0.081481
0 0.333073 0.705787 0.095833 0.081019
0 0.239063 0.704861 0.102604 0.083796
0 0.244401 0.636343 0.099740 0.087500
0 0.337109 0.638194 0.091927 0.079167
0 0.427214 0.636343 0.091927 0.079167
0 0.513151 0.634028 0.091927 0.079167
0 0.511328 0.576389 0.089323 0.071296
0 0.427474 0.576852 0.089323 0.071296
0 0.341016 0.575926 0.089323 0.071296
0 0.250521 0.572685 0.096354 0.074074
0 0.254167 0.512500 0.096354 0.074074
0 0.342578 0.518056 0.086198 0.068519
0 0.426953 0.517593 0.086198 0.068519
0 0.506641 0.521296 0.086198 0.068519
0 0.511068 0.442130 0.080990 0.062963
0 0.436328 0.439352 0.080990 0.062963
0 0.360026 0.437963 0.083594 0.070370
0 0.363542 0.387731 0.079687 0.064352
0 0.436458 0.390509 0.079687 0.064352
0 0.508594 0.396991 0.077604 0.056019
0 0.490365 0.336806 0.072917 0.059722
0 0.416927 0.334028 0.076563 0.065278
0 0.488542 0.298148 0.074479 0.056481
0 0.417448 0.293056 0.074479 0.056481
0 0.418490 0.252315 0.069792 0.056481
0 0.486979 0.260648 0.069792 0.056481
