0 0.401432 0.505556 0.055469 0.089815
0 0.402214 0.554861 0.055469 0.094907
0 0.402604 0.607176 0.056771 0.099537
0 0.403906 0.663657 0.059896 0.100463
0 0.456510 0.463194 0.058854 0.092130
0 0.458073 0.512269 0.061458 0.095833
0 0.460677 0.565972 0.065625 0.100463
0 0.462500 0.620139 0.065625 0.100463
0 0.576953 0.440741 0.063802 0.076852
0 0.581771 0.489120 0.065625 0.079167
0 0.584896 0.540509 0.067187 0.081019
0 0.590104 0.595833 0.069271 0.082407
0 0.633203 0.466435 0.061198 0.074537
0 0.638542 0.513194 0.064062 0.078241
0 0.644010 0.564352 0.065104 0.080556
0 0.649870 0.619213 0.066927 0.081019
