0 0.405208 0.585880 0.061979 0.097685
0 0.404687 0.644213 0.062500 0.105093
0 0.405729 0.708565 0.063542 0.105093
0 0.406380 0.776389 0.064844 0.107407
0 0.466146 0.546759 0.065625 0.101852
0 0.468099 0.606944 0.065885 0.105556
0 0.470833 0.672685 0.069271 0.109259
0 0.472786 0.740509 0.072135 0.109722
0 0.601042 0.523148 0.068750 0.087037
0 0.605339 0.582639 0.071615 0.089352
0 0.609635 0.648611 0.073958 0.088889
0 0.614453 0.716435 0.075781 0.091204
0 0.663151 0.546991 0.066406 0.083796
0 0.668229 0.605787 0.068750 0.084722
0 0.674349 0.668519 0.070052 0.086111
0 0.680990 0.735648 0.071875 0.087037
