0 0.480469 0.409028 0.030208 0.037500
0 0.482422 0.445833 0.033073 0.045370
0 0.510156 0.407639 0.033333 0.039352
0 0.513411 0.443519 0.035677 0.044444
0 0.545443 0.439815 0.037760 0.045370
0 0.540104 0.404861 0.036458 0.041204
0 0.569271 0.400694 0.035417 0.037500
0 0.576953 0.438194 0.040365 0.043981
0 0.486719 0.603935 0.036458 0.119907
0 0.520703 0.602083 0.037240 0.120833
0 0.555469 0.601852 0.039062 0.121296
0 0.590885 0.600926 0.039062 0.121296
0 0.486849 0.725926 0.037760 0.125926
0 0.522786 0.726389 0.037760 0.125926
0 0.558724 0.722685 0.037760 0.125926
0 0.592839 0.722685 0.037760 0.125926
