0 0.256641 0.530093 0.057031 0.063889
0 0.245443 0.580787 0.058073 0.067130
0 0.233464 0.635185 0.059635 0.066667
0 0.220703 0.693056 0.059635 0.066667
0 0.303255 0.516435 0.060156 0.067130
0 0.292187 0.570833 0.061979 0.070370
0 0.280469 0.626852 0.063021 0.070370
0 0.268359 0.685417 0.064323 0.069907
0 0.422135 0.547222 0.071875 0.100926
0 0.412760 0.602083 0.075521 0.104167
0 0.402474 0.657639 0.077865 0.107870
0 0.390755 0.719676 0.080990 0.108796
0 0.482552 0.592824 0.067708 0.096759
0 0.474479 0.646065 0.068750 0.103241
0 0.466016 0.703704 0.070052 0.103704
0 0.456250 0.763889 0.074479 0.105556
