0 0.363411 0.434954 0.040365 0.028241
0 0.352734 0.460648 0.044010 0.032407
0 0.392578 0.433333 0.037240 0.026852
0 0.423698 0.433102 0.035417 0.028241
0 0.453385 0.431481 0.032813 0.026852
0 0.385286 0.461574 0.042448 0.032407
0 0.417708 0.460880 0.040104 0.033796
0 0.450391 0.459259 0.035156 0.033333
0 0.338021 0.609028 0.043750 0.127315
0 0.375260 0.609722 0.042708 0.124074
0 0.412109 0.609028 0.042448 0.124537
0 0.447786 0.611806 0.038281 0.126389
0 0.333333 0.734028 0.045312 0.130093
0 0.370573 0.735880 0.045312 0.130093
0 0.407682 0.737269 0.044010 0.129167
0 0.443880 0.737731 0.041927 0.132870
