0 0.478906 0.255324 0.031250 0.039352
0 0.480208 0.291898 0.033333 0.045833
0 0.508464 0.251852 0.033073 0.038889
0 0.511328 0.288657 0.035677 0.043981
0 0.537500 0.250231 0.035417 0.039352
0 0.542448 0.285417 0.038542 0.043056
0 0.566406 0.246991 0.035417 0.039352
0 0.574089 0.281944 0.039323 0.042593
0 0.486719 0.446296 0.037500 0.115741
0 0.486458 0.560880 0.038542 0.119907
0 0.520312 0.444213 0.035937 0.116204
0 0.553255 0.443519 0.036719 0.116667
0 0.586849 0.442361 0.035677 0.118056
0 0.521094 0.560417 0.036979 0.119907
0 0.555208 0.559491 0.036979 0.119907
0 0.588932 0.557639 0.035677 0.119907
