0 0.566927 0.457176 0.101562 0.071759
0 0.566406 0.518750 0.101562 0.071759
0 0.563281 0.579398 0.101562 0.071759
0 0.467708 0.580787 0.101562 0.071759
0 0.474479 0.520602 0.101562 0.071759
0 0.480469 0.466435 0.101562 0.071759
0 0.395313 0.465509 0.101562 0.071759
0 0.386198 0.525694 0.101562 0.071759
0 0.373177 0.584028 0.101562 0.071759
0 0.361458 0.647917 0.101562 0.071759
0 0.351302 0.721065 0.101562 0.071759
0 0.260937 0.715509 0.101562 0.071759
0 0.269531 0.642824 0.101562 0.071759
0 0.286458 0.582639 0.101562 0.071759
0 0.301042 0.521528 0.101562 0.071759
0 0.312760 0.466435 0.101562 0.071759
