0 0.468359 0.757639 0.115365 0.086574
0 0.476432 0.681250 0.115365 0.086574
0 0.480339 0.620139 0.115365 0.086574
0 0.488932 0.555787 0.115365 0.086574
0 0.489714 0.496065 0.115365 0.086574
0 0.573047 0.490509 0.115365 0.086574
0 0.581120 0.549306 0.115365 0.086574
0 0.581380 0.619213 0.115365 0.086574
0 0.576953 0.687731 0.115365 0.086574
0 0.573828 0.761806 0.115365 0.086574
0 0.676693 0.612731 0.115365 0.086574
0 0.677474 0.549306 0.115365 0.086574
0 0.673828 0.488194 0.115365 0.086574
0 0.770182 0.482639 0.115365 0.086574
0 0.772266 0.547454 0.115365 0.086574
0 0.787370 0.620602 0.115365 0.086574
