0 0.468359 0.604861 0.123177 0.100463
0 0.481641 0.527546 0.123177 0.100463
0 0.477995 0.477083 0.123177 0.100463
0 0.481901 0.409028 0.123177 0.100463
0 0.481380 0.342361 0.123177 0.100463
0 0.574609 0.330787 0.123177 0.100463
0 0.576172 0.405324 0.123177 0.100463
0 0.572266 0.466898 0.123177 0.100463
0 0.577734 0.517824 0.123177 0.100463
0 0.575130 0.608565 0.123177 0.100463
0 0.674349 0.452546 0.123177 0.100463
0 0.676953 0.383102 0.123177 0.100463
0 0.676432 0.331250 0.123177 0.100463
0 0.770964 0.312731 0.123177 0.100463
0 0.777474 0.371991 0.123177 0.100463
0 0.786849 0.446528 0.123177 0.100463
