0 0.501693 0.597917 0.099740 0.080093
0 0.504297 0.531250 0.099740 0.080093
0 0.507682 0.474769 0.099740 0.080093
0 0.513672 0.413657 0.099740 0.080093
0 0.515234 0.371065 0.099740 0.080093
0 0.592839 0.362269 0.099740 0.080093
0 0.594401 0.414583 0.099740 0.080093
0 0.595182 0.469213 0.099740 0.080093
0 0.593359 0.535417 0.099740 0.080093
0 0.592057 0.601620 0.099740 0.080093
0 0.676172 0.471065 0.099740 0.080093
0 0.680339 0.407639 0.099740 0.080093
0 0.679036 0.358102 0.099740 0.080093
0 0.757422 0.354861 0.099740 0.080093
0 0.761328 0.410417 0.099740 0.080093
0 0.766797 0.473380 0.099740 0.080093
