0 0.902604 0.575231 0.070833 0.048611
0 0.894792 0.534954 0.070833 0.048611
0 0.886458 0.490046 0.070833 0.048611
0 0.880208 0.455787 0.070833 0.048611
0 0.874479 0.417824 0.070833 0.048611
0 0.866146 0.384491 0.070833 0.048611
0 0.803125 0.377546 0.070833 0.048611
0 0.807813 0.411343 0.070833 0.048611
0 0.807292 0.446065 0.070833 0.048611
0 0.813281 0.483565 0.070833 0.048611
0 0.819792 0.525231 0.070833 0.048611
0 0.830469 0.569676 0.070833 0.048611
0 0.773177 0.566435 0.070833 0.048611
0 0.704948 0.563194 0.070833 0.048611
0 0.764583 0.524306 0.070833 0.048611
0 0.698177 0.521991 0.070833 0.048611
0 0.697656 0.479398 0.070833 0.048611
0 0.756510 0.480787 0.070833 0.048611
0 0.754687 0.448380 0.070833 0.048611
0 0.696875 0.444213 0.070833 0.048611
0 0.692448 0.408565 0.070833 0.048611
0 0.744792 0.414583 0.070833 0.048611
0 0.746094 0.378935 0.070833 0.048611
0 0.690885 0.376620 0.070833 0.048611
0 0.613021 0.311806 0.059375 0.038426
0 0.613802 0.339583 0.059375 0.038426
0 0.610677 0.370139 0.059375 0.038426
0 0.615365 0.403009 0.059375 0.038426
0 0.616146 0.429861 0.059375 0.038426
0 0.619010 0.464583 0.059375 0.038426
0 0.618490 0.498380 0.059375 0.038426
0 0.619271 0.532176 0.059375 0.038426
0 0.562760 0.491898 0.059375 0.038426
0 0.510156 0.484954 0.059375 0.038426
0 0.513542 0.453009 0.059375 0.038426
0 0.559896 0.457639 0.059375 0.038426
0 0.560677 0.428009 0.059375 0.038426
0 0.513281 0.424769 0.059375 0.038426
0 0.509635 0.337269 0.059375 0.038426
0 0.560417 0.396991 0.059375 0.038426
0 0.555469 0.371065 0.059375 0.038426
0 0.560937 0.344676 0.059375 0.038426
0 0.560417 0.321991 0.059375 0.038426
0 0.562760 0.293287 0.059375 0.038426
0 0.517969 0.288657 0.059375 0.038426
0 0.517969 0.315509 0.059375 0.038426
0 0.509115 0.363194 0.059375 0.038426
0 0.503906 0.395139 0.059375 0.038426
