0 0.364844 0.410417 0.025521 0.055093
0 0.344271 0.414120 0.025521 0.055093
0 0.322917 0.415509 0.025521 0.055093
0 0.302604 0.417361 0.025521 0.055093
0 0.306510 0.368750 0.025521 0.055093
0 0.326562 0.367361 0.025521 0.055093
0 0.346354 0.365046 0.025521 0.055093
0 0.366667 0.362731 0.025521 0.055093
0 0.369010 0.315509 0.025521 0.055093
0 0.350000 0.316435 0.025521 0.055093
0 0.330208 0.318287 0.025521 0.055093
0 0.310937 0.320139 0.025521 0.055093
0 0.348698 0.644676 0.040104 0.043981
0 0.350521 0.608102 0.040104 0.043981
0 0.352865 0.571991 0.040104 0.043981
0 0.354167 0.537269 0.040104 0.043981
0 0.356510 0.503935 0.040104 0.043981
0 0.358594 0.470602 0.040104 0.043981
0 0.422786 0.371991 0.032031 0.034722
0 0.424089 0.343287 0.032031 0.034722
0 0.424609 0.316898 0.032031 0.034722
0 0.425130 0.289120 0.032031 0.034722
0 0.426432 0.264120 0.032031 0.034722
0 0.427734 0.238657 0.032031 0.034722
0 0.456120 0.232176 0.032031 0.034722
0 0.455339 0.256713 0.032031 0.034722
0 0.454297 0.283102 0.032031 0.034722
0 0.453776 0.310417 0.032031 0.034722
0 0.454036 0.336806 0.032031 0.034722
0 0.453776 0.366435 0.032031 0.034722
0 0.483724 0.360880 0.032031 0.034722
0 0.484245 0.332176 0.032031 0.034722
0 0.483464 0.303472 0.032031 0.034722
0 0.483984 0.278009 0.032031 0.034722
0 0.484245 0.252083 0.032031 0.034722
0 0.484766 0.227083 0.032031 0.034722
0 0.458594 0.509954 0.034375 0.031944
0 0.458073 0.539120 0.034375 0.031944
0 0.457552 0.567361 0.034375 0.031944
0 0.456771 0.596528 0.034375 0.031944
0 0.455729 0.626620 0.034375 0.031944
0 0.455599 0.659954 0.037760 0.033796
0 0.454818 0.717361 0.038281 0.044907
0 0.453255 0.758102 0.038281 0.044907
0 0.453255 0.798380 0.038281 0.044907
0 0.452995 0.839120 0.038281 0.044907
0 0.451953 0.881250 0.038281 0.044907
0 0.452344 0.925463 0.038021 0.049074
0 0.497656 0.926852 0.038021 0.049074
0 0.498437 0.882870 0.038021 0.049074
0 0.497396 0.839815 0.038021 0.049074
0 0.498698 0.798148 0.038021 0.049074
0 0.498437 0.756481 0.038021 0.049074
0 0.498437 0.715741 0.038021 0.049074
0 0.534115 0.716667 0.041667 0.047222
0 0.534635 0.756481 0.041667 0.047222
0 0.535156 0.798148 0.041667 0.047222
0 0.534896 0.839815 0.041667 0.047222
0 0.536198 0.882407 0.041667 0.047222
0 0.536458 0.925463 0.041667 0.047222
0 0.582682 0.925694 0.041927 0.049537
0 0.582161 0.882639 0.041927 0.049537
0 0.581120 0.840972 0.041927 0.049537
0 0.580859 0.799769 0.041927 0.049537
0 0.579297 0.757639 0.041927 0.049537
0 0.578776 0.716435 0.041927 0.049537
0 0.614193 0.716898 0.041927 0.049537
0 0.615495 0.756713 0.041927 0.049537
0 0.616276 0.799306 0.041927 0.049537
0 0.616797 0.840046 0.041927 0.049537
0 0.617578 0.883102 0.041927 0.049537
0 0.619661 0.926157 0.041927 0.049537
0 0.666276 0.925231 0.041927 0.049537
0 0.664714 0.882639 0.041927 0.049537
0 0.662891 0.840046 0.041927 0.049537
0 0.662370 0.797454 0.041927 0.049537
0 0.661328 0.756713 0.041927 0.049537
0 0.659766 0.717824 0.041927 0.049537
0 0.695443 0.716898 0.041927 0.049537
0 0.696484 0.756713 0.041927 0.049537
0 0.698047 0.798380 0.041927 0.049537
0 0.700391 0.840972 0.041927 0.049537
0 0.701432 0.883565 0.041927 0.049537
0 0.704557 0.923843 0.041927 0.049537
0 0.750651 0.925694 0.041927 0.049537
0 0.748047 0.882639 0.041927 0.049537
0 0.746224 0.840046 0.041927 0.049537
0 0.743880 0.798843 0.041927 0.049537
0 0.741797 0.756713 0.041927 0.049537
0 0.740495 0.716435 0.041927 0.049537
0 0.497917 0.511806 0.034375 0.031944
0 0.497396 0.537731 0.034375 0.031944
0 0.497396 0.566898 0.034375 0.031944
0 0.497786 0.595370 0.034635 0.037037
0 0.497917 0.627083 0.038021 0.037500
0 0.497917 0.659028 0.038021 0.037500
0 0.533073 0.658565 0.038021 0.037500
0 0.532813 0.625231 0.038021 0.037500
0 0.532031 0.595602 0.038021 0.037500
0 0.531250 0.566435 0.038021 0.037500
0 0.530729 0.538657 0.038021 0.037500
0 0.531510 0.512269 0.038021 0.037500
0 0.568880 0.510185 0.037240 0.034259
0 0.569401 0.538426 0.037240 0.034259
0 0.570964 0.566204 0.037240 0.034259
0 0.573047 0.595833 0.037240 0.034259
0 0.574089 0.626389 0.037240 0.034259
0 0.574870 0.659259 0.037240 0.034259
0 0.611068 0.658796 0.038281 0.041667
0 0.608984 0.627315 0.038281 0.041667
0 0.606641 0.597222 0.038281 0.041667
0 0.605078 0.568056 0.038281 0.041667
0 0.602995 0.539815 0.038281 0.041667
0 0.600781 0.510648 0.035417 0.037963
0 0.641797 0.509491 0.038802 0.036574
0 0.644661 0.537731 0.038802 0.036574
0 0.647005 0.565509 0.038802 0.036574
0 0.649609 0.595139 0.039323 0.036574
0 0.652083 0.625926 0.041667 0.039815
0 0.655078 0.658796 0.041927 0.041667
0 0.690495 0.658796 0.041927 0.041667
0 0.687370 0.626852 0.041927 0.041667
0 0.684505 0.595370 0.041927 0.041667
0 0.680859 0.567593 0.041927 0.041667
0 0.677214 0.537037 0.038281 0.040741
0 0.674479 0.509954 0.036979 0.036574
0 0.714063 0.509954 0.036979 0.036574
0 0.717187 0.538657 0.036979 0.036574
0 0.721354 0.565509 0.036979 0.036574
0 0.725521 0.595370 0.038542 0.037037
0 0.729818 0.626620 0.042448 0.038426
0 0.735026 0.659954 0.042448 0.038426
0 0.817839 0.267130 0.024219 0.046296
0 0.798828 0.267130 0.024219 0.046296
0 0.781901 0.267130 0.024219 0.046296
0 0.762630 0.268519 0.024219 0.046296
0 0.744661 0.268981 0.024219 0.046296
0 0.725130 0.268981 0.024219 0.046296
0 0.707943 0.269907 0.024219 0.046296
0 0.688151 0.270370 0.024219 0.046296
0 0.669922 0.270833 0.024219 0.046296
0 0.652214 0.269907 0.024219 0.046296
0 0.632682 0.271759 0.024219 0.046296
0 0.614714 0.271759 0.024219 0.046296
0 0.613151 0.227778 0.024219 0.046296
0 0.631641 0.228704 0.024219 0.046296
0 0.648828 0.227778 0.024219 0.046296
0 0.667578 0.227778 0.024219 0.046296
0 0.685807 0.227315 0.024219 0.046296
0 0.705339 0.226852 0.024219 0.046296
0 0.722005 0.225463 0.024219 0.046296
0 0.739974 0.225000 0.024219 0.046296
0 0.758724 0.224537 0.024219 0.046296
0 0.775911 0.224537 0.024219 0.046296
0 0.795443 0.223148 0.024219 0.046296
0 0.812109 0.222685 0.024219 0.046296
0 0.806901 0.174074 0.024219 0.046296
0 0.788932 0.174537 0.024219 0.046296
0 0.771745 0.175000 0.024219 0.046296
0 0.754036 0.175463 0.024219 0.046296
0 0.736328 0.175926 0.024219 0.046296
0 0.718880 0.176389 0.024219 0.046296
0 0.700391 0.176389 0.024219 0.046296
0 0.683203 0.177778 0.024219 0.046296
0 0.665234 0.177315 0.024219 0.046296
0 0.647526 0.177778 0.024219 0.046296
0 0.629557 0.178704 0.024219 0.046296
0 0.612109 0.179167 0.024219 0.046296
