0 0.092839 0.843519 0.033073 0.065741
0 0.114193 0.843519 0.033073 0.065741
0 0.135547 0.844444 0.033073 0.065741
0 0.157422 0.844444 0.033073 0.065741
0 0.179557 0.843519 0.033073 0.065741
0 0.201432 0.843519 0.033073 0.065741
0 0.224349 0.843981 0.033073 0.065741
0 0.245964 0.843056 0.033073 0.065741
0 0.267318 0.842593 0.033073 0.065741
0 0.289453 0.843981 0.033073 0.065741
0 0.311068 0.843519 0.033073 0.065741
0 0.333984 0.843519 0.033073 0.065741
0 0.102995 0.773148 0.033073 0.065741
0 0.124609 0.774074 0.033073 0.065741
0 0.146224 0.772685 0.033073 0.065741
0 0.167318 0.773148 0.033073 0.065741
0 0.189714 0.772685 0.033073 0.065741
0 0.209766 0.772685 0.033073 0.065741
0 0.231380 0.771759 0.033073 0.065741
0 0.253516 0.772222 0.033073 0.065741
0 0.274870 0.772685 0.033073 0.065741
0 0.296484 0.771759 0.033073 0.065741
0 0.317578 0.772685 0.033073 0.065741
0 0.337891 0.773148 0.033073 0.065741
0 0.342318 0.717593 0.033073 0.065741
0 0.321745 0.716667 0.033073 0.065741
0 0.300911 0.716204 0.033073 0.065741
0 0.280599 0.715278 0.033073 0.065741
0 0.258984 0.712963 0.033073 0.065741
0 0.237630 0.713889 0.033073 0.065741
0 0.218099 0.715278 0.033073 0.065741
0 0.195443 0.715741 0.033073 0.065741
0 0.174349 0.715741 0.033073 0.065741
0 0.152734 0.716204 0.033073 0.065741
0 0.132943 0.715278 0.033073 0.065741
0 0.112891 0.714352 0.033073 0.065741
0 0.557552 0.762037 0.038542 0.044444
0 0.523438 0.760185 0.038542 0.044444
0 0.489844 0.754630 0.038542 0.044444
0 0.490625 0.718981 0.038542 0.044444
0 0.523698 0.720833 0.038542 0.044444
0 0.557031 0.725926 0.038542 0.044444
0 0.555208 0.691204 0.038542 0.044444
0 0.523177 0.685185 0.038542 0.044444
0 0.490625 0.682870 0.038542 0.044444
0 0.490885 0.647685 0.038542 0.044444
0 0.522135 0.652778 0.038542 0.044444
0 0.554167 0.656481 0.038542 0.044444
0 0.554427 0.621296 0.038542 0.044444
0 0.522135 0.618056 0.038542 0.044444
0 0.490365 0.612500 0.038542 0.044444
0 0.490885 0.580556 0.038542 0.044444
0 0.524219 0.586574 0.038542 0.044444
0 0.553906 0.593056 0.038542 0.044444
0 0.608724 0.561111 0.024219 0.061111
0 0.629557 0.563889 0.024219 0.061111
0 0.650130 0.564352 0.024219 0.061111
0 0.670964 0.566204 0.024219 0.061111
0 0.667057 0.514815 0.024219 0.061111
0 0.647005 0.512037 0.024219 0.061111
0 0.626172 0.510185 0.024219 0.061111
0 0.605339 0.510185 0.024219 0.061111
0 0.604557 0.460185 0.024219 0.061111
0 0.623568 0.458796 0.024219 0.061111
0 0.644401 0.460185 0.024219 0.061111
0 0.664714 0.460648 0.024219 0.061111
0 0.605339 0.403009 0.035677 0.038426
0 0.604818 0.374306 0.035677 0.038426
0 0.603255 0.344676 0.035677 0.038426
0 0.602214 0.316435 0.035677 0.038426
0 0.600651 0.288657 0.035677 0.038426
0 0.600391 0.259954 0.035677 0.038426
0 0.301563 0.156481 0.030729 0.029630
0 0.298958 0.175000 0.030729 0.029630
0 0.295312 0.195833 0.030729 0.029630
0 0.292448 0.214815 0.030729 0.029630
0 0.290104 0.236111 0.030729 0.029630
0 0.286458 0.256481 0.030729 0.029630
0 0.283854 0.298148 0.030729 0.029630
0 0.283073 0.328472 0.032813 0.037500
0 0.280729 0.358102 0.032813 0.037500
0 0.280208 0.388194 0.032813 0.037500
0 0.278385 0.419676 0.032813 0.037500
0 0.276823 0.450694 0.032813 0.037500
0 0.313281 0.452083 0.032813 0.037500
0 0.315365 0.421528 0.032813 0.037500
0 0.316406 0.389120 0.032813 0.037500
0 0.317969 0.358565 0.032813 0.037500
0 0.319010 0.328009 0.032813 0.037500
0 0.320052 0.298843 0.032813 0.037500
0 0.349219 0.299306 0.032813 0.037500
0 0.344010 0.452546 0.032813 0.037500
0 0.347396 0.328009 0.032813 0.037500
0 0.346354 0.358565 0.032813 0.037500
0 0.345833 0.389120 0.032813 0.037500
0 0.344531 0.420602 0.032813 0.037500
0 0.382292 0.451157 0.032813 0.037500
0 0.382812 0.421528 0.032813 0.037500
0 0.383333 0.391898 0.032813 0.037500
0 0.384375 0.361343 0.032813 0.037500
0 0.385156 0.329398 0.032813 0.037500
0 0.385156 0.303009 0.032813 0.037500
0 0.414583 0.300694 0.032813 0.037500
0 0.414062 0.331713 0.032813 0.037500
0 0.413281 0.360880 0.032813 0.037500
0 0.412240 0.391898 0.032813 0.037500
0 0.412240 0.422917 0.032813 0.037500
0 0.412240 0.453472 0.032813 0.037500
0 0.448177 0.453935 0.032813 0.037500
0 0.448958 0.422454 0.032813 0.037500
0 0.448698 0.392824 0.032813 0.037500
0 0.448958 0.361806 0.032813 0.037500
0 0.449740 0.331250 0.032813 0.037500
0 0.450781 0.302083 0.032813 0.037500
0 0.478646 0.303472 0.032813 0.037500
0 0.479167 0.332639 0.032813 0.037500
0 0.479167 0.362731 0.032813 0.037500
0 0.478646 0.392824 0.032813 0.037500
0 0.478125 0.422917 0.032813 0.037500
0 0.478385 0.453935 0.032813 0.037500
0 0.513802 0.453472 0.032813 0.037500
0 0.514062 0.422454 0.032813 0.037500
0 0.513802 0.393287 0.032813 0.037500
0 0.514323 0.362269 0.032813 0.037500
0 0.513021 0.332639 0.032813 0.037500
0 0.513802 0.301620 0.032813 0.037500
0 0.514193 0.260417 0.032031 0.030093
0 0.514193 0.240509 0.032031 0.030093
0 0.514453 0.221528 0.032031 0.030093
0 0.514193 0.200694 0.032031 0.030093
0 0.514453 0.179861 0.032031 0.030093
0 0.513281 0.160417 0.030208 0.029167
0 0.479948 0.160185 0.030208 0.027778
0 0.480208 0.181019 0.030208 0.027778
0 0.479167 0.199537 0.030208 0.027778
0 0.478906 0.220370 0.030208 0.027778
0 0.478646 0.242130 0.030208 0.027778
0 0.450000 0.260648 0.030208 0.027778
0 0.451302 0.240278 0.030208 0.027778
0 0.451302 0.220370 0.030208 0.027778
0 0.452344 0.199537 0.030208 0.027778
0 0.452604 0.180093 0.030208 0.027778
0 0.453385 0.160185 0.030208 0.027778
0 0.420312 0.159259 0.030208 0.027778
0 0.418750 0.179167 0.030208 0.027778
0 0.417708 0.200000 0.030208 0.027778
0 0.416927 0.218519 0.030208 0.027778
0 0.415885 0.239352 0.030208 0.027778
0 0.415104 0.261111 0.030208 0.027778
0 0.385417 0.260648 0.030208 0.027778
0 0.386719 0.238426 0.030208 0.027778
0 0.388281 0.218981 0.030208 0.027778
0 0.390625 0.197685 0.030208 0.027778
0 0.390625 0.179167 0.030208 0.027778
0 0.393490 0.162963 0.030208 0.027778
0 0.350651 0.258102 0.032552 0.028241
0 0.352214 0.237269 0.032552 0.028241
0 0.354557 0.215509 0.032552 0.028241
0 0.357161 0.196528 0.032552 0.028241
0 0.358984 0.176620 0.032552 0.028241
0 0.360807 0.160880 0.032552 0.028241
0 0.322266 0.257639 0.032552 0.028241
0 0.323568 0.237269 0.032552 0.028241
0 0.325391 0.216898 0.032552 0.028241
0 0.328776 0.197917 0.032552 0.028241
0 0.330078 0.178009 0.032552 0.028241
0 0.333203 0.156713 0.032552 0.028241
