0 0.367057 0.725463 0.021094 0.060185
0 0.384766 0.723148 0.021094 0.060185
0 0.403776 0.718056 0.021094 0.060185
0 0.421484 0.713889 0.021094 0.060185
0 0.439453 0.709722 0.021094 0.060185
0 0.457422 0.706481 0.021094 0.060185
0 0.456380 0.643056 0.021094 0.060185
0 0.438672 0.645833 0.021094 0.060185
0 0.421224 0.649537 0.021094 0.060185
0 0.402734 0.654167 0.021094 0.060185
0 0.385286 0.658796 0.021094 0.060185
0 0.368359 0.661574 0.021094 0.060185
0 0.368620 0.614815 0.021094 0.060185
0 0.386328 0.609722 0.021094 0.060185
0 0.403776 0.606944 0.021094 0.060185
0 0.422005 0.602778 0.021094 0.060185
0 0.438932 0.600000 0.021094 0.060185
0 0.456641 0.596296 0.021094 0.060185
0 0.455078 0.537037 0.021094 0.060185
0 0.437630 0.541204 0.021094 0.060185
0 0.421224 0.545370 0.021094 0.060185
0 0.403516 0.550000 0.021094 0.060185
0 0.386328 0.552778 0.021094 0.060185
0 0.370182 0.557870 0.021094 0.060185
0 0.370443 0.511111 0.021094 0.060185
0 0.404036 0.505556 0.021094 0.060185
0 0.387630 0.507407 0.021094 0.060185
0 0.420443 0.500463 0.021094 0.060185
0 0.437630 0.498148 0.021094 0.060185
0 0.455339 0.493519 0.021094 0.060185
0 0.454297 0.440741 0.021094 0.060185
0 0.437630 0.442593 0.021094 0.060185
0 0.422005 0.448148 0.021094 0.060185
0 0.403776 0.451389 0.021094 0.060185
0 0.387630 0.456019 0.021094 0.060185
0 0.371224 0.460648 0.021094 0.060185
0 0.372005 0.418981 0.021094 0.060185
0 0.388672 0.414815 0.021094 0.060185
0 0.405078 0.413426 0.021094 0.060185
0 0.421224 0.406481 0.021094 0.060185
0 0.436328 0.403241 0.021094 0.060185
0 0.454036 0.398611 0.021094 0.060185
0 0.452474 0.347454 0.019531 0.052315
0 0.435807 0.351157 0.019531 0.052315
0 0.420443 0.357176 0.019531 0.052315
0 0.405078 0.361343 0.019531 0.052315
0 0.388672 0.364583 0.019531 0.052315
0 0.373047 0.368287 0.019531 0.052315
0 0.487630 0.701620 0.022656 0.059722
0 0.506380 0.701620 0.022656 0.059722
0 0.524609 0.703472 0.022656 0.059722
0 0.542839 0.703472 0.022656 0.059722
0 0.560286 0.703472 0.022656 0.059722
0 0.578255 0.704861 0.022656 0.059722
0 0.575391 0.643287 0.022656 0.059722
0 0.557422 0.641435 0.022656 0.059722
0 0.539714 0.641435 0.022656 0.059722
0 0.522526 0.640509 0.022656 0.059722
0 0.504036 0.639120 0.022656 0.059722
0 0.486068 0.638657 0.022656 0.059722
0 0.484375 0.590972 0.021875 0.055093
0 0.502865 0.590972 0.021875 0.055093
0 0.520052 0.592824 0.021875 0.055093
0 0.538021 0.594676 0.021875 0.055093
0 0.554948 0.595139 0.021875 0.055093
0 0.572135 0.596065 0.021875 0.055093
0 0.569792 0.538657 0.021875 0.055093
0 0.552083 0.537269 0.021875 0.055093
0 0.535937 0.538194 0.021875 0.055093
0 0.517708 0.534954 0.021875 0.055093
0 0.501042 0.534491 0.021875 0.055093
0 0.482292 0.532639 0.021875 0.055093
0 0.482812 0.490046 0.021875 0.055093
0 0.500521 0.489120 0.021875 0.055093
0 0.516406 0.491435 0.021875 0.055093
0 0.533333 0.492361 0.021875 0.055093
0 0.549740 0.492361 0.021875 0.055093
0 0.565625 0.494676 0.021875 0.055093
0 0.563281 0.445139 0.021875 0.055093
0 0.547656 0.444213 0.021875 0.055093
0 0.530990 0.441435 0.021875 0.055093
0 0.515104 0.439583 0.021875 0.055093
0 0.497656 0.439120 0.021875 0.055093
0 0.481510 0.436806 0.021875 0.055093
0 0.480469 0.395139 0.021875 0.055093
0 0.496615 0.396065 0.021875 0.055093
0 0.512760 0.397454 0.021875 0.055093
0 0.528906 0.398380 0.021875 0.055093
0 0.544792 0.398380 0.021875 0.055093
0 0.560417 0.401620 0.021875 0.055093
0 0.559375 0.352546 0.021875 0.055093
0 0.543229 0.351620 0.021875 0.055093
0 0.527344 0.351157 0.021875 0.055093
0 0.511979 0.350231 0.021875 0.055093
0 0.495833 0.349306 0.021875 0.055093
0 0.479687 0.346528 0.021875 0.055093
0 0.723828 0.357639 0.026302 0.040278
0 0.706641 0.358565 0.026302 0.040278
0 0.688932 0.360417 0.026302 0.040278
0 0.672266 0.361806 0.026302 0.040278
0 0.656380 0.364583 0.026302 0.040278
0 0.638411 0.364583 0.026302 0.040278
0 0.715755 0.323148 0.024740 0.039815
0 0.701172 0.322685 0.024740 0.039815
0 0.684245 0.325000 0.024740 0.039815
0 0.669141 0.326852 0.024740 0.039815
0 0.651693 0.329167 0.024740 0.039815
0 0.635026 0.329630 0.024740 0.039815
0 0.631901 0.296759 0.024740 0.039815
0 0.647266 0.294907 0.024740 0.039815
0 0.662891 0.293519 0.024740 0.039815
0 0.679818 0.293056 0.024740 0.039815
0 0.696745 0.291667 0.024740 0.039815
0 0.711068 0.290278 0.024740 0.039815
0 0.833854 0.909954 0.042188 0.042130
0 0.794010 0.914120 0.042188 0.042130
0 0.760156 0.918287 0.042188 0.042130
0 0.758073 0.881250 0.042188 0.042130
0 0.788281 0.878009 0.042188 0.042130
0 0.827604 0.872917 0.042188 0.042130
0 0.823958 0.837269 0.042188 0.042130
0 0.785937 0.841435 0.042188 0.042130
0 0.754427 0.846065 0.042188 0.042130
0 0.750781 0.811343 0.042188 0.042130
0 0.779687 0.808102 0.042188 0.042130
0 0.819010 0.802546 0.042188 0.042130
0 0.815625 0.769676 0.042188 0.042130
0 0.778385 0.773380 0.042188 0.042130
0 0.744792 0.778935 0.042188 0.042130
0 0.742448 0.744676 0.042188 0.042130
0 0.771094 0.739583 0.042188 0.042130
0 0.809375 0.735417 0.039062 0.039352
0 0.805729 0.704398 0.039062 0.039352
0 0.767708 0.708102 0.039062 0.039352
0 0.736979 0.713194 0.039062 0.039352
0 0.733854 0.682639 0.039062 0.039352
0 0.763802 0.677546 0.039062 0.039352
0 0.801302 0.671991 0.039062 0.039352
0 0.796875 0.641898 0.039062 0.039352
0 0.760938 0.646528 0.039062 0.039352
0 0.729948 0.650694 0.039062 0.039352
0 0.728125 0.622454 0.039062 0.039352
0 0.755990 0.616435 0.039062 0.039352
0 0.792318 0.610648 0.034635 0.037963
0 0.788411 0.581944 0.034635 0.037963
0 0.752734 0.585648 0.034635 0.037963
0 0.723568 0.589815 0.034635 0.037963
0 0.720964 0.561111 0.034635 0.037963
0 0.749609 0.559722 0.034635 0.037963
0 0.783724 0.551852 0.034635 0.037963
0 0.637240 0.195833 0.032292 0.026852
0 0.635417 0.173611 0.032292 0.026852
0 0.631771 0.152778 0.032292 0.026852
0 0.630469 0.133796 0.032292 0.026852
0 0.603125 0.134259 0.032292 0.026852
0 0.606250 0.157407 0.032292 0.026852
0 0.607292 0.177778 0.032292 0.026852
0 0.609115 0.196759 0.032292 0.026852
0 0.581771 0.198611 0.032292 0.026852
0 0.581510 0.178241 0.032292 0.026852
0 0.580208 0.156944 0.032292 0.026852
0 0.578125 0.137037 0.032292 0.026852
0 0.469661 0.205787 0.018490 0.039352
0 0.487109 0.203935 0.018490 0.039352
0 0.503255 0.204398 0.018490 0.039352
0 0.519141 0.202546 0.018490 0.039352
0 0.535286 0.201620 0.018490 0.039352
0 0.552083 0.199074 0.019271 0.037963
