0 0.302865 0.437037 0.043229 0.150000
0 0.344531 0.439815 0.043229 0.150000
0 0.385677 0.440741 0.043229 0.150000
0 0.427865 0.441667 0.043229 0.150000
0 0.469010 0.442593 0.043229 0.150000
0 0.511198 0.444444 0.043229 0.150000
0 0.555469 0.446296 0.043229 0.150000
0 0.599740 0.449537 0.044271 0.149074
0 0.645052 0.450000 0.048438 0.150000
0 0.305208 0.581481 0.042708 0.142593
0 0.346354 0.584259 0.041667 0.142593
0 0.386979 0.584259 0.041667 0.142593
0 0.428125 0.588889 0.041667 0.142593
0 0.469141 0.589120 0.040365 0.144907
0 0.511719 0.591435 0.041146 0.143981
0 0.553906 0.595370 0.041667 0.148148
0 0.598177 0.598148 0.043229 0.149074
0 0.641927 0.602083 0.045833 0.148611
