0 0.363542 0.685185 0.050521 0.050000
0 0.412500 0.678704 0.050521 0.050000
0 0.411198 0.634259 0.050521 0.050000
0 0.511719 0.663889 0.050521 0.050000
0 0.509896 0.623148 0.050521 0.050000
0 0.459896 0.625926 0.050521 0.050000
0 0.459375 0.625000 0.050521 0.050000
0 0.362240 0.640278 0.050521 0.050000
0 0.364583 0.561574 0.050521 0.050000
0 0.413281 0.592593 0.050521 0.050000
0 0.457552 0.586111 0.050521 0.050000
0 0.507031 0.581481 0.050521 0.050000
0 0.459115 0.543519 0.050521 0.050000
0 0.412240 0.555093 0.050521 0.050000
0 0.366927 0.523611 0.050521 0.050000
0 0.413281 0.518519 0.050521 0.050000
0 0.458333 0.510648 0.050521 0.050000
0 0.364844 0.602315 0.050521 0.050000
