0 0.611068 0.600231 0.069531 0.132870
0 0.562760 0.604861 0.068229 0.133796
0 0.515755 0.610648 0.061198 0.136111
0 0.467187 0.615741 0.057813 0.136111
0 0.594661 0.485648 0.059115 0.116667
0 0.551953 0.490741 0.059115 0.116667
0 0.506901 0.497685 0.059115 0.116667
0 0.465625 0.496296 0.053646 0.120370
0 0.461328 0.393056 0.051302 0.103704
0 0.503255 0.392130 0.051302 0.103704
0 0.542839 0.390741 0.051302 0.103704
0 0.584375 0.383333 0.056771 0.108333
0 0.573047 0.300926 0.052344 0.094444
0 0.535286 0.303704 0.052344 0.094444
0 0.497786 0.309259 0.052344 0.094444
0 0.460026 0.308796 0.052344 0.094444
0 0.395573 0.484028 0.049479 0.118056
0 0.350260 0.487731 0.049479 0.118056
0 0.398828 0.387963 0.049219 0.106481
0 0.356771 0.392361 0.045833 0.102315
0 0.400000 0.302778 0.044792 0.089815
0 0.361849 0.305324 0.044010 0.096759
0 0.303646 0.418519 0.051562 0.106481
0 0.262370 0.422222 0.060156 0.111111
0 0.219922 0.421528 0.056510 0.108796
0 0.311849 0.328241 0.049740 0.091667
0 0.274349 0.329630 0.049740 0.091667
0 0.235547 0.332870 0.054948 0.093519
