0 0.573177 0.719676 0.096875 0.089352
0 0.479948 0.712731 0.096875 0.089352
0 0.572656 0.639120 0.096875 0.089352
0 0.485677 0.633565 0.096875 0.089352
0 0.489063 0.565509 0.096875 0.089352
0 0.578255 0.568981 0.092448 0.082407
0 0.642188 0.489583 0.093229 0.076389
0 0.555729 0.487269 0.093229 0.076389
0 0.477083 0.487037 0.089583 0.073148
0 0.480729 0.428472 0.084896 0.069907
0 0.558203 0.429630 0.089323 0.071296
0 0.641536 0.427778 0.089323 0.071296
0 0.742578 0.330556 0.090365 0.070370
0 0.740365 0.271759 0.089583 0.069444
0 0.738802 0.215278 0.086458 0.072222
0 0.735547 0.164815 0.082031 0.071296
0 0.653906 0.169444 0.078646 0.065741
0 0.655208 0.226389 0.078646 0.065741
0 0.655208 0.277315 0.078646 0.065741
0 0.655990 0.334259 0.078646 0.065741
0 0.572917 0.335648 0.078646 0.065741
0 0.573177 0.278241 0.078646 0.065741
0 0.575521 0.226389 0.078646 0.065741
0 0.579427 0.176389 0.078646 0.065741
0 0.505469 0.181481 0.078646 0.065741
0 0.502865 0.232870 0.078646 0.065741
0 0.499219 0.286111 0.078646 0.065741
0 0.495312 0.339352 0.078646 0.065741
