0 0.502995 0.859028 0.110156 0.152315
0 0.397786 0.913657 0.110156 0.152315
0 0.389323 0.823611 0.103646 0.144444
0 0.490365 0.775926 0.103646 0.144444
0 0.478125 0.688426 0.103646 0.128704
0 0.381250 0.740278 0.103646 0.128704
0 0.527734 0.556250 0.104948 0.121759
0 0.442969 0.605093 0.103125 0.124074
0 0.351042 0.651389 0.103125 0.124074
0 0.341016 0.580093 0.102865 0.116667
0 0.429818 0.531944 0.102865 0.116667
0 0.516016 0.490278 0.102865 0.116667
0 0.341536 0.466204 0.092969 0.110185
0 0.427995 0.420370 0.092969 0.110185
0 0.514974 0.373148 0.092969 0.110185
0 0.603385 0.327315 0.099479 0.115741
0 0.590885 0.262037 0.095833 0.114815
0 0.576823 0.205556 0.092708 0.114815
0 0.504687 0.312037 0.092708 0.114815
0 0.419531 0.349537 0.092708 0.114815
0 0.333073 0.396296 0.092708 0.114815
0 0.325781 0.335185 0.092708 0.114815
0 0.322917 0.276620 0.082292 0.119907
0 0.410807 0.287500 0.084635 0.105556
0 0.485026 0.193981 0.084635 0.105556
0 0.565495 0.149074 0.084635 0.105556
0 0.494401 0.248611 0.092969 0.110185
0 0.404297 0.237963 0.084635 0.105556
