0 0.635677 0.713657 0.057813 0.169907
0 0.586458 0.713657 0.057813 0.169907
0 0.540104 0.715046 0.057813 0.169907
0 0.535026 0.550231 0.052865 0.155093
0 0.581901 0.551157 0.052865 0.155093
0 0.628255 0.549306 0.052865 0.155093
0 0.478646 0.752083 0.052604 0.177315
0 0.428385 0.752546 0.052604 0.177315
0 0.432292 0.589583 0.055208 0.166204
0 0.476302 0.592824 0.055208 0.166204
0 0.478255 0.448380 0.050260 0.147685
0 0.435026 0.449306 0.050260 0.147685
0 0.355729 0.736343 0.056250 0.169907
0 0.308203 0.737037 0.058594 0.168519
0 0.258984 0.738426 0.058594 0.168519
0 0.211458 0.738657 0.061979 0.171759
0 0.361328 0.574074 0.056510 0.156481
0 0.314974 0.577315 0.056510 0.156481
0 0.268359 0.576389 0.056510 0.156481
0 0.222526 0.577315 0.056510 0.156481
0 0.366406 0.422917 0.052083 0.147685
0 0.321354 0.423843 0.053646 0.142130
0 0.277604 0.422917 0.055729 0.144907
0 0.233854 0.427083 0.055729 0.144907
0 0.373437 0.285185 0.052083 0.136111
0 0.329427 0.287037 0.052083 0.136111
0 0.286719 0.286111 0.052083 0.136111
0 0.242448 0.286111 0.052083 0.136111
