0 0.598047 0.630093 0.053906 0.154630
0 0.554036 0.631019 0.053906 0.154630
0 0.512891 0.634722 0.053906 0.154630
0 0.593099 0.477778 0.053906 0.154630
0 0.550781 0.480324 0.050000 0.148611
0 0.506771 0.483565 0.050000 0.148611
0 0.453125 0.384491 0.050000 0.148611
0 0.455208 0.522454 0.050000 0.148611
0 0.456641 0.670139 0.048177 0.165278
0 0.411849 0.670602 0.048177 0.165278
0 0.413411 0.520139 0.047656 0.156944
0 0.413542 0.386806 0.047396 0.152315
0 0.344661 0.659722 0.049740 0.162037
0 0.345052 0.511574 0.049479 0.151852
0 0.298698 0.664120 0.052083 0.158796
0 0.253646 0.667361 0.052083 0.158796
0 0.208854 0.670602 0.052083 0.158796
0 0.300130 0.512500 0.051302 0.150926
0 0.260156 0.516435 0.052604 0.152315
0 0.217318 0.518287 0.051302 0.150463
0 0.345313 0.365046 0.049479 0.143981
0 0.303906 0.368287 0.049479 0.143981
0 0.262500 0.371991 0.049479 0.143981
0 0.221094 0.372454 0.049479 0.143981
0 0.348307 0.231713 0.047656 0.136574
0 0.308203 0.235880 0.047656 0.136574
0 0.267318 0.238194 0.047656 0.136574
0 0.225911 0.238657 0.047656 0.136574
