0 0.599089 0.672917 0.053385 0.156019
0 0.554818 0.673843 0.053385 0.156019
0 0.513411 0.675231 0.053385 0.156019
0 0.593750 0.522454 0.053125 0.144907
0 0.549740 0.523843 0.053125 0.144907
0 0.509635 0.524306 0.053125 0.144907
0 0.455208 0.428935 0.050000 0.142130
0 0.457161 0.563194 0.050781 0.144907
0 0.457161 0.712500 0.051823 0.158333
0 0.411849 0.716204 0.051823 0.158333
0 0.413411 0.561111 0.051823 0.158333
0 0.414453 0.428241 0.052344 0.146296
0 0.352734 0.281481 0.048177 0.135185
0 0.350130 0.409491 0.048177 0.142130
0 0.347266 0.553009 0.048177 0.142130
0 0.345313 0.698843 0.047917 0.160648
0 0.301172 0.702546 0.055469 0.164352
0 0.254557 0.706713 0.055469 0.164352
0 0.213672 0.708102 0.055469 0.164352
0 0.302214 0.549769 0.055469 0.164352
0 0.259505 0.554861 0.055469 0.164352
0 0.217318 0.557176 0.055469 0.164352
0 0.305339 0.408565 0.055469 0.164352
0 0.267578 0.410880 0.055469 0.164352
0 0.224349 0.410880 0.055469 0.164352
0 0.311068 0.283333 0.055990 0.138889
0 0.271745 0.283333 0.051302 0.143519
0 0.231901 0.282407 0.054427 0.145370
