0 0.512370 0.314583 0.075260 0.134722
0 0.481901 0.353935 0.075260 0.134722
0 0.450130 0.394676 0.075260 0.134722
0 0.403255 0.290509 0.075260 0.134722
0 0.434505 0.253935 0.075260 0.134722
0 0.463411 0.216435 0.075260 0.134722
0 0.423828 0.465509 0.080469 0.143056
0 0.389974 0.508102 0.082552 0.144907
0 0.373828 0.363657 0.082552 0.144907
0 0.342057 0.407176 0.082552 0.144907
0 0.327995 0.269213 0.077865 0.134722
0 0.293880 0.305324 0.077865 0.134722
0 0.331120 0.566435 0.082552 0.153241
0 0.293880 0.611111 0.084115 0.158333
0 0.258724 0.659259 0.084115 0.158333
0 0.219271 0.706713 0.083854 0.162500
0 0.281901 0.456019 0.081510 0.143519
0 0.281380 0.455093 0.081510 0.143519
0 0.246224 0.499537 0.083073 0.148148
0 0.209505 0.545370 0.082552 0.150000
0 0.171615 0.590278 0.082812 0.152778
0 0.232943 0.349537 0.077344 0.137963
0 0.197917 0.388426 0.078646 0.141667
0 0.160938 0.431019 0.078646 0.142593
0 0.123438 0.473611 0.080729 0.147222
0 0.186719 0.247917 0.077083 0.129167
0 0.152604 0.285648 0.076563 0.136111
0 0.117318 0.322917 0.076823 0.136574
0 0.079427 0.364815 0.080208 0.140741
