0 0.419141 0.770833 0.105469 0.087963
0 0.418620 0.693519 0.105469 0.087963
0 0.329557 0.694907 0.105469 0.087963
0 0.327734 0.781944 0.105469 0.087963
0 0.231380 0.784259 0.105469 0.087963
0 0.127995 0.791667 0.105469 0.087963
0 0.134766 0.714352 0.105469 0.087963
0 0.142057 0.631019 0.105469 0.087963
0 0.237891 0.629167 0.105469 0.087963
0 0.324089 0.622685 0.105469 0.087963
0 0.417318 0.621759 0.105469 0.087963
0 0.418099 0.546759 0.105469 0.087963
0 0.332422 0.551852 0.105469 0.087963
0 0.239974 0.558796 0.105469 0.087963
0 0.145703 0.557870 0.105469 0.087963
0 0.423047 0.446991 0.092448 0.081019
0 0.422526 0.381250 0.092448 0.081019
0 0.338672 0.451157 0.092448 0.081019
0 0.340234 0.385417 0.092448 0.081019
0 0.255078 0.446991 0.092448 0.081019
0 0.261589 0.382176 0.092448 0.081019
0 0.403776 0.311574 0.088281 0.072222
0 0.321224 0.311574 0.088281 0.072222
0 0.322005 0.249537 0.088281 0.072222
0 0.402734 0.255556 0.088281 0.072222
0 0.404036 0.200463 0.082552 0.074074
0 0.322005 0.196759 0.082552 0.074074
