0 0.504427 0.300694 0.046354 0.106944
0 0.462760 0.292361 0.046354 0.106944
0 0.422396 0.284954 0.046354 0.106944
0 0.379167 0.274306 0.046354 0.106944
0 0.374740 0.376852 0.050521 0.121296
0 0.420312 0.383333 0.050521 0.121296
0 0.463542 0.393981 0.050521 0.121296
0 0.508073 0.398611 0.050521 0.121296
0 0.511719 0.521759 0.054167 0.128704
0 0.464844 0.513889 0.054167 0.128704
0 0.415885 0.506944 0.054167 0.128704
0 0.368359 0.497685 0.059115 0.128704
0 0.362760 0.640509 0.065104 0.167130
0 0.414714 0.643056 0.061719 0.161111
0 0.464974 0.647685 0.061719 0.161111
0 0.518490 0.654167 0.058854 0.156481
0 0.646094 0.689583 0.065104 0.153241
0 0.595573 0.681713 0.065104 0.153241
0 0.585026 0.547454 0.061719 0.141204
0 0.629297 0.552546 0.061719 0.141204
0 0.617318 0.437269 0.055990 0.121759
0 0.575130 0.432176 0.055990 0.121759
0 0.790234 0.676852 0.072656 0.146296
0 0.744661 0.671296 0.072656 0.146296
0 0.699219 0.665046 0.066146 0.151389
0 0.680729 0.529398 0.063021 0.134722
0 0.722526 0.538889 0.061719 0.127778
0 0.765234 0.544907 0.064323 0.125926
