0 0.478255 0.734722 0.069010 0.195370
0 0.418490 0.735417 0.067708 0.199537
0 0.355208 0.738657 0.069271 0.203241
0 0.294661 0.743056 0.073698 0.204630
0 0.471745 0.553935 0.063802 0.167130
0 0.415755 0.553935 0.063802 0.167130
0 0.357682 0.556713 0.063802 0.167130
0 0.301823 0.555324 0.068229 0.176389
0 0.466016 0.393056 0.059115 0.150926
0 0.415495 0.391667 0.058594 0.156481
0 0.362630 0.390046 0.059115 0.156944
0 0.308854 0.384722 0.065104 0.159259
0 0.461589 0.256944 0.056510 0.140741
0 0.412891 0.253241 0.056510 0.140741
0 0.628646 0.752083 0.077604 0.195833
0 0.569792 0.753935 0.077604 0.195833
0 0.610547 0.575926 0.070573 0.175926
0 0.558464 0.575231 0.067969 0.169907
0 0.597135 0.423380 0.064583 0.154167
0 0.547786 0.422685 0.060156 0.151852
0 0.800130 0.706944 0.082031 0.177778
0 0.746354 0.708102 0.081771 0.184722
0 0.689844 0.709028 0.081771 0.184722
0 0.770833 0.532407 0.076563 0.165741
0 0.722135 0.531713 0.073958 0.162500
0 0.671354 0.534491 0.071875 0.162500
0 0.365495 0.253241 0.056510 0.140741
0 0.314193 0.248611 0.056510 0.140741
