0 0.456771 0.707407 0.084375 0.085185
0 0.373047 0.693981 0.089323 0.085185
0 0.283984 0.678472 0.090365 0.090278
0 0.196354 0.663889 0.100521 0.089815
0 0.207813 0.600926 0.100000 0.085185
0 0.291406 0.615741 0.100000 0.085185
0 0.379297 0.630556 0.089844 0.086111
0 0.456901 0.643519 0.089844 0.086111
0 0.462109 0.584491 0.084115 0.084722
0 0.463151 0.529630 0.079427 0.077778
0 0.382812 0.571528 0.083333 0.081944
0 0.387370 0.517130 0.082031 0.074074
0 0.298828 0.555093 0.089844 0.081481
0 0.306250 0.503704 0.088021 0.073148
0 0.217188 0.539815 0.097917 0.083333
0 0.225781 0.486111 0.088542 0.073148
0 0.467839 0.263426 0.065885 0.065741
0 0.467318 0.262500 0.065885 0.065741
0 0.465234 0.303241 0.065885 0.065741
0 0.463672 0.349306 0.069010 0.069907
0 0.401172 0.248843 0.069531 0.058796
0 0.397396 0.289583 0.071354 0.066204
0 0.394271 0.328935 0.071354 0.066204
0 0.476562 0.405324 0.075000 0.064352
0 0.474089 0.452778 0.074740 0.067593
0 0.406771 0.389120 0.077083 0.068981
0 0.402604 0.437731 0.077083 0.068981
0 0.331380 0.422917 0.080469 0.071759
0 0.336849 0.375694 0.077865 0.067130
