0 0.524089 0.690972 0.092448 0.072685
0 0.433984 0.694676 0.092448 0.072685
0 0.337500 0.701157 0.097917 0.079167
0 0.239844 0.703241 0.100521 0.082407
0 0.245052 0.633333 0.099479 0.075926
0 0.338932 0.631713 0.093490 0.079167
0 0.432422 0.632176 0.093490 0.079167
0 0.520443 0.627083 0.093490 0.079167
0 0.512109 0.565278 0.083073 0.075000
0 0.430729 0.566435 0.085938 0.073611
0 0.340755 0.569676 0.088802 0.074537
0 0.251172 0.568287 0.094531 0.077315
0 0.255208 0.511806 0.093229 0.068981
0 0.343880 0.513194 0.086719 0.068981
0 0.430599 0.513194 0.086719 0.068981
0 0.510286 0.511574 0.086198 0.065741
0 0.512891 0.432870 0.083073 0.065741
0 0.436849 0.430556 0.083073 0.065741
0 0.358984 0.428704 0.083073 0.065741
0 0.360677 0.378935 0.079167 0.059722
0 0.435677 0.381713 0.079167 0.059722
0 0.508073 0.384491 0.079167 0.059722
0 0.489714 0.325926 0.077865 0.055556
0 0.414453 0.323611 0.077865 0.055556
0 0.415234 0.281019 0.077865 0.055556
0 0.488151 0.285648 0.077865 0.055556
0 0.482682 0.244444 0.074219 0.052778
0 0.412891 0.243519 0.074219 0.052778
