0 0.529427 0.835417 0.095312 0.081019
0 0.434896 0.837269 0.095312 0.081019
0 0.333594 0.838426 0.101562 0.090741
0 0.233464 0.836111 0.107552 0.090741
0 0.239193 0.757407 0.107552 0.090741
0 0.338411 0.759259 0.099740 0.088889
0 0.434635 0.761343 0.094792 0.088426
0 0.525781 0.759028 0.094792 0.088426
0 0.524740 0.693519 0.086458 0.078704
0 0.435286 0.690509 0.089844 0.080093
0 0.342318 0.689120 0.094010 0.079167
0 0.248047 0.687731 0.100260 0.084722
0 0.255339 0.622222 0.094531 0.076852
0 0.344401 0.624074 0.094531 0.076852
0 0.434505 0.628935 0.087760 0.073611
0 0.519010 0.629861 0.084896 0.066204
0 0.525260 0.542593 0.081771 0.068519
0 0.445964 0.537500 0.082031 0.066667
0 0.366016 0.533565 0.083594 0.068981
0 0.368750 0.479861 0.081771 0.067130
0 0.445312 0.482639 0.080208 0.064352
0 0.521875 0.486343 0.081771 0.062500
0 0.503646 0.425694 0.078125 0.058796
0 0.425781 0.420139 0.078125 0.058796
0 0.425000 0.375231 0.078125 0.058796
0 0.501172 0.379630 0.074740 0.057407
0 0.501432 0.335185 0.074740 0.057407
0 0.426432 0.329630 0.074740 0.057407
