0 0.202214 0.168056 0.009115 0.024074
0 0.209766 0.167130 0.009115 0.024074
0 0.216536 0.165278 0.009115 0.024074
0 0.224089 0.163426 0.009115 0.024074
0 0.231120 0.162037 0.009115 0.024074
0 0.238411 0.160648 0.009115 0.024074
0 0.245703 0.158796 0.009115 0.024074
0 0.253255 0.157870 0.009115 0.024074
0 0.260286 0.156019 0.009115 0.024074
0 0.267839 0.154167 0.009115 0.024074
0 0.274870 0.152315 0.009115 0.024074
0 0.282161 0.150463 0.009115 0.024074
0 0.289714 0.149537 0.009115 0.024074
0 0.296745 0.147685 0.009115 0.024074
0 0.304297 0.146296 0.009115 0.024074
0 0.311328 0.144907 0.009115 0.024074
0 0.319661 0.142593 0.009115 0.024074
0 0.326693 0.140741 0.009115 0.024074
0 0.333984 0.138889 0.009115 0.024074
0 0.341536 0.137500 0.009115 0.024074
0 0.349089 0.136111 0.009115 0.024074
0 0.356380 0.135185 0.009115 0.024074
0 0.363932 0.132870 0.009115 0.024074
0 0.371745 0.131481 0.009115 0.024074
0 0.379297 0.129630 0.009115 0.024074
0 0.386589 0.127315 0.009115 0.024074
0 0.386328 0.155556 0.009115 0.024074
0 0.378516 0.156944 0.009115 0.024074
0 0.370964 0.158796 0.009115 0.024074
0 0.362891 0.160648 0.009115 0.024074
0 0.355859 0.162037 0.009115 0.024074
0 0.347786 0.162963 0.009115 0.024074
0 0.340234 0.165278 0.009115 0.024074
0 0.332682 0.166204 0.009115 0.024074
0 0.325130 0.168519 0.009115 0.024074
0 0.317578 0.169907 0.009115 0.024074
0 0.310026 0.171759 0.009115 0.024074
0 0.302214 0.173148 0.009115 0.024074
0 0.295443 0.174537 0.009115 0.024074
0 0.287630 0.175463 0.009115 0.024074
0 0.280339 0.177315 0.009115 0.024074
0 0.273307 0.178704 0.009115 0.024074
0 0.265755 0.179167 0.009115 0.024074
0 0.258464 0.181944 0.009115 0.024074
0 0.250911 0.183333 0.009115 0.024074
0 0.243880 0.184722 0.009115 0.024074
0 0.236589 0.186111 0.009115 0.024074
0 0.229036 0.187963 0.009115 0.024074
0 0.221745 0.188889 0.009115 0.024074
0 0.214714 0.189815 0.009115 0.024074
0 0.207422 0.191667 0.009115 0.024074
0 0.199870 0.192593 0.009115 0.024074
0 0.197786 0.215741 0.009115 0.024074
0 0.205339 0.214352 0.009115 0.024074
0 0.212630 0.212963 0.009115 0.024074
0 0.220182 0.211574 0.009115 0.024074
0 0.227214 0.210185 0.009115 0.024074
0 0.234505 0.208796 0.009115 0.024074
0 0.242057 0.207870 0.009115 0.024074
0 0.249349 0.206019 0.009115 0.024074
0 0.256901 0.204630 0.009115 0.024074
0 0.264193 0.203241 0.009115 0.024074
0 0.271745 0.201852 0.009115 0.024074
0 0.279297 0.200463 0.009115 0.024074
0 0.286589 0.198611 0.009115 0.024074
0 0.294141 0.197685 0.009115 0.024074
0 0.301432 0.195833 0.009115 0.024074
0 0.308984 0.194444 0.009115 0.024074
0 0.316536 0.193056 0.009115 0.024074
0 0.324089 0.191204 0.009115 0.024074
0 0.331901 0.189815 0.009115 0.024074
0 0.339714 0.188426 0.009115 0.024074
0 0.346745 0.186574 0.009115 0.024074
0 0.354818 0.185185 0.009115 0.024074
0 0.362370 0.183333 0.009115 0.024074
0 0.369922 0.181944 0.009115 0.024074
0 0.377734 0.180093 0.009115 0.024074
0 0.385286 0.178704 0.009115 0.024074
0 0.363281 0.209722 0.008854 0.025000
0 0.355469 0.211574 0.008854 0.025000
0 0.347917 0.212963 0.008854 0.025000
0 0.340365 0.213889 0.008854 0.025000
0 0.332552 0.216204 0.008854 0.025000
0 0.325000 0.218056 0.008854 0.025000
0 0.317188 0.219444 0.008854 0.025000
0 0.309635 0.221296 0.008854 0.025000
0 0.301823 0.222222 0.008854 0.025000
0 0.294271 0.223611 0.008854 0.025000
0 0.286458 0.225000 0.008854 0.025000
0 0.279167 0.226852 0.008854 0.025000
0 0.271615 0.227778 0.008854 0.025000
0 0.264062 0.229630 0.008854 0.025000
0 0.256771 0.230556 0.008854 0.025000
0 0.249479 0.231944 0.008854 0.025000
0 0.241927 0.233796 0.008854 0.025000
0 0.234375 0.234259 0.008854 0.025000
0 0.227083 0.236111 0.008854 0.025000
0 0.219271 0.237963 0.008854 0.025000
0 0.211979 0.239815 0.008854 0.025000
0 0.204948 0.240741 0.008854 0.025000
0 0.197396 0.241667 0.008854 0.025000
0 0.190104 0.242361 0.009375 0.024537
0 0.188021 0.266435 0.009375 0.024537
0 0.195573 0.265046 0.009375 0.024537
0 0.202865 0.264583 0.009375 0.024537
0 0.210417 0.262269 0.009375 0.024537
0 0.217708 0.260880 0.009375 0.024537
0 0.225260 0.259028 0.009375 0.024537
0 0.232552 0.258565 0.009375 0.024537
0 0.240104 0.256713 0.009375 0.024537
0 0.247396 0.255324 0.009375 0.024537
0 0.254948 0.253935 0.009375 0.024537
0 0.262760 0.252546 0.009375 0.024537
0 0.270313 0.251157 0.009375 0.024537
0 0.277865 0.249769 0.009375 0.024537
0 0.284896 0.248380 0.009375 0.024537
0 0.293229 0.247454 0.009375 0.024537
0 0.300521 0.245602 0.009375 0.024537
0 0.307812 0.244213 0.009375 0.024537
0 0.315885 0.242361 0.009375 0.024537
0 0.323698 0.241435 0.009375 0.024537
0 0.331250 0.240046 0.009375 0.024537
0 0.339062 0.238194 0.009375 0.024537
0 0.347396 0.236806 0.009375 0.024537
0 0.354427 0.235880 0.009375 0.024537
0 0.362240 0.234028 0.009375 0.024537
0 0.361979 0.262963 0.009896 0.025926
0 0.353646 0.264352 0.009896 0.025926
0 0.346094 0.265741 0.009896 0.025926
0 0.338542 0.267130 0.009896 0.025926
0 0.330729 0.268519 0.009896 0.025926
0 0.322656 0.269444 0.009896 0.025926
0 0.315104 0.270833 0.009896 0.025926
0 0.307031 0.272222 0.009896 0.025926
0 0.299479 0.274074 0.009896 0.025926
0 0.291927 0.275000 0.009896 0.025926
0 0.284375 0.275926 0.009896 0.025926
0 0.276042 0.277315 0.009896 0.025926
0 0.268750 0.279167 0.009896 0.025926
0 0.261198 0.280556 0.009896 0.025926
0 0.238281 0.284722 0.009896 0.025926
0 0.230469 0.286111 0.009896 0.025926
0 0.223177 0.287037 0.009896 0.025926
0 0.215885 0.288889 0.009896 0.025926
0 0.208333 0.289815 0.009896 0.025926
0 0.200521 0.292130 0.009896 0.025926
0 0.192969 0.292593 0.009896 0.025926
0 0.185677 0.293519 0.009896 0.025926
0 0.183333 0.318519 0.009896 0.025926
0 0.190885 0.317593 0.009896 0.025926
0 0.198437 0.316667 0.009896 0.025926
0 0.205729 0.315278 0.009896 0.025926
0 0.213281 0.313889 0.009896 0.025926
0 0.220573 0.312963 0.009896 0.025926
0 0.228125 0.311111 0.009896 0.025926
0 0.236458 0.310185 0.009896 0.025926
0 0.243750 0.309259 0.009896 0.025926
0 0.251042 0.306944 0.009896 0.025926
0 0.258854 0.305093 0.009896 0.025926
0 0.266667 0.304167 0.009896 0.025926
0 0.274479 0.302315 0.009896 0.025926
0 0.282031 0.301852 0.009896 0.025926
0 0.289844 0.300000 0.009896 0.025926
0 0.297917 0.298611 0.009896 0.025926
0 0.305469 0.297685 0.009896 0.025926
0 0.313542 0.295833 0.009896 0.025926
0 0.321354 0.294907 0.009896 0.025926
0 0.328906 0.293519 0.009896 0.025926
0 0.336979 0.292130 0.009896 0.025926
0 0.345052 0.290278 0.009896 0.025926
0 0.352865 0.289352 0.009896 0.025926
0 0.360938 0.287963 0.009896 0.025926
0 0.360156 0.313426 0.009896 0.025926
0 0.352083 0.314815 0.009896 0.025926
0 0.344010 0.316204 0.009896 0.025926
0 0.335677 0.317593 0.009896 0.025926
0 0.327604 0.318519 0.009896 0.025926
0 0.320052 0.319444 0.009896 0.025926
0 0.311979 0.321296 0.009896 0.025926
0 0.304167 0.322222 0.009896 0.025926
0 0.296354 0.324074 0.009896 0.025926
0 0.288281 0.325463 0.009896 0.025926
0 0.280990 0.326852 0.009896 0.025926
0 0.272656 0.328241 0.009896 0.025926
0 0.265365 0.329167 0.009896 0.025926
0 0.257292 0.330093 0.009896 0.025926
0 0.249479 0.331944 0.009896 0.025926
0 0.241927 0.332870 0.009896 0.025926
0 0.234375 0.334259 0.009896 0.025926
0 0.226823 0.335648 0.009896 0.025926
0 0.219010 0.337037 0.009896 0.025926
0 0.211458 0.338426 0.009896 0.025926
0 0.203646 0.340278 0.009896 0.025926
0 0.195833 0.341204 0.009896 0.025926
0 0.188542 0.342593 0.009896 0.025926
0 0.180990 0.343056 0.009896 0.025926
0 0.136719 0.384028 0.010417 0.027315
0 0.145313 0.383102 0.010417 0.027315
0 0.152604 0.382176 0.010417 0.027315
0 0.162760 0.379398 0.010417 0.027315
0 0.170052 0.378009 0.010417 0.027315
0 0.178125 0.376620 0.010417 0.027315
0 0.185417 0.374769 0.010417 0.027315
0 0.192708 0.374306 0.010417 0.027315
0 0.200781 0.373843 0.010417 0.027315
0 0.209115 0.372454 0.010417 0.027315
0 0.216406 0.370602 0.010417 0.027315
0 0.223958 0.369213 0.010417 0.027315
0 0.221615 0.396528 0.010417 0.027315
0 0.214062 0.397454 0.010417 0.027315
0 0.206510 0.399306 0.010417 0.027315
0 0.198437 0.400231 0.010417 0.027315
0 0.190625 0.401157 0.010417 0.027315
0 0.183073 0.402546 0.010417 0.027315
0 0.175000 0.403472 0.010417 0.027315
0 0.167448 0.404398 0.010417 0.027315
0 0.159635 0.405787 0.010417 0.027315
0 0.149740 0.409491 0.010417 0.027315
0 0.141667 0.409954 0.010417 0.027315
0 0.134115 0.411343 0.010417 0.027315
0 0.130469 0.444907 0.010417 0.028704
0 0.138542 0.443981 0.010417 0.028704
0 0.146354 0.443056 0.010417 0.028704
0 0.156510 0.441204 0.010417 0.028704
0 0.164062 0.440741 0.010417 0.028704
0 0.171875 0.438889 0.010417 0.028704
0 0.179688 0.437500 0.010417 0.028704
0 0.187500 0.437037 0.010417 0.028704
0 0.195573 0.435648 0.010417 0.028704
0 0.203646 0.434722 0.010417 0.028704
0 0.210938 0.433333 0.010417 0.028704
0 0.218750 0.432870 0.010417 0.028704
0 0.216406 0.458796 0.010417 0.028704
0 0.208333 0.460185 0.010417 0.028704
0 0.200781 0.462037 0.010417 0.028704
0 0.192969 0.462500 0.010417 0.028704
0 0.184896 0.463426 0.010417 0.028704
0 0.169010 0.465741 0.010417 0.028704
0 0.161458 0.466204 0.010417 0.028704
0 0.153646 0.468519 0.010417 0.028704
0 0.143750 0.470602 0.011458 0.029167
0 0.135417 0.471991 0.011458 0.029167
0 0.127344 0.473843 0.011458 0.029167
0 0.124219 0.503472 0.011458 0.029167
0 0.132292 0.503009 0.011458 0.029167
0 0.140104 0.501620 0.011458 0.029167
0 0.150000 0.500231 0.011458 0.029167
0 0.158073 0.498843 0.011458 0.029167
0 0.166146 0.497454 0.011458 0.029167
0 0.173958 0.496065 0.011458 0.029167
0 0.182031 0.495602 0.011458 0.029167
0 0.189844 0.494676 0.011458 0.029167
0 0.198177 0.493750 0.011458 0.029167
0 0.205729 0.492361 0.011458 0.029167
0 0.214323 0.491435 0.011458 0.029167
0 0.211719 0.518519 0.010417 0.028704
0 0.203906 0.519444 0.010417 0.028704
0 0.195833 0.520833 0.010417 0.028704
0 0.187760 0.522222 0.010417 0.028704
0 0.179167 0.523611 0.010417 0.028704
0 0.171615 0.525000 0.010417 0.028704
0 0.163802 0.525463 0.010417 0.028704
0 0.155469 0.525926 0.010417 0.028704
0 0.147396 0.527315 0.010417 0.028704
0 0.137500 0.530324 0.010937 0.030093
0 0.129167 0.531944 0.011458 0.030556
0 0.121094 0.532870 0.011458 0.030556
0 0.117969 0.562963 0.011458 0.030556
0 0.125781 0.561574 0.011458 0.030556
0 0.134375 0.560185 0.011458 0.030556
0 0.144271 0.559722 0.011458 0.030556
0 0.152604 0.558565 0.010937 0.030093
0 0.160156 0.558102 0.010937 0.030093
0 0.168750 0.557176 0.010937 0.030093
0 0.176302 0.555324 0.010937 0.030093
0 0.184375 0.554861 0.010937 0.030093
0 0.192448 0.553472 0.010937 0.030093
0 0.201042 0.552546 0.010937 0.030093
0 0.208854 0.552083 0.010937 0.030093
0 0.206510 0.580787 0.010937 0.030093
0 0.198177 0.581713 0.010937 0.030093
0 0.190104 0.582176 0.010937 0.030093
0 0.182031 0.584028 0.010937 0.030093
0 0.173958 0.584491 0.010937 0.030093
0 0.165104 0.585417 0.010937 0.030093
0 0.157031 0.586343 0.010937 0.030093
0 0.149479 0.587269 0.010937 0.030093
0 0.141146 0.588194 0.010937 0.030093
0 0.130859 0.590509 0.011198 0.031019
0 0.122526 0.591898 0.011198 0.031019
0 0.114453 0.592361 0.011198 0.031019
0 0.111068 0.623380 0.011198 0.031019
0 0.119401 0.621991 0.011198 0.031019
0 0.127995 0.621065 0.011198 0.031019
0 0.138151 0.617361 0.011198 0.031019
0 0.146484 0.616435 0.011198 0.031019
0 0.154297 0.615046 0.011198 0.031019
0 0.162891 0.614583 0.011198 0.031019
0 0.170964 0.613657 0.011198 0.031019
0 0.179557 0.612731 0.011198 0.031019
0 0.187630 0.611343 0.011198 0.031019
0 0.195443 0.610417 0.011198 0.031019
0 0.203776 0.609954 0.011198 0.031019
0 0.201432 0.639583 0.011198 0.031019
0 0.193359 0.640972 0.011198 0.031019
0 0.185286 0.641898 0.011198 0.031019
0 0.176693 0.642824 0.011198 0.031019
0 0.168359 0.643750 0.011198 0.031019
0 0.160286 0.644676 0.011198 0.031019
0 0.151953 0.645139 0.011198 0.031019
0 0.143620 0.646065 0.011198 0.031019
0 0.135286 0.646991 0.011198 0.031019
0 0.124740 0.652315 0.011458 0.032407
0 0.116146 0.653241 0.011458 0.032407
0 0.107552 0.654167 0.011458 0.032407
0 0.103906 0.685648 0.011458 0.032407
0 0.112760 0.685648 0.011458 0.032407
0 0.121094 0.684259 0.011458 0.032407
0 0.131510 0.681019 0.011458 0.032407
0 0.140104 0.680556 0.011458 0.032407
0 0.148438 0.679167 0.011458 0.032407
0 0.157292 0.679167 0.011458 0.032407
0 0.165365 0.678704 0.011458 0.032407
0 0.173437 0.676852 0.011458 0.032407
0 0.182031 0.675926 0.011458 0.032407
0 0.190625 0.675463 0.011458 0.032407
0 0.198958 0.674537 0.011458 0.032407
0 0.196354 0.705556 0.011458 0.032407
0 0.187760 0.706944 0.011458 0.032407
0 0.179688 0.707870 0.011458 0.032407
0 0.170833 0.708333 0.011458 0.032407
0 0.162240 0.709722 0.011458 0.032407
0 0.153906 0.710185 0.011458 0.032407
0 0.145313 0.710648 0.011458 0.032407
0 0.136979 0.711111 0.011458 0.032407
0 0.128646 0.712037 0.011458 0.032407
0 0.118099 0.716898 0.011719 0.032870
0 0.108724 0.717824 0.011719 0.032870
0 0.100651 0.718750 0.011719 0.032870
0 0.096745 0.750694 0.011719 0.032870
0 0.105859 0.750694 0.011719 0.032870
0 0.114453 0.749306 0.011719 0.032870
0 0.124870 0.749769 0.011719 0.032870
0 0.133203 0.748843 0.011719 0.032870
0 0.142057 0.747454 0.011719 0.032870
0 0.150130 0.747454 0.011719 0.032870
0 0.158984 0.746528 0.011719 0.032870
0 0.167839 0.745602 0.011719 0.032870
0 0.176432 0.744213 0.011719 0.032870
0 0.184766 0.744213 0.011719 0.032870
0 0.193620 0.743287 0.011719 0.032870
0 0.190755 0.775694 0.011719 0.032870
0 0.182161 0.776620 0.011719 0.032870
0 0.173307 0.777546 0.011719 0.032870
0 0.164974 0.778009 0.011719 0.032870
0 0.155599 0.778472 0.011719 0.032870
0 0.147266 0.778935 0.011719 0.032870
0 0.138932 0.780324 0.011719 0.032870
0 0.130078 0.781250 0.011719 0.032870
0 0.121224 0.782176 0.011719 0.032870
0 0.111068 0.782639 0.011719 0.032870
0 0.102474 0.783102 0.011719 0.032870
0 0.092969 0.784028 0.011979 0.033796
0 0.089323 0.823843 0.011979 0.033796
0 0.098177 0.822917 0.011979 0.033796
0 0.107292 0.822454 0.011979 0.033796
0 0.117969 0.820602 0.011979 0.033796
0 0.126042 0.819676 0.011979 0.033796
0 0.134896 0.818750 0.011979 0.033796
0 0.143750 0.818750 0.011979 0.033796
0 0.152344 0.817361 0.011979 0.033796
0 0.161198 0.816435 0.011979 0.033796
0 0.169531 0.815972 0.011979 0.033796
0 0.178646 0.815972 0.011979 0.033796
0 0.186979 0.814583 0.011979 0.033796
0 0.184375 0.847917 0.011979 0.033796
0 0.175781 0.848380 0.011979 0.033796
0 0.166667 0.848843 0.011979 0.033796
0 0.158073 0.850694 0.011979 0.033796
0 0.149219 0.851157 0.011979 0.033796
0 0.140365 0.851157 0.011979 0.033796
0 0.132031 0.852546 0.011979 0.033796
0 0.123177 0.852546 0.011979 0.033796
0 0.114323 0.853472 0.011979 0.033796
0 0.103255 0.857176 0.013281 0.035648
0 0.094141 0.857639 0.013281 0.035648
0 0.084766 0.858102 0.013281 0.035648
0 0.211719 0.844676 0.011979 0.033796
0 0.220833 0.844213 0.011979 0.033796
0 0.229687 0.843750 0.011979 0.033796
0 0.238542 0.843287 0.011979 0.033796
0 0.248177 0.842361 0.011979 0.033796
0 0.257422 0.842361 0.012240 0.036574
0 0.266536 0.841898 0.012240 0.036574
0 0.276693 0.840972 0.012240 0.036574
0 0.286328 0.839583 0.012240 0.036574
0 0.295964 0.840046 0.012240 0.036574
0 0.305339 0.839120 0.012240 0.036574
0 0.315495 0.838194 0.012240 0.036574
0 0.325130 0.837269 0.012240 0.036574
0 0.334766 0.837269 0.012240 0.036574
0 0.344792 0.836806 0.010937 0.036574
0 0.354687 0.835417 0.010937 0.036574
0 0.361198 0.798843 0.010937 0.036574
0 0.351042 0.800231 0.010937 0.036574
0 0.341146 0.801620 0.010937 0.036574
0 0.332292 0.803009 0.010937 0.036574
0 0.323177 0.803935 0.010937 0.036574
0 0.313802 0.804398 0.010937 0.036574
0 0.304688 0.804398 0.010937 0.036574
0 0.295573 0.805787 0.010937 0.036574
0 0.286458 0.805324 0.011979 0.034722
0 0.277604 0.806250 0.011979 0.034722
0 0.268229 0.807639 0.011979 0.034722
0 0.259635 0.807639 0.011979 0.034722
0 0.250521 0.808565 0.011979 0.034722
0 0.241406 0.809954 0.011979 0.034722
0 0.232552 0.810417 0.011979 0.034722
0 0.223958 0.810880 0.011979 0.034722
0 0.215104 0.811343 0.011979 0.034722
0 0.217839 0.772917 0.011719 0.033796
0 0.226693 0.771528 0.011719 0.033796
0 0.235026 0.771065 0.011719 0.033796
0 0.244141 0.771065 0.011719 0.033796
0 0.252734 0.769213 0.011719 0.033796
0 0.261849 0.769213 0.011719 0.033796
0 0.270703 0.768287 0.011719 0.033796
0 0.279818 0.767361 0.011719 0.033796
0 0.288672 0.766435 0.011719 0.033796
0 0.298047 0.765972 0.011719 0.033796
0 0.306641 0.764583 0.011719 0.033796
0 0.315495 0.763657 0.011719 0.033796
0 0.324349 0.763194 0.011719 0.033796
0 0.333724 0.762269 0.011719 0.033796
0 0.343359 0.761343 0.011719 0.033796
0 0.352604 0.759491 0.011979 0.035648
0 0.361979 0.758565 0.011979 0.035648
0 0.363542 0.723843 0.011979 0.035648
0 0.354427 0.725231 0.011979 0.035648
0 0.344531 0.728472 0.011979 0.035648
0 0.335156 0.729861 0.011979 0.035648
0 0.326302 0.730787 0.011979 0.035648
0 0.317188 0.731250 0.011979 0.035648
0 0.308984 0.733333 0.011719 0.034259
0 0.299349 0.733796 0.011719 0.034259
0 0.290495 0.734722 0.011719 0.034259
0 0.281120 0.734722 0.011719 0.034259
0 0.272526 0.736574 0.011719 0.034259
0 0.263672 0.737037 0.011719 0.034259
0 0.254818 0.737963 0.011719 0.034259
0 0.246224 0.738889 0.011719 0.034259
0 0.237370 0.739815 0.011719 0.034259
0 0.229036 0.739352 0.011719 0.034259
0 0.220182 0.740278 0.011719 0.034259
0 0.223047 0.703009 0.011198 0.032870
0 0.231380 0.702083 0.011198 0.032870
0 0.239974 0.702546 0.011198 0.032870
0 0.248568 0.700694 0.011198 0.032870
0 0.257943 0.699769 0.011198 0.032870
0 0.266276 0.698380 0.011198 0.032870
0 0.274870 0.697454 0.011198 0.032870
0 0.283724 0.696528 0.011198 0.032870
0 0.292578 0.696065 0.011198 0.032870
0 0.301432 0.694213 0.011198 0.032870
0 0.310026 0.693750 0.011198 0.032870
0 0.319141 0.692361 0.011198 0.032870
0 0.328255 0.691898 0.011198 0.032870
0 0.337109 0.690972 0.011198 0.032870
0 0.345703 0.690046 0.011198 0.032870
0 0.346745 0.658102 0.011198 0.032870
0 0.338151 0.659491 0.011198 0.032870
0 0.329036 0.660417 0.011198 0.032870
0 0.320182 0.661343 0.011198 0.032870
0 0.311589 0.662269 0.011198 0.032870
0 0.302995 0.663657 0.011198 0.032870
0 0.293880 0.665046 0.011198 0.032870
0 0.285286 0.666435 0.011198 0.032870
0 0.276432 0.667361 0.011198 0.032870
0 0.267839 0.668287 0.011198 0.032870
0 0.258984 0.668750 0.011198 0.032870
0 0.250651 0.670602 0.011198 0.032870
0 0.241797 0.671528 0.011198 0.032870
0 0.233724 0.671528 0.011198 0.032870
0 0.224870 0.672454 0.011198 0.032870
0 0.236328 0.635880 0.011198 0.032870
0 0.244661 0.634954 0.011198 0.032870
0 0.252734 0.634028 0.011198 0.032870
0 0.261328 0.633102 0.011198 0.032870
0 0.269922 0.632176 0.011198 0.032870
0 0.278776 0.631250 0.011198 0.032870
0 0.287370 0.630324 0.011198 0.032870
0 0.296224 0.628472 0.011198 0.032870
0 0.304818 0.628009 0.011198 0.032870
0 0.313411 0.626620 0.011198 0.032870
0 0.322266 0.624769 0.011198 0.032870
0 0.330859 0.623380 0.011198 0.032870
0 0.339974 0.622917 0.011198 0.032870
0 0.348828 0.621528 0.011198 0.032870
0 0.349870 0.590972 0.011198 0.032870
0 0.340755 0.592361 0.011198 0.032870
0 0.332161 0.593750 0.011198 0.032870
0 0.323828 0.595139 0.011198 0.032870
0 0.314974 0.596528 0.011198 0.032870
0 0.306120 0.597685 0.010156 0.032407
0 0.297526 0.598148 0.010156 0.032407
0 0.288932 0.600000 0.010156 0.032407
0 0.280339 0.600463 0.010156 0.032407
0 0.271745 0.601852 0.010156 0.032407
0 0.263411 0.602315 0.010156 0.032407
0 0.254557 0.603241 0.010156 0.032407
0 0.245964 0.604167 0.010156 0.032407
0 0.238021 0.605093 0.010937 0.032407
0 0.229427 0.606481 0.010937 0.032407
0 0.221615 0.607870 0.010937 0.032407
0 0.223698 0.578704 0.010937 0.029630
0 0.231771 0.576852 0.010937 0.029630
0 0.240365 0.576389 0.010937 0.029630
0 0.248958 0.575000 0.010937 0.029630
0 0.256771 0.573611 0.010937 0.029630
0 0.265625 0.572685 0.010937 0.029630
0 0.273698 0.571759 0.010937 0.029630
0 0.282031 0.570833 0.010937 0.029630
0 0.290625 0.569907 0.010937 0.029630
0 0.299219 0.568519 0.010937 0.029630
0 0.308073 0.567593 0.010937 0.029630
0 0.315885 0.566204 0.010937 0.029630
0 0.324479 0.565278 0.010937 0.029630
0 0.333333 0.563889 0.010937 0.029630
0 0.341927 0.562963 0.010937 0.029630
0 0.351042 0.561111 0.010937 0.029630
0 0.352604 0.531481 0.010937 0.029630
0 0.343750 0.533796 0.010937 0.029630
0 0.335156 0.534722 0.010937 0.029630
0 0.326042 0.536111 0.010937 0.029630
0 0.317969 0.536574 0.010937 0.029630
0 0.309115 0.538426 0.010937 0.029630
0 0.300521 0.538889 0.010937 0.029630
0 0.291927 0.541204 0.010937 0.029630
0 0.283333 0.541667 0.010937 0.029630
0 0.275000 0.543056 0.010937 0.029630
0 0.266667 0.543981 0.010937 0.029630
0 0.258594 0.545370 0.010937 0.029630
0 0.250260 0.546296 0.010937 0.029630
0 0.241927 0.547685 0.010937 0.029630
0 0.236198 0.514815 0.010937 0.029630
0 0.244531 0.514352 0.010937 0.029630
0 0.252604 0.513426 0.010937 0.029630
0 0.260677 0.512500 0.010937 0.029630
0 0.269271 0.510648 0.010937 0.029630
0 0.277344 0.508796 0.010937 0.029630
0 0.285677 0.508333 0.010937 0.029630
0 0.294010 0.507407 0.010937 0.029630
0 0.302865 0.506481 0.010937 0.029630
0 0.311198 0.505093 0.010937 0.029630
0 0.319531 0.503704 0.010937 0.029630
0 0.328125 0.502315 0.010937 0.029630
0 0.336458 0.501389 0.010937 0.029630
0 0.345052 0.500926 0.010937 0.029630
0 0.353385 0.499537 0.010937 0.029630
0 0.354427 0.471296 0.010937 0.029630
0 0.346094 0.473148 0.010937 0.029630
0 0.337760 0.474074 0.010937 0.029630
0 0.329167 0.474537 0.010937 0.029630
0 0.320052 0.476389 0.010937 0.029630
0 0.312240 0.476852 0.010937 0.029630
0 0.303646 0.478241 0.010937 0.029630
0 0.295573 0.479167 0.010937 0.029630
0 0.287500 0.480093 0.010937 0.029630
0 0.278646 0.481481 0.010937 0.029630
0 0.270833 0.482407 0.010937 0.029630
0 0.262500 0.484259 0.010937 0.029630
0 0.254427 0.485185 0.010937 0.029630
0 0.245833 0.486111 0.010937 0.029630
0 0.238021 0.487500 0.010937 0.029630
0 0.232422 0.456713 0.010156 0.028241
0 0.240755 0.455787 0.010156 0.028241
0 0.248828 0.454398 0.010156 0.028241
0 0.256380 0.453472 0.010156 0.028241
0 0.264714 0.452546 0.010156 0.028241
0 0.273047 0.451157 0.010156 0.028241
0 0.281120 0.449769 0.010156 0.028241
0 0.289193 0.448843 0.010156 0.028241
0 0.297526 0.447917 0.010156 0.028241
0 0.305599 0.446528 0.010156 0.028241
0 0.313932 0.445139 0.010156 0.028241
0 0.322005 0.443750 0.010156 0.028241
0 0.330599 0.443287 0.010156 0.028241
0 0.338932 0.441435 0.010156 0.028241
0 0.347005 0.440509 0.010156 0.028241
0 0.355859 0.439583 0.010156 0.028241
0 0.356380 0.412731 0.010156 0.028241
0 0.348047 0.413657 0.010156 0.028241
0 0.339714 0.414583 0.010156 0.028241
0 0.331380 0.415972 0.010156 0.028241
0 0.323307 0.416898 0.010156 0.028241
0 0.314974 0.418750 0.010156 0.028241
0 0.306901 0.419213 0.010156 0.028241
0 0.299089 0.421528 0.010156 0.028241
0 0.290495 0.421528 0.010156 0.028241
0 0.282161 0.422917 0.010156 0.028241
0 0.274349 0.424306 0.010156 0.028241
0 0.266536 0.425694 0.010156 0.028241
0 0.258724 0.426620 0.010156 0.028241
0 0.250651 0.427546 0.010156 0.028241
0 0.237370 0.393750 0.010156 0.028241
0 0.245182 0.392361 0.010156 0.028241
0 0.253516 0.391435 0.010156 0.028241
0 0.261068 0.389583 0.010156 0.028241
0 0.268359 0.388657 0.010156 0.028241
0 0.276953 0.388194 0.010156 0.028241
0 0.285286 0.387269 0.010156 0.028241
0 0.293099 0.386343 0.010156 0.028241
0 0.300911 0.384491 0.010156 0.028241
0 0.308724 0.383102 0.010156 0.028241
0 0.317057 0.382176 0.010156 0.028241
0 0.325130 0.380787 0.010156 0.028241
0 0.333464 0.379861 0.010156 0.028241
0 0.342057 0.378472 0.010156 0.028241
0 0.349609 0.377083 0.010156 0.028241
0 0.358203 0.376157 0.010156 0.028241
0 0.359245 0.347454 0.010156 0.028241
0 0.350651 0.348843 0.010156 0.028241
0 0.342578 0.349306 0.010156 0.028241
0 0.334505 0.351620 0.010156 0.028241
0 0.326432 0.352546 0.010156 0.028241
0 0.318880 0.353935 0.010156 0.028241
0 0.310286 0.355324 0.010156 0.028241
0 0.302474 0.356713 0.010156 0.028241
0 0.294401 0.357639 0.010156 0.028241
0 0.286589 0.359028 0.010156 0.028241
0 0.278516 0.360417 0.010156 0.028241
0 0.270964 0.361806 0.010156 0.028241
0 0.262891 0.362269 0.010156 0.028241
0 0.254818 0.364120 0.010156 0.028241
0 0.372396 0.256019 0.009896 0.025926
0 0.380729 0.255093 0.009896 0.025926
0 0.390885 0.255093 0.009896 0.025926
0 0.399219 0.255556 0.009896 0.025926
0 0.398958 0.282407 0.009896 0.025926
0 0.390365 0.281481 0.009896 0.025926
0 0.379688 0.281019 0.009896 0.025926
0 0.371354 0.282870 0.009896 0.025926
0 0.370052 0.312500 0.009896 0.025926
0 0.378646 0.310648 0.009896 0.025926
0 0.389583 0.310648 0.009896 0.025926
0 0.397917 0.312037 0.009896 0.025926
0 0.397396 0.340278 0.009896 0.025926
0 0.389323 0.339352 0.009896 0.025926
0 0.377865 0.339352 0.009896 0.025926
0 0.369531 0.340741 0.009896 0.025926
0 0.368099 0.371528 0.010156 0.027315
0 0.377214 0.370602 0.010156 0.027315
0 0.388151 0.371065 0.010156 0.027315
0 0.396224 0.371528 0.010156 0.027315
0 0.395443 0.400694 0.010156 0.027315
0 0.386849 0.399769 0.010156 0.027315
0 0.375781 0.399537 0.009896 0.028704
0 0.367448 0.400463 0.009896 0.028704
0 0.366146 0.432407 0.009896 0.028704
0 0.374740 0.431019 0.009896 0.028704
0 0.385677 0.431481 0.009896 0.028704
0 0.394531 0.432407 0.009896 0.028704
0 0.393490 0.460648 0.009896 0.028704
0 0.384635 0.459722 0.009896 0.028704
0 0.373437 0.459259 0.009896 0.028704
0 0.364583 0.460185 0.009896 0.028704
0 0.363021 0.493981 0.009896 0.028704
0 0.372656 0.492130 0.009896 0.028704
0 0.383854 0.492593 0.009896 0.028704
0 0.392448 0.493056 0.009896 0.028704
0 0.391667 0.525000 0.009896 0.028704
0 0.382031 0.524537 0.009896 0.028704
0 0.371094 0.524074 0.009896 0.028704
0 0.362240 0.525463 0.009896 0.028704
0 0.361198 0.558796 0.009896 0.030556
0 0.369792 0.557407 0.009896 0.030556
0 0.382552 0.558333 0.009896 0.030556
0 0.381510 0.589815 0.009896 0.030556
0 0.368490 0.590509 0.009896 0.031019
0 0.359896 0.590972 0.009896 0.031019
0 0.358333 0.626157 0.009896 0.031019
0 0.367708 0.625231 0.009896 0.031019
0 0.379948 0.625000 0.010937 0.031481
0 0.397266 0.124306 0.009115 0.025463
0 0.405078 0.125694 0.009115 0.025463
0 0.412630 0.127083 0.009115 0.025463
0 0.420964 0.128009 0.009115 0.025463
0 0.428776 0.128935 0.009115 0.025463
0 0.436589 0.130324 0.009115 0.025463
0 0.444401 0.131250 0.009115 0.025463
0 0.452214 0.133102 0.009115 0.025463
0 0.460286 0.134491 0.009115 0.025463
0 0.468359 0.135880 0.009115 0.025463
0 0.476693 0.136806 0.009115 0.025463
0 0.483984 0.137731 0.009115 0.025463
0 0.492578 0.139120 0.009115 0.025463
0 0.500911 0.140046 0.009115 0.025463
0 0.508724 0.140972 0.009115 0.025463
0 0.516797 0.142361 0.009115 0.025463
0 0.524870 0.143287 0.009115 0.025463
0 0.532682 0.144213 0.009115 0.025463
0 0.540755 0.145602 0.009115 0.025463
0 0.548568 0.146065 0.009115 0.025463
0 0.556641 0.147454 0.009115 0.025463
0 0.564714 0.148380 0.009115 0.025463
0 0.572786 0.149769 0.009115 0.025463
0 0.580859 0.150694 0.009115 0.025463
0 0.588151 0.151620 0.009115 0.025463
0 0.595964 0.152546 0.009115 0.025463
0 0.594141 0.178009 0.009115 0.025463
0 0.586328 0.178009 0.009115 0.025463
0 0.578776 0.177546 0.009115 0.025463
0 0.570703 0.176620 0.009115 0.025463
0 0.562370 0.175231 0.009115 0.025463
0 0.554818 0.174306 0.009115 0.025463
0 0.546745 0.173380 0.009115 0.025463
0 0.538932 0.172454 0.009115 0.025463
0 0.530859 0.171528 0.009115 0.025463
0 0.519141 0.169676 0.009115 0.025463
0 0.511328 0.169213 0.009115 0.025463
0 0.502734 0.167824 0.009115 0.025463
0 0.495182 0.166435 0.009115 0.025463
0 0.486849 0.165046 0.009115 0.025463
0 0.478516 0.164120 0.009115 0.025463
0 0.470443 0.163194 0.009115 0.025463
0 0.461328 0.162269 0.009115 0.025463
0 0.453776 0.160880 0.009115 0.025463
0 0.445703 0.160417 0.009115 0.025463
0 0.437891 0.158565 0.009115 0.025463
0 0.430078 0.157639 0.009115 0.025463
0 0.422266 0.156250 0.009115 0.025463
0 0.413932 0.155324 0.009115 0.025463
0 0.406120 0.153472 0.009115 0.025463
0 0.398047 0.152083 0.009115 0.025463
0 0.410417 0.180787 0.010417 0.026389
0 0.419271 0.181713 0.010417 0.026389
0 0.427865 0.182176 0.010417 0.026389
0 0.435937 0.183565 0.010417 0.026389
0 0.444531 0.184491 0.010417 0.026389
0 0.453385 0.184491 0.009375 0.025463
0 0.461198 0.186806 0.009375 0.025463
0 0.470313 0.187269 0.009375 0.025463
0 0.478646 0.187731 0.009375 0.025463
0 0.486979 0.189120 0.009375 0.025463
0 0.494792 0.190972 0.009375 0.025463
0 0.502865 0.191435 0.009375 0.025463
0 0.511198 0.192824 0.009375 0.025463
0 0.519271 0.193287 0.009375 0.025463
0 0.530469 0.195139 0.009375 0.025463
0 0.539062 0.196065 0.009375 0.025463
0 0.547135 0.196065 0.009375 0.025463
0 0.555208 0.197454 0.009375 0.025463
0 0.563281 0.198843 0.009375 0.025463
0 0.571354 0.199769 0.009375 0.025463
0 0.579427 0.200231 0.009375 0.025463
0 0.587500 0.201157 0.009375 0.025463
0 0.595573 0.201620 0.009375 0.025463
0 0.596354 0.230787 0.009375 0.025463
0 0.588542 0.229861 0.009375 0.025463
0 0.579948 0.228935 0.009375 0.025463
0 0.571875 0.228009 0.009375 0.025463
0 0.563281 0.226620 0.009375 0.025463
0 0.554948 0.225694 0.009375 0.025463
0 0.547135 0.225231 0.009375 0.025463
0 0.538802 0.223843 0.009375 0.025463
0 0.530729 0.222917 0.009375 0.025463
0 0.519271 0.221065 0.009375 0.025463
0 0.510938 0.220602 0.009375 0.025463
0 0.502604 0.219213 0.009375 0.025463
0 0.494531 0.218287 0.009375 0.025463
0 0.486198 0.216898 0.009375 0.025463
0 0.477604 0.215972 0.009375 0.025463
0 0.469531 0.214583 0.009375 0.025463
0 0.460677 0.213657 0.009375 0.025463
0 0.452344 0.212731 0.009375 0.025463
0 0.444271 0.211806 0.009375 0.025463
0 0.435937 0.210417 0.009375 0.025463
0 0.427344 0.208565 0.009375 0.025463
0 0.418750 0.208102 0.009375 0.025463
0 0.417969 0.233102 0.009375 0.025463
0 0.427083 0.234491 0.009375 0.025463
0 0.435677 0.235417 0.009375 0.025463
0 0.443750 0.236343 0.009375 0.025463
0 0.452344 0.238194 0.009375 0.025463
0 0.460156 0.238657 0.009375 0.025463
0 0.469010 0.239583 0.009375 0.025463
0 0.477865 0.240972 0.009375 0.025463
0 0.486198 0.242361 0.009375 0.025463
0 0.495052 0.243750 0.009375 0.025463
0 0.503125 0.244213 0.009375 0.025463
0 0.511198 0.245602 0.009375 0.025463
0 0.519010 0.246528 0.009375 0.025463
0 0.530469 0.248380 0.009375 0.025463
0 0.539323 0.248843 0.009375 0.025463
0 0.547396 0.250231 0.009375 0.025463
0 0.555729 0.250231 0.009375 0.025463
0 0.564063 0.251157 0.009375 0.025463
0 0.572656 0.252083 0.009375 0.025463
0 0.580729 0.253472 0.009375 0.025463
0 0.588802 0.254861 0.009375 0.025463
0 0.596615 0.254398 0.009375 0.025463
0 0.597656 0.285185 0.008854 0.025926
0 0.589583 0.284259 0.008854 0.025926
0 0.580990 0.283796 0.008854 0.025926
0 0.572396 0.283333 0.008854 0.025926
0 0.564583 0.282407 0.008854 0.025926
0 0.556250 0.281481 0.008854 0.025926
0 0.547917 0.281019 0.008854 0.025926
0 0.539583 0.280093 0.008854 0.025926
0 0.531250 0.279167 0.008854 0.025926
0 0.520573 0.278241 0.008854 0.025926
0 0.511979 0.276852 0.008854 0.025926
0 0.503385 0.275926 0.008854 0.025926
0 0.495052 0.274537 0.008854 0.025926
0 0.486719 0.273611 0.008854 0.025926
0 0.478646 0.272685 0.008854 0.025926
0 0.469531 0.271296 0.008854 0.025926
0 0.461198 0.269907 0.008854 0.025926
0 0.453125 0.269444 0.008854 0.025926
0 0.444010 0.268519 0.008854 0.025926
0 0.435417 0.267130 0.008854 0.025926
0 0.426823 0.266204 0.008854 0.025926
0 0.417969 0.264352 0.008854 0.025926
0 0.417448 0.290741 0.008854 0.025926
0 0.426563 0.292593 0.008854 0.027778
0 0.435156 0.293519 0.008854 0.027778
0 0.444010 0.294444 0.008854 0.027778
0 0.452344 0.295833 0.008854 0.027778
0 0.461198 0.296759 0.008854 0.027778
0 0.469792 0.297685 0.008854 0.027778
0 0.478385 0.298611 0.008854 0.027778
0 0.486719 0.299537 0.008854 0.027778
0 0.495573 0.300926 0.008854 0.027778
0 0.503906 0.301389 0.008854 0.027778
0 0.511979 0.302778 0.008854 0.027778
0 0.521094 0.304167 0.008854 0.027778
0 0.531510 0.305556 0.008854 0.027778
0 0.540365 0.306481 0.008854 0.027778
0 0.548438 0.306481 0.008854 0.027778
0 0.556771 0.307870 0.008854 0.027778
0 0.564844 0.308333 0.008854 0.027778
0 0.573177 0.309259 0.008854 0.027778
0 0.581510 0.310185 0.008854 0.027778
0 0.590365 0.311574 0.008854 0.027778
0 0.598698 0.312500 0.008854 0.027778
0 0.599219 0.341204 0.008854 0.027778
0 0.590885 0.340278 0.008854 0.027778
0 0.582552 0.340278 0.008854 0.027778
0 0.574219 0.338889 0.008854 0.027778
0 0.565625 0.338426 0.008854 0.027778
0 0.557292 0.337500 0.008854 0.027778
0 0.548958 0.336111 0.008854 0.027778
0 0.540104 0.335648 0.008854 0.027778
0 0.531771 0.334722 0.008854 0.027778
0 0.520573 0.333796 0.008854 0.027778
0 0.511979 0.332407 0.008854 0.027778
0 0.503646 0.331944 0.008854 0.027778
0 0.495573 0.331019 0.008854 0.027778
0 0.486719 0.330093 0.008854 0.027778
0 0.478125 0.328704 0.008854 0.027778
0 0.469531 0.328241 0.008854 0.027778
0 0.460677 0.326852 0.008854 0.027778
0 0.452344 0.325926 0.008854 0.027778
0 0.443490 0.325000 0.008854 0.027778
0 0.434375 0.323148 0.008854 0.027778
0 0.425521 0.322222 0.008854 0.027778
0 0.416667 0.321296 0.008854 0.027778
0 0.416406 0.348611 0.008854 0.027778
0 0.425000 0.349537 0.008854 0.027778
0 0.434115 0.350926 0.008854 0.027778
0 0.443229 0.352315 0.008854 0.027778
0 0.451823 0.353241 0.008854 0.027778
0 0.460677 0.354167 0.008854 0.027778
0 0.469010 0.354630 0.008854 0.027778
0 0.478125 0.355556 0.008854 0.027778
0 0.486979 0.357407 0.008854 0.027778
0 0.495573 0.357870 0.008854 0.027778
0 0.503906 0.358796 0.008854 0.027778
0 0.512240 0.359722 0.008854 0.027778
0 0.521094 0.360648 0.008854 0.027778
0 0.532031 0.361574 0.008854 0.027778
0 0.540625 0.362500 0.008854 0.027778
0 0.549479 0.362963 0.008854 0.027778
0 0.558073 0.363889 0.008854 0.027778
0 0.566406 0.364352 0.008854 0.027778
0 0.574479 0.365741 0.008854 0.027778
0 0.583594 0.366667 0.008854 0.027778
0 0.592187 0.367130 0.008854 0.027778
0 0.600000 0.368056 0.008854 0.027778
0 0.601302 0.397222 0.008854 0.027778
0 0.592708 0.397685 0.008854 0.027778
0 0.584115 0.397222 0.008854 0.027778
0 0.575260 0.396759 0.008854 0.027778
0 0.566667 0.395833 0.008854 0.027778
0 0.558333 0.394444 0.008854 0.027778
0 0.550000 0.394444 0.008854 0.027778
0 0.541146 0.393981 0.008854 0.027778
0 0.532813 0.392593 0.008854 0.027778
0 0.521094 0.391667 0.008854 0.027778
0 0.512500 0.390278 0.008854 0.027778
0 0.504167 0.389815 0.008854 0.027778
0 0.494792 0.388889 0.008854 0.027778
0 0.486719 0.387500 0.008854 0.027778
0 0.477865 0.386574 0.008854 0.027778
0 0.469010 0.385648 0.008854 0.027778
0 0.460156 0.385185 0.008854 0.027778
0 0.451302 0.383796 0.008854 0.027778
0 0.442448 0.383333 0.008854 0.027778
0 0.433594 0.381481 0.008854 0.027778
0 0.424479 0.380093 0.008854 0.027778
0 0.415625 0.379167 0.008854 0.027778
0 0.414844 0.407407 0.008854 0.027778
0 0.423958 0.408333 0.008854 0.027778
0 0.433073 0.408796 0.008854 0.027778
0 0.442188 0.410185 0.008854 0.027778
0 0.451042 0.411111 0.008854 0.027778
0 0.459635 0.412500 0.008854 0.027778
0 0.468490 0.413426 0.008854 0.027778
0 0.477604 0.413889 0.008854 0.027778
0 0.486198 0.415741 0.008854 0.027778
0 0.495052 0.416204 0.008854 0.027778
0 0.503385 0.417593 0.008854 0.027778
0 0.511979 0.417593 0.008854 0.027778
0 0.512760 0.450463 0.008854 0.027778
0 0.503385 0.449537 0.008854 0.027778
0 0.494792 0.448148 0.008854 0.027778
0 0.485938 0.447685 0.008854 0.027778
0 0.477344 0.446296 0.008854 0.027778
0 0.468490 0.445833 0.008854 0.027778
0 0.459375 0.444907 0.008854 0.027778
0 0.450521 0.444444 0.008854 0.027778
0 0.441406 0.443056 0.008854 0.027778
0 0.432552 0.442593 0.008854 0.027778
0 0.423438 0.441667 0.008854 0.027778
0 0.414453 0.440509 0.009635 0.029167
0 0.413672 0.469676 0.009635 0.029167
0 0.422786 0.470139 0.009635 0.029167
0 0.431901 0.471065 0.009635 0.029167
0 0.440755 0.471991 0.009635 0.029167
0 0.450130 0.472917 0.009635 0.029167
0 0.458984 0.473380 0.009635 0.029167
0 0.468099 0.473843 0.009635 0.029167
0 0.476953 0.474769 0.009635 0.029167
0 0.485807 0.475231 0.009635 0.029167
0 0.494922 0.476157 0.009635 0.029167
0 0.503516 0.477083 0.009635 0.029167
0 0.512109 0.477546 0.009635 0.029167
0 0.535547 0.426620 0.009635 0.029167
0 0.544401 0.427546 0.009635 0.029167
0 0.553255 0.428472 0.009635 0.029167
0 0.561328 0.428935 0.009635 0.029167
0 0.576172 0.431713 0.009635 0.029167
0 0.585026 0.432176 0.009635 0.029167
0 0.593620 0.433102 0.009635 0.029167
0 0.601953 0.434028 0.009635 0.029167
0 0.602734 0.462269 0.009635 0.029167
0 0.594141 0.462269 0.009635 0.029167
0 0.585026 0.460880 0.009635 0.029167
0 0.576693 0.459954 0.009635 0.029167
0 0.562109 0.457639 0.009635 0.029167
0 0.553255 0.456713 0.009635 0.029167
0 0.544141 0.455787 0.009635 0.029167
0 0.535547 0.455324 0.009635 0.029167
0 0.535547 0.483102 0.009635 0.029167
0 0.545182 0.484028 0.009635 0.029167
0 0.553776 0.484491 0.009635 0.029167
0 0.562891 0.484954 0.009635 0.029167
0 0.577214 0.488194 0.009635 0.029167
0 0.586328 0.489583 0.009635 0.029167
0 0.595182 0.490046 0.009635 0.029167
0 0.603776 0.490972 0.009635 0.029167
0 0.604818 0.520602 0.009635 0.029167
0 0.596224 0.519676 0.009635 0.029167
0 0.587370 0.519213 0.009635 0.029167
0 0.578776 0.518750 0.009635 0.029167
0 0.569141 0.518287 0.009635 0.029167
0 0.560807 0.517361 0.009635 0.029167
0 0.551693 0.515972 0.009635 0.029167
0 0.542578 0.515972 0.009635 0.029167
0 0.533984 0.515046 0.009635 0.029167
0 0.521745 0.514120 0.009635 0.029167
0 0.512630 0.513194 0.009635 0.029167
0 0.503776 0.512269 0.009635 0.029167
0 0.494922 0.511806 0.009635 0.029167
0 0.485547 0.510880 0.009635 0.029167
0 0.476693 0.509954 0.009635 0.029167
0 0.467578 0.509491 0.009635 0.029167
0 0.458464 0.508565 0.009635 0.029167
0 0.449349 0.508102 0.009635 0.029167
0 0.440495 0.507176 0.009635 0.029167
0 0.431120 0.506250 0.009635 0.029167
0 0.422005 0.505787 0.009635 0.029167
0 0.412370 0.505324 0.009635 0.029167
0 0.411849 0.534954 0.009635 0.029167
0 0.420964 0.535417 0.009635 0.029167
0 0.430339 0.535880 0.009635 0.029167
0 0.439714 0.537269 0.009635 0.029167
0 0.449089 0.537731 0.009635 0.029167
0 0.458464 0.537731 0.009635 0.029167
0 0.467578 0.538657 0.009635 0.029167
0 0.476953 0.539583 0.009635 0.029167
0 0.486068 0.540046 0.009635 0.029167
0 0.494922 0.540972 0.009635 0.029167
0 0.504036 0.542361 0.009635 0.029167
0 0.513151 0.542824 0.009635 0.029167
0 0.523047 0.542824 0.009635 0.029167
0 0.534245 0.544676 0.009635 0.029167
0 0.543620 0.544676 0.009635 0.029167
0 0.552995 0.545139 0.009635 0.029167
0 0.561589 0.546065 0.009635 0.029167
0 0.570182 0.546528 0.009635 0.029167
0 0.579297 0.547917 0.009635 0.029167
0 0.588411 0.548380 0.009635 0.029167
0 0.597526 0.549306 0.009635 0.029167
0 0.606120 0.549769 0.009635 0.029167
0 0.607682 0.583565 0.009635 0.029167
0 0.598307 0.583102 0.009635 0.029167
0 0.589714 0.582176 0.009635 0.029167
0 0.580339 0.581713 0.009635 0.029167
0 0.571224 0.581250 0.009635 0.029167
0 0.562370 0.581250 0.009635 0.029167
0 0.553516 0.580324 0.009635 0.029167
0 0.544271 0.579398 0.009896 0.031019
0 0.535156 0.578935 0.009896 0.031019
0 0.522135 0.577546 0.009896 0.031019
0 0.513021 0.577546 0.009896 0.031019
0 0.503646 0.576620 0.009896 0.031019
0 0.494792 0.576157 0.009896 0.031019
0 0.458073 0.573380 0.009896 0.031019
0 0.448698 0.572917 0.009896 0.031019
0 0.439063 0.572454 0.009896 0.031019
0 0.429688 0.571065 0.009896 0.031019
0 0.420052 0.570602 0.009896 0.031019
0 0.410677 0.570139 0.009896 0.031019
0 0.409375 0.601620 0.009896 0.031019
0 0.419531 0.602083 0.009896 0.031019
0 0.428906 0.602083 0.009896 0.031019
0 0.438281 0.602546 0.009896 0.031019
0 0.447917 0.603009 0.009896 0.031019
0 0.457031 0.603935 0.009896 0.031019
0 0.494271 0.606250 0.009896 0.031019
0 0.503906 0.606250 0.009896 0.031019
0 0.512500 0.607176 0.009896 0.031019
0 0.522396 0.607639 0.009896 0.031019
0 0.535156 0.608565 0.009896 0.031019
0 0.545312 0.609954 0.009896 0.031019
0 0.553646 0.609954 0.009896 0.031019
0 0.563542 0.610417 0.009896 0.031019
0 0.572656 0.611343 0.009896 0.031019
0 0.581250 0.612731 0.009896 0.031019
0 0.590625 0.612731 0.009896 0.031019
0 0.599740 0.613657 0.009896 0.031019
0 0.608333 0.614120 0.009896 0.031019
0 0.609896 0.650231 0.009896 0.031019
0 0.601042 0.648843 0.009896 0.031019
0 0.591667 0.648843 0.009896 0.031019
0 0.582552 0.648380 0.009896 0.031019
0 0.572917 0.647454 0.009896 0.031019
0 0.563802 0.646991 0.009896 0.031019
0 0.554688 0.646528 0.009896 0.031019
0 0.545833 0.646065 0.009896 0.031019
0 0.535937 0.645602 0.009896 0.031019
0 0.522396 0.644676 0.009896 0.031019
0 0.513542 0.644213 0.009896 0.031019
0 0.504167 0.643287 0.009896 0.031019
0 0.494271 0.642824 0.009896 0.031019
0 0.485156 0.641898 0.009896 0.031944
0 0.475260 0.641435 0.009896 0.031944
0 0.466146 0.640972 0.009896 0.031944
0 0.456771 0.640509 0.009896 0.031944
0 0.447396 0.640509 0.009896 0.031944
0 0.437240 0.640046 0.009896 0.031944
0 0.428125 0.639583 0.009896 0.031944
0 0.418490 0.639120 0.009896 0.031944
0 0.408724 0.638194 0.010677 0.032870
0 0.407943 0.671528 0.010677 0.032870
0 0.417839 0.671991 0.010677 0.032870
0 0.427474 0.671991 0.010677 0.032870
0 0.437109 0.672454 0.010677 0.032870
0 0.446745 0.672454 0.010677 0.032870
0 0.456380 0.672917 0.010677 0.032870
0 0.466016 0.672917 0.010677 0.032870
0 0.475651 0.674306 0.010677 0.032870
0 0.485026 0.674306 0.010677 0.032870
0 0.494922 0.674769 0.010677 0.032870
0 0.504297 0.675231 0.010677 0.032870
0 0.513672 0.675694 0.010677 0.032870
0 0.523047 0.676157 0.010677 0.032870
0 0.536328 0.677083 0.010677 0.032870
0 0.545703 0.678009 0.010677 0.032870
0 0.555339 0.678009 0.010677 0.032870
0 0.564453 0.678472 0.010677 0.032870
0 0.573828 0.678935 0.010677 0.032870
0 0.583724 0.679398 0.010677 0.032870
0 0.592839 0.680787 0.010677 0.032870
0 0.602214 0.681250 0.010677 0.032870
0 0.611589 0.681713 0.010677 0.032870
0 0.613151 0.718287 0.010677 0.032870
0 0.603516 0.717361 0.010677 0.032870
0 0.594141 0.717361 0.010677 0.032870
0 0.584766 0.716435 0.010677 0.032870
0 0.575130 0.715972 0.010677 0.032870
0 0.566016 0.715972 0.010677 0.032870
0 0.556380 0.715046 0.010677 0.032870
0 0.547005 0.715046 0.010677 0.032870
0 0.537370 0.714583 0.010677 0.032870
0 0.523307 0.713657 0.010677 0.032870
0 0.514062 0.713426 0.010417 0.034259
0 0.504427 0.712500 0.010417 0.034259
0 0.494792 0.712037 0.010417 0.034259
0 0.484896 0.712037 0.010417 0.034259
0 0.475260 0.711111 0.010417 0.034259
0 0.465365 0.710648 0.010417 0.034259
0 0.455990 0.710185 0.010417 0.034259
0 0.446354 0.710185 0.010417 0.034259
0 0.436458 0.709722 0.010417 0.034259
0 0.426302 0.709259 0.010417 0.034259
0 0.416667 0.708333 0.010417 0.034259
0 0.406771 0.708333 0.010417 0.034259
0 0.382943 0.742130 0.011719 0.034259
0 0.393099 0.742593 0.011719 0.034259
0 0.405859 0.742593 0.011719 0.034259
0 0.416276 0.743056 0.011719 0.034259
0 0.425651 0.743519 0.011719 0.034259
0 0.435807 0.743056 0.011719 0.034259
0 0.445703 0.743519 0.011719 0.034259
0 0.455339 0.743981 0.011719 0.034259
0 0.465495 0.744444 0.011719 0.034259
0 0.475130 0.744907 0.011719 0.034259
0 0.485547 0.745370 0.011719 0.034259
0 0.495182 0.745833 0.011719 0.034259
0 0.504036 0.746296 0.011719 0.034259
0 0.513672 0.746296 0.011719 0.034259
0 0.523828 0.747222 0.011719 0.034259
0 0.537630 0.748148 0.011719 0.034259
0 0.547786 0.748611 0.011719 0.034259
0 0.557161 0.748611 0.011719 0.034259
0 0.566536 0.749074 0.011719 0.034259
0 0.576432 0.750000 0.011719 0.034259
0 0.585547 0.750463 0.011719 0.034259
0 0.595182 0.750926 0.011719 0.034259
0 0.604557 0.751389 0.011719 0.034259
0 0.613932 0.751852 0.011719 0.034259
0 0.615495 0.790741 0.011719 0.034259
0 0.605859 0.790741 0.011719 0.034259
0 0.596484 0.789815 0.011719 0.034259
0 0.586849 0.789352 0.011719 0.034259
0 0.577734 0.789352 0.011719 0.034259
0 0.567318 0.788889 0.011719 0.034259
0 0.557682 0.788889 0.011719 0.034259
0 0.549089 0.788426 0.011719 0.034259
0 0.538411 0.787963 0.011719 0.034259
0 0.524089 0.787037 0.011719 0.034259
0 0.514193 0.786574 0.011719 0.034259
0 0.505078 0.786574 0.011719 0.034259
0 0.495052 0.785648 0.011458 0.035185
0 0.485156 0.785648 0.011458 0.035185
0 0.475260 0.785185 0.011458 0.035185
0 0.465104 0.785185 0.011458 0.035185
0 0.454948 0.785185 0.011458 0.035185
0 0.445052 0.784259 0.011458 0.035185
0 0.435286 0.783796 0.011198 0.036111
0 0.424609 0.783796 0.011198 0.036111
0 0.414714 0.783796 0.011198 0.036111
0 0.404557 0.783333 0.011198 0.036111
0 0.391797 0.782407 0.011198 0.036111
0 0.381641 0.781713 0.011719 0.036574
0 0.380339 0.817824 0.011719 0.036574
0 0.390755 0.818287 0.011719 0.036574
0 0.403516 0.818287 0.011719 0.036574
0 0.414193 0.818750 0.011719 0.036574
0 0.424609 0.819213 0.011719 0.036574
0 0.434766 0.819213 0.011719 0.036574
0 0.455339 0.820139 0.011719 0.036574
0 0.444661 0.819213 0.011719 0.036574
0 0.464714 0.820602 0.011719 0.036574
0 0.475130 0.820602 0.011719 0.036574
0 0.484505 0.820602 0.011719 0.036574
0 0.494661 0.821065 0.011719 0.036574
0 0.504818 0.821991 0.011719 0.036574
0 0.514714 0.821528 0.011719 0.036574
0 0.524609 0.823380 0.011719 0.036574
0 0.538672 0.822917 0.011719 0.036574
0 0.549089 0.823380 0.011719 0.036574
0 0.558203 0.823843 0.011719 0.036574
0 0.568620 0.823380 0.011719 0.036574
0 0.578516 0.824769 0.011719 0.036574
0 0.587891 0.824306 0.011719 0.036574
0 0.597526 0.824769 0.011719 0.036574
0 0.607161 0.825231 0.011719 0.036574
0 0.616797 0.826157 0.011719 0.036574
0 0.176823 0.465278 0.010417 0.028704
