0 0.248698 0.208565 0.009896 0.027315
0 0.257031 0.206481 0.009896 0.026852
0 0.265104 0.204167 0.009896 0.026852
0 0.273307 0.201389 0.010677 0.027778
0 0.281901 0.199074 0.010677 0.027778
0 0.290365 0.196296 0.010417 0.027778
0 0.298568 0.193519 0.010677 0.028704
0 0.307161 0.190741 0.010677 0.027778
0 0.315104 0.188657 0.010937 0.027315
0 0.324219 0.186111 0.009896 0.026852
0 0.255339 0.230787 0.010156 0.028241
0 0.263542 0.228009 0.010417 0.028241
0 0.271875 0.225694 0.010937 0.029167
0 0.280339 0.222917 0.010677 0.030093
0 0.288932 0.220602 0.010677 0.029167
0 0.297135 0.217824 0.010937 0.028241
0 0.305729 0.215509 0.010937 0.028241
0 0.314323 0.212500 0.009896 0.028704
0 0.322656 0.210185 0.009896 0.028704
0 0.248047 0.259491 0.010677 0.028241
0 0.256641 0.256713 0.010677 0.028241
0 0.265104 0.254398 0.010937 0.029167
0 0.273438 0.252083 0.010937 0.029167
0 0.282292 0.249769 0.010937 0.029167
0 0.304427 0.242361 0.010417 0.029167
0 0.312760 0.240509 0.010937 0.029167
0 0.321875 0.237731 0.010937 0.028241
0 0.246094 0.284722 0.010417 0.029630
0 0.254557 0.282176 0.010677 0.029167
0 0.263151 0.280324 0.010677 0.029167
0 0.272005 0.277546 0.010677 0.029167
0 0.280599 0.275694 0.010677 0.029167
0 0.302604 0.267824 0.011458 0.030093
0 0.311458 0.265509 0.010937 0.030093
0 0.320312 0.263194 0.010417 0.031019
0 0.240365 0.313657 0.011458 0.029167
0 0.249089 0.311806 0.011198 0.031019
0 0.257422 0.309954 0.011198 0.031019
0 0.266276 0.305787 0.011198 0.031019
0 0.275130 0.304861 0.011198 0.030093
0 0.283984 0.301620 0.011198 0.029167
0 0.292578 0.300000 0.011198 0.029630
0 0.301432 0.296296 0.011198 0.029630
0 0.310547 0.294907 0.011198 0.029630
0 0.318880 0.292130 0.011198 0.029630
0 0.235156 0.341204 0.011458 0.029630
0 0.244271 0.339352 0.011458 0.029630
0 0.252865 0.336574 0.010937 0.030556
0 0.261719 0.334491 0.011458 0.031019
0 0.270443 0.331250 0.011198 0.030093
0 0.279557 0.329167 0.011198 0.029630
0 0.299870 0.323380 0.011198 0.031019
0 0.308724 0.321528 0.011198 0.031019
0 0.317448 0.319444 0.010417 0.030556
0 0.233073 0.371065 0.010937 0.030093
0 0.241667 0.368750 0.010937 0.030093
0 0.250781 0.366667 0.011979 0.030556
0 0.259375 0.363889 0.011979 0.030556
0 0.268490 0.360648 0.011458 0.030556
0 0.277344 0.358796 0.011458 0.030556
0 0.298177 0.353009 0.010937 0.030093
0 0.307031 0.350926 0.010937 0.029630
0 0.315885 0.348843 0.010937 0.031019
0 0.232682 0.398148 0.011719 0.031481
0 0.241536 0.395602 0.012240 0.031019
0 0.250521 0.393056 0.011979 0.032407
0 0.259635 0.390741 0.011979 0.031481
0 0.268490 0.388426 0.012500 0.032407
0 0.277865 0.386343 0.011979 0.031944
0 0.286719 0.384028 0.011979 0.031019
0 0.296094 0.381250 0.011979 0.031019
0 0.305469 0.379398 0.011979 0.031019
0 0.314193 0.376389 0.011198 0.030556
0 0.230469 0.430093 0.011458 0.031481
0 0.239063 0.426852 0.011979 0.032407
0 0.248177 0.425926 0.011979 0.032407
0 0.257292 0.422222 0.011979 0.032407
0 0.266146 0.420833 0.011979 0.032407
0 0.275781 0.418056 0.011979 0.032407
0 0.284896 0.415278 0.011979 0.032407
0 0.294401 0.413194 0.011198 0.032870
0 0.303776 0.410417 0.011198 0.032870
0 0.312630 0.408565 0.011198 0.032870
0 0.225521 0.459259 0.011458 0.031481
0 0.234635 0.456944 0.012500 0.032407
0 0.244271 0.455324 0.011979 0.031944
0 0.253516 0.452315 0.011719 0.032407
0 0.262760 0.450231 0.011458 0.032870
0 0.271875 0.447917 0.011979 0.032870
0 0.292318 0.443056 0.012240 0.034259
0 0.301693 0.440972 0.011719 0.033796
0 0.311068 0.438194 0.011719 0.033796
0 0.224740 0.492130 0.012500 0.033333
0 0.233984 0.489583 0.012760 0.033796
0 0.242578 0.488194 0.012760 0.033796
0 0.252214 0.485185 0.012760 0.032407
0 0.261198 0.483565 0.012500 0.032870
0 0.280729 0.478704 0.012500 0.033333
0 0.290104 0.476389 0.012500 0.033333
0 0.300000 0.473843 0.011458 0.032870
0 0.309115 0.471759 0.011979 0.033333
0 0.222005 0.523380 0.012240 0.034722
0 0.231120 0.520602 0.012240 0.034722
0 0.240495 0.518750 0.012240 0.034722
0 0.249870 0.516435 0.012240 0.034722
0 0.259505 0.514120 0.012240 0.034722
0 0.269401 0.512269 0.012240 0.034722
0 0.278516 0.509491 0.012240 0.034722
0 0.288411 0.507176 0.012240 0.034722
0 0.298047 0.504630 0.011719 0.034259
0 0.307422 0.503009 0.011719 0.036574
0 0.217318 0.556713 0.012240 0.034722
0 0.226953 0.554630 0.012760 0.036111
0 0.236328 0.552315 0.012760 0.036111
0 0.246224 0.549537 0.012760 0.036111
0 0.255729 0.547454 0.012500 0.035648
0 0.264844 0.545602 0.012500 0.035648
0 0.286849 0.540509 0.011719 0.035648
0 0.296224 0.538657 0.011719 0.035648
0 0.305859 0.536343 0.011719 0.035648
0 0.214714 0.588889 0.012760 0.034259
0 0.224089 0.587037 0.012760 0.035185
0 0.233724 0.585185 0.012760 0.035185
0 0.243229 0.582870 0.012500 0.035185
0 0.252865 0.580093 0.012500 0.035185
0 0.262500 0.578241 0.012500 0.036111
0 0.284896 0.573611 0.012500 0.036111
0 0.294010 0.570833 0.012500 0.036111
0 0.304167 0.569213 0.011979 0.037500
0 0.212891 0.625231 0.012760 0.037500
0 0.222786 0.622454 0.012760 0.037500
0 0.232161 0.620602 0.012760 0.037500
0 0.242578 0.617824 0.012760 0.037500
0 0.252734 0.616898 0.012760 0.037500
0 0.262370 0.615509 0.012760 0.037500
0 0.272005 0.612269 0.012760 0.037500
0 0.282161 0.610417 0.012760 0.037500
0 0.292448 0.607870 0.012500 0.037037
0 0.302083 0.605093 0.012500 0.037037
0 0.210026 0.659491 0.012760 0.037500
0 0.219922 0.657176 0.012760 0.037500
0 0.229427 0.655787 0.013021 0.038426
0 0.239583 0.653009 0.013021 0.038426
0 0.249740 0.651157 0.013021 0.038426
0 0.259375 0.649306 0.013021 0.038426
0 0.279948 0.644444 0.012500 0.038889
0 0.290495 0.641898 0.012760 0.037500
0 0.300391 0.640046 0.012760 0.037500
0 0.205599 0.696065 0.012760 0.037500
0 0.215495 0.694444 0.013281 0.037963
0 0.225000 0.692593 0.014063 0.037963
0 0.235417 0.690278 0.014063 0.037963
0 0.246094 0.688426 0.013542 0.038889
0 0.255469 0.686111 0.013542 0.038889
0 0.277995 0.682176 0.012760 0.038426
0 0.287891 0.679861 0.012760 0.038426
0 0.298828 0.678009 0.012760 0.038426
0 0.203776 0.731713 0.013802 0.038426
0 0.213151 0.729861 0.013802 0.038426
0 0.224089 0.728009 0.013802 0.038426
0 0.233984 0.725694 0.013802 0.038426
0 0.244141 0.724306 0.013802 0.038426
0 0.255078 0.722917 0.013802 0.038426
0 0.264714 0.721065 0.013802 0.038426
0 0.275391 0.718750 0.013802 0.038426
0 0.285807 0.716435 0.013802 0.038426
0 0.296354 0.714815 0.012500 0.039815
0 0.199609 0.774306 0.013802 0.039352
0 0.210286 0.771528 0.013802 0.039352
0 0.219792 0.770370 0.013542 0.039815
0 0.230339 0.768750 0.013802 0.041204
0 0.241016 0.766898 0.014323 0.040278
0 0.251693 0.765509 0.014323 0.040278
0 0.262370 0.763657 0.014323 0.040278
0 0.272786 0.761574 0.013802 0.038889
0 0.283203 0.759028 0.014323 0.040278
0 0.293880 0.756944 0.013281 0.039815
0 0.193490 0.813426 0.014063 0.040741
0 0.203906 0.811574 0.014063 0.040741
0 0.214062 0.808796 0.014063 0.040741
0 0.224479 0.807407 0.014063 0.040741
0 0.235156 0.805556 0.014063 0.040741
0 0.245833 0.804167 0.014063 0.040741
0 0.270964 0.799537 0.013802 0.041667
0 0.281380 0.798148 0.013802 0.041667
0 0.291667 0.795833 0.013021 0.041667
0 0.190365 0.852778 0.014063 0.041667
0 0.201042 0.851389 0.014063 0.041667
0 0.211719 0.849537 0.014063 0.041667
0 0.222135 0.848148 0.014063 0.041667
0 0.232552 0.846296 0.014063 0.041667
0 0.243750 0.844907 0.014063 0.041667
0 0.268490 0.840278 0.014063 0.041667
0 0.278646 0.838426 0.014063 0.041667
0 0.289453 0.835648 0.013281 0.040741
0 0.188802 0.899769 0.014583 0.043056
0 0.199479 0.897917 0.014583 0.043056
0 0.210156 0.896528 0.014583 0.043056
0 0.221094 0.894676 0.014583 0.043056
0 0.232292 0.893750 0.014583 0.043056
0 0.242969 0.891435 0.014583 0.043056
0 0.254688 0.890046 0.014583 0.043056
0 0.265365 0.888194 0.014583 0.043056
0 0.276823 0.885880 0.014583 0.043056
0 0.286849 0.884259 0.014323 0.044444
0 0.337109 0.186343 0.010156 0.028241
0 0.346224 0.189583 0.010156 0.028241
0 0.355339 0.190972 0.010156 0.028241
0 0.364453 0.193287 0.010156 0.028241
0 0.373568 0.194213 0.010156 0.028241
0 0.382682 0.196528 0.010156 0.028241
0 0.391536 0.198843 0.010156 0.028241
0 0.400391 0.201620 0.010156 0.028241
0 0.409245 0.203935 0.010156 0.028241
0 0.417969 0.206713 0.009375 0.026389
0 0.336068 0.209954 0.010156 0.028241
0 0.345443 0.212731 0.010156 0.028241
0 0.354297 0.215046 0.010156 0.028241
0 0.363411 0.217361 0.010156 0.028241
0 0.372526 0.220602 0.010156 0.028241
0 0.381771 0.221065 0.010937 0.028241
0 0.391146 0.223843 0.010937 0.028241
0 0.400000 0.226157 0.010937 0.028241
0 0.408984 0.228009 0.010156 0.027315
0 0.334635 0.238889 0.010937 0.028704
0 0.344531 0.239352 0.010937 0.028704
0 0.353646 0.241435 0.010417 0.028241
0 0.375521 0.246528 0.010417 0.028241
0 0.384635 0.248380 0.010417 0.028241
0 0.393750 0.251620 0.010417 0.028241
0 0.402865 0.255093 0.009896 0.027778
0 0.411198 0.256019 0.009896 0.027778
0 0.420573 0.258333 0.009896 0.027778
0 0.333594 0.263426 0.010937 0.028704
0 0.343229 0.265741 0.010937 0.028704
0 0.351953 0.267593 0.010677 0.029630
0 0.373698 0.273148 0.010417 0.027778
0 0.382552 0.274537 0.010417 0.028704
0 0.391927 0.278241 0.009896 0.029630
0 0.400651 0.279167 0.010677 0.029630
0 0.409505 0.281481 0.010677 0.029630
0 0.419141 0.283333 0.010677 0.029630
0 0.332031 0.291204 0.010937 0.028704
0 0.341927 0.293287 0.010417 0.030093
0 0.351562 0.295602 0.010417 0.030093
0 0.361198 0.297917 0.010417 0.030093
0 0.370703 0.300231 0.010677 0.028241
0 0.379557 0.301620 0.011198 0.029167
0 0.389323 0.303009 0.010417 0.031019
0 0.398698 0.306019 0.010417 0.029630
0 0.407943 0.308333 0.010156 0.029630
0 0.416797 0.310648 0.010156 0.029630
0 0.331120 0.318981 0.011198 0.028704
0 0.340755 0.320602 0.011198 0.031019
0 0.350781 0.323148 0.011458 0.028704
0 0.372266 0.327083 0.010156 0.030093
0 0.381120 0.329167 0.010156 0.029630
0 0.390885 0.330787 0.010417 0.030093
0 0.400000 0.333102 0.010937 0.029167
0 0.409505 0.335648 0.010677 0.028704
0 0.418750 0.337731 0.010417 0.029167
0 0.329948 0.349074 0.011458 0.030556
0 0.339844 0.350926 0.011458 0.030556
0 0.349089 0.353241 0.011198 0.031481
0 0.372656 0.358333 0.010937 0.029630
0 0.382552 0.360185 0.010937 0.029630
0 0.391797 0.361574 0.011198 0.030556
0 0.401432 0.363426 0.011198 0.030556
0 0.410807 0.366204 0.010677 0.030556
0 0.420182 0.368750 0.010156 0.031019
0 0.328516 0.377083 0.011198 0.031944
0 0.338411 0.378472 0.011198 0.031944
0 0.348047 0.380324 0.011198 0.031944
0 0.358464 0.384028 0.011198 0.031944
0 0.367839 0.385880 0.011198 0.031944
0 0.377734 0.387269 0.011198 0.031944
0 0.387891 0.388657 0.011198 0.031944
0 0.397266 0.391435 0.011198 0.031944
0 0.406641 0.393056 0.011198 0.029630
0 0.415885 0.394676 0.010937 0.030093
0 0.326953 0.408333 0.011719 0.031481
0 0.336849 0.409722 0.011719 0.031481
0 0.347135 0.410880 0.011979 0.031019
0 0.357031 0.413657 0.011979 0.031019
0 0.366797 0.414583 0.011719 0.031944
0 0.377214 0.416898 0.011198 0.031019
0 0.377474 0.416898 0.011198 0.031019
0 0.387109 0.419213 0.011198 0.031019
0 0.396484 0.421065 0.011198 0.031019
0 0.406380 0.422917 0.011198 0.031019
0 0.416016 0.424769 0.011198 0.031019
0 0.325781 0.436806 0.011458 0.032870
0 0.335807 0.438194 0.011719 0.031944
0 0.346094 0.440509 0.010937 0.032870
0 0.370312 0.445370 0.011458 0.032407
0 0.380469 0.447685 0.011458 0.032407
0 0.390625 0.448843 0.010937 0.032870
0 0.400000 0.449306 0.010937 0.032870
0 0.409766 0.452315 0.010677 0.031481
0 0.419401 0.453704 0.010677 0.032407
0 0.324349 0.471065 0.012240 0.032870
0 0.334505 0.473148 0.012240 0.032407
0 0.344922 0.475000 0.012240 0.031481
0 0.355469 0.476852 0.012500 0.032407
0 0.375651 0.480556 0.011719 0.033333
0 0.385547 0.481019 0.011719 0.033333
0 0.395443 0.484259 0.011719 0.033333
0 0.405339 0.484028 0.011719 0.032870
0 0.415495 0.485880 0.010677 0.032870
0 0.322656 0.502778 0.011979 0.033333
0 0.332943 0.504167 0.012240 0.034259
0 0.343620 0.505556 0.012240 0.034259
0 0.353776 0.507870 0.012240 0.034259
0 0.364714 0.509259 0.012240 0.034259
0 0.374609 0.511111 0.012240 0.034259
0 0.384896 0.512963 0.011979 0.033333
0 0.395052 0.513889 0.011979 0.033333
0 0.405078 0.515741 0.011198 0.033333
0 0.414974 0.516204 0.011198 0.033333
0 0.320703 0.535648 0.012760 0.035185
0 0.331380 0.536806 0.012760 0.034722
0 0.341797 0.537269 0.012240 0.035648
0 0.366797 0.541667 0.011719 0.034259
0 0.377474 0.543056 0.011719 0.034259
0 0.387370 0.543981 0.011719 0.034259
0 0.397786 0.545833 0.011719 0.034259
0 0.407682 0.547685 0.011719 0.034259
0 0.417839 0.549306 0.010677 0.033796
0 0.319401 0.568056 0.012760 0.035185
0 0.330078 0.569444 0.012760 0.035185
0 0.341016 0.571065 0.012760 0.034722
0 0.365755 0.574306 0.012240 0.033796
0 0.376172 0.575231 0.012240 0.033796
0 0.386589 0.577083 0.012240 0.033796
0 0.397266 0.578009 0.012240 0.033796
0 0.407422 0.579398 0.012240 0.033796
0 0.417578 0.580787 0.011198 0.034722
0 0.317188 0.606481 0.012500 0.037037
0 0.339062 0.608565 0.013021 0.037500
0 0.349870 0.610185 0.012760 0.035185
0 0.360547 0.610880 0.013281 0.036574
0 0.371615 0.612037 0.012500 0.037037
0 0.381901 0.613426 0.011719 0.036111
0 0.392578 0.614352 0.012240 0.037037
0 0.403255 0.615509 0.012240 0.036574
0 0.413151 0.617361 0.012240 0.036574
0 0.315365 0.640741 0.013021 0.037037
0 0.326302 0.641667 0.013021 0.037037
0 0.337500 0.643519 0.013021 0.037037
0 0.363542 0.646296 0.013021 0.037037
0 0.374219 0.647222 0.013021 0.037037
0 0.384766 0.647685 0.012760 0.037037
0 0.395443 0.649074 0.012760 0.037037
0 0.406510 0.650926 0.011979 0.035185
0 0.416927 0.651852 0.011979 0.035185
0 0.313542 0.678704 0.013542 0.037963
0 0.324740 0.681019 0.013542 0.037963
0 0.336068 0.681713 0.013281 0.037500
0 0.362240 0.684028 0.013021 0.037500
0 0.373437 0.685417 0.012500 0.037500
0 0.384115 0.685880 0.012500 0.037500
0 0.394792 0.687269 0.012500 0.037500
0 0.405469 0.688194 0.012500 0.037500
0 0.415885 0.688657 0.012500 0.037500
0 0.311458 0.716204 0.013542 0.037963
0 0.322786 0.717130 0.013802 0.038889
0 0.334505 0.718519 0.013802 0.038889
0 0.345703 0.719213 0.013281 0.038426
0 0.356901 0.720139 0.013281 0.038426
0 0.379297 0.721528 0.013281 0.038426
0 0.374870 0.722454 0.013281 0.038426
0 0.390234 0.722917 0.013281 0.038426
0 0.400911 0.723843 0.013281 0.038426
0 0.411719 0.724769 0.013021 0.038426
0 0.309766 0.756944 0.013802 0.038889
0 0.321484 0.757870 0.013802 0.038889
0 0.332943 0.758796 0.013802 0.038889
0 0.344401 0.760185 0.013281 0.039815
0 0.355859 0.760648 0.013281 0.039815
0 0.367318 0.761111 0.013281 0.039815
0 0.378255 0.762500 0.013281 0.039815
0 0.400391 0.763889 0.013281 0.039815
0 0.389714 0.762963 0.013281 0.039815
0 0.411068 0.765046 0.012760 0.040278
0 0.308073 0.795602 0.014063 0.041204
0 0.319792 0.796528 0.014063 0.041204
0 0.330990 0.797917 0.014063 0.041204
0 0.358854 0.799769 0.014063 0.041204
0 0.370573 0.799769 0.013542 0.040278
0 0.382031 0.800694 0.013542 0.040278
0 0.393229 0.801620 0.013542 0.040278
0 0.404427 0.802546 0.012500 0.040278
0 0.415495 0.802546 0.012240 0.041204
0 0.305990 0.835880 0.014063 0.041204
0 0.317969 0.837269 0.014063 0.041204
0 0.329688 0.838194 0.014063 0.041204
0 0.357812 0.839583 0.014063 0.041204
0 0.369531 0.840509 0.014063 0.041204
0 0.380729 0.840509 0.014063 0.041204
0 0.392448 0.840972 0.014063 0.041204
0 0.403646 0.841898 0.014063 0.041204
0 0.415234 0.842130 0.012760 0.041667
0 0.303776 0.882407 0.014323 0.043519
0 0.315755 0.882639 0.014844 0.043056
0 0.327865 0.883333 0.014583 0.043519
0 0.339583 0.884259 0.014583 0.043519
0 0.380339 0.887963 0.013281 0.043519
0 0.391536 0.888426 0.013281 0.043519
0 0.402995 0.887500 0.013281 0.043519
0 0.414453 0.888426 0.013281 0.043519
0 0.434766 0.205556 0.009635 0.026852
0 0.443099 0.203704 0.009635 0.026852
0 0.451953 0.201852 0.009635 0.026852
0 0.460807 0.199537 0.009635 0.026852
0 0.469401 0.197685 0.009635 0.026852
0 0.477995 0.195833 0.009635 0.026852
0 0.486589 0.193519 0.009635 0.026852
0 0.495182 0.190741 0.009635 0.026852
0 0.504297 0.187963 0.009635 0.026852
0 0.512630 0.186111 0.009635 0.026852
0 0.521484 0.183796 0.009635 0.026852
0 0.530599 0.181944 0.009635 0.026852
0 0.539193 0.180093 0.009635 0.026852
0 0.435026 0.229167 0.009635 0.026852
0 0.443620 0.227778 0.009635 0.026852
0 0.452474 0.226852 0.009635 0.026852
0 0.460547 0.223611 0.009635 0.026852
0 0.469661 0.221759 0.009635 0.026852
0 0.434766 0.256944 0.009635 0.026852
0 0.478516 0.219907 0.009635 0.026852
0 0.486849 0.217593 0.009635 0.026852
0 0.495703 0.215278 0.009635 0.026852
0 0.504818 0.213426 0.009635 0.026852
0 0.513411 0.211111 0.009635 0.026852
0 0.522135 0.208796 0.010417 0.027778
0 0.531250 0.207870 0.010417 0.027778
0 0.539583 0.204167 0.010417 0.027778
0 0.443359 0.255093 0.009635 0.026852
0 0.451953 0.253241 0.009635 0.026852
0 0.461328 0.251389 0.009635 0.026852
0 0.469922 0.248843 0.010156 0.027315
0 0.478906 0.246991 0.010417 0.028241
0 0.487500 0.245833 0.009896 0.028704
0 0.496354 0.242824 0.010417 0.028241
0 0.505208 0.240509 0.010417 0.028241
0 0.514323 0.238657 0.010937 0.029167
0 0.523698 0.236111 0.010417 0.028704
0 0.532031 0.235185 0.010417 0.028704
0 0.541146 0.231944 0.010417 0.028704
0 0.435286 0.282407 0.009635 0.027778
0 0.443359 0.280556 0.009635 0.027778
0 0.452214 0.279167 0.009635 0.027778
0 0.461328 0.276852 0.009635 0.027778
0 0.469922 0.274306 0.010156 0.029167
0 0.478776 0.271991 0.010156 0.029167
0 0.488151 0.270602 0.010156 0.029167
0 0.497135 0.268519 0.010937 0.029630
0 0.505990 0.266667 0.009896 0.029630
0 0.515234 0.263889 0.011198 0.029630
0 0.524349 0.262500 0.011198 0.029630
0 0.533203 0.260185 0.011198 0.029630
0 0.542578 0.257639 0.010677 0.029167
0 0.435156 0.311111 0.009896 0.028704
0 0.444401 0.310417 0.009635 0.031019
0 0.452734 0.306944 0.009635 0.029630
0 0.462240 0.305324 0.009896 0.030093
0 0.470573 0.303472 0.009896 0.030093
0 0.479557 0.300926 0.010677 0.029630
0 0.488411 0.300000 0.010677 0.029630
0 0.497786 0.297685 0.010677 0.029630
0 0.507292 0.295602 0.010937 0.029167
0 0.516406 0.292824 0.010937 0.029167
0 0.525000 0.290509 0.010937 0.029167
0 0.534635 0.288657 0.010937 0.029167
0 0.543229 0.286343 0.010937 0.029167
0 0.434766 0.337269 0.010156 0.028241
0 0.444271 0.335880 0.010417 0.029167
0 0.453125 0.334259 0.010417 0.028704
0 0.461849 0.331481 0.010677 0.028704
0 0.471224 0.329630 0.010677 0.028704
0 0.480339 0.327315 0.010677 0.028704
0 0.489323 0.325231 0.011458 0.029167
0 0.498958 0.323148 0.010417 0.028704
0 0.507682 0.321065 0.011198 0.029167
0 0.517057 0.318981 0.011198 0.029630
0 0.526042 0.317130 0.010937 0.030556
0 0.535417 0.315278 0.010937 0.030556
0 0.544531 0.312963 0.010937 0.030556
0 0.535417 0.314815 0.010937 0.030556
0 0.545052 0.313426 0.010937 0.030556
0 0.435156 0.366204 0.009896 0.029630
0 0.444271 0.364815 0.009896 0.029630
0 0.453385 0.362500 0.009896 0.029630
0 0.462370 0.360880 0.009635 0.030093
0 0.471745 0.358565 0.010156 0.030093
0 0.481120 0.355787 0.010156 0.030093
0 0.490234 0.354398 0.010677 0.029167
0 0.499609 0.352546 0.010677 0.029167
0 0.508464 0.350231 0.010677 0.030093
0 0.517839 0.348380 0.010677 0.030093
0 0.527214 0.346065 0.010677 0.030093
0 0.536849 0.343750 0.010677 0.030093
0 0.545964 0.340972 0.010677 0.030093
0 0.435026 0.393287 0.010156 0.030093
0 0.444141 0.391435 0.010156 0.030093
0 0.453255 0.390046 0.010156 0.030093
0 0.462891 0.387731 0.010156 0.030093
0 0.472005 0.385417 0.010156 0.030093
0 0.481380 0.384028 0.010156 0.030093
0 0.490885 0.381944 0.010417 0.030556
0 0.500130 0.379398 0.010677 0.031019
0 0.509245 0.377315 0.011198 0.030556
0 0.518620 0.375463 0.011198 0.030556
0 0.528255 0.373843 0.011719 0.030093
0 0.537630 0.371296 0.010677 0.030556
0 0.547266 0.369444 0.011198 0.031481
0 0.435026 0.423380 0.009635 0.030093
0 0.444661 0.421991 0.010156 0.031019
0 0.453776 0.419676 0.010156 0.031019
0 0.463151 0.418056 0.010677 0.032407
0 0.472786 0.415972 0.010677 0.031944
0 0.481901 0.413657 0.010677 0.031944
0 0.491536 0.411806 0.010677 0.031944
0 0.500911 0.409491 0.010677 0.031944
0 0.510417 0.407870 0.010937 0.031481
0 0.519792 0.406481 0.010937 0.031481
0 0.529427 0.403704 0.010937 0.031481
0 0.539062 0.401852 0.010937 0.031481
0 0.548307 0.398843 0.011198 0.031019
0 0.434896 0.452083 0.010417 0.031944
0 0.444531 0.449769 0.010417 0.031944
0 0.453906 0.448380 0.010417 0.031944
0 0.463281 0.446991 0.010417 0.031944
0 0.472917 0.444676 0.010417 0.031944
0 0.482161 0.442361 0.011198 0.031019
0 0.491797 0.440741 0.011198 0.031481
0 0.501563 0.438194 0.011458 0.031944
0 0.510938 0.436806 0.011458 0.031944
0 0.520573 0.434028 0.011458 0.032870
0 0.530078 0.432407 0.011719 0.031481
0 0.539974 0.430556 0.011719 0.031481
0 0.550260 0.428241 0.011979 0.032407
0 0.435156 0.484491 0.010417 0.031944
0 0.444922 0.483333 0.010677 0.033333
0 0.454297 0.481481 0.010677 0.033333
0 0.463932 0.478704 0.010677 0.033333
0 0.473307 0.477315 0.010677 0.033333
0 0.482682 0.475463 0.010677 0.030556
0 0.492839 0.473148 0.010677 0.033333
0 0.502474 0.471759 0.010677 0.033333
0 0.512109 0.469444 0.010677 0.033333
0 0.522266 0.467130 0.010677 0.033333
0 0.531771 0.465741 0.010937 0.032407
0 0.541536 0.463194 0.011719 0.032870
0 0.551432 0.461343 0.011719 0.032870
0 0.435026 0.515046 0.010677 0.032870
0 0.444661 0.513194 0.010677 0.032870
0 0.454557 0.511343 0.010677 0.032870
0 0.464453 0.509491 0.010677 0.032870
0 0.473828 0.507407 0.011198 0.032407
0 0.483724 0.505556 0.011198 0.032407
0 0.493359 0.503009 0.011719 0.033796
0 0.503255 0.501157 0.011719 0.033796
0 0.513151 0.499306 0.011719 0.033796
0 0.523047 0.497917 0.011719 0.033796
0 0.532943 0.496065 0.011719 0.033796
0 0.542969 0.494213 0.011979 0.033796
0 0.552865 0.492361 0.011979 0.033796
0 0.435156 0.548843 0.010417 0.033796
0 0.444661 0.546991 0.010677 0.034722
0 0.454688 0.544907 0.011458 0.033333
0 0.464583 0.543056 0.011458 0.033333
0 0.474349 0.541435 0.011198 0.033796
0 0.484245 0.539120 0.011198 0.033796
0 0.494401 0.537731 0.011198 0.033796
0 0.503776 0.535880 0.011198 0.033796
0 0.514193 0.534028 0.011198 0.033796
0 0.524089 0.531713 0.011198 0.033796
0 0.533984 0.529861 0.012240 0.033796
0 0.544271 0.528472 0.012500 0.033796
0 0.554688 0.526157 0.011979 0.035648
0 0.435026 0.580093 0.010677 0.033333
0 0.444792 0.578472 0.010937 0.033796
0 0.454688 0.576620 0.010937 0.035648
0 0.464844 0.574769 0.010937 0.035648
0 0.474740 0.572917 0.010937 0.035648
0 0.484635 0.571065 0.010937 0.035648
0 0.494792 0.569213 0.010937 0.035648
0 0.505078 0.567361 0.011198 0.035648
0 0.515365 0.565509 0.011458 0.034722
0 0.525130 0.563657 0.012240 0.034722
0 0.535286 0.561806 0.012240 0.034722
0 0.545703 0.560417 0.012240 0.034722
0 0.555990 0.558333 0.013021 0.034259
0 0.435026 0.616898 0.011198 0.035648
0 0.444792 0.614583 0.011458 0.036574
0 0.454948 0.613194 0.011458 0.036574
0 0.465104 0.611343 0.011458 0.036574
0 0.475260 0.609491 0.011458 0.036574
0 0.485417 0.607639 0.011458 0.036574
0 0.495573 0.605787 0.011458 0.036574
0 0.505990 0.603704 0.011458 0.036111
0 0.516276 0.601389 0.012240 0.036111
0 0.526432 0.600463 0.012240 0.036111
0 0.537109 0.598611 0.012240 0.036111
0 0.547135 0.596759 0.011979 0.036111
0 0.557813 0.594444 0.011979 0.036111
0 0.434766 0.650000 0.011198 0.036111
0 0.445182 0.648611 0.011198 0.036111
0 0.455078 0.647222 0.011198 0.036111
0 0.465234 0.644444 0.011198 0.036111
0 0.475651 0.643056 0.011198 0.036111
0 0.486068 0.641204 0.011198 0.037037
0 0.496224 0.639352 0.011198 0.037037
0 0.506901 0.637269 0.011719 0.037500
0 0.517578 0.635880 0.011719 0.036574
0 0.527734 0.633796 0.012760 0.037037
0 0.538411 0.632176 0.012760 0.036574
0 0.548307 0.629861 0.012760 0.036574
0 0.561068 0.666667 0.012760 0.037963
0 0.559505 0.628935 0.012240 0.037500
0 0.550651 0.668519 0.012760 0.037963
0 0.539974 0.669907 0.012760 0.037963
0 0.529297 0.671296 0.012760 0.037963
0 0.518620 0.673148 0.012760 0.037963
0 0.507943 0.675000 0.012760 0.037963
0 0.497135 0.676157 0.011979 0.037500
0 0.486979 0.678704 0.011979 0.038889
0 0.476302 0.681019 0.011979 0.038889
0 0.465885 0.682407 0.011979 0.037963
0 0.455859 0.684259 0.011719 0.037037
0 0.445052 0.685880 0.011979 0.037500
0 0.434766 0.687731 0.011198 0.037500
0 0.434505 0.723380 0.011198 0.038426
0 0.445182 0.721759 0.011198 0.038889
0 0.455599 0.719676 0.011719 0.038426
0 0.466016 0.717824 0.011719 0.038426
0 0.476693 0.716435 0.012240 0.038426
0 0.487240 0.714583 0.013021 0.038426
0 0.498177 0.712963 0.012500 0.038889
0 0.508594 0.711111 0.012500 0.038889
0 0.519792 0.709722 0.012500 0.038889
0 0.530208 0.707870 0.012500 0.038889
0 0.541146 0.706481 0.012500 0.038889
0 0.552474 0.704861 0.013281 0.038426
0 0.562891 0.702546 0.013281 0.038426
0 0.434505 0.763426 0.011198 0.039815
0 0.444922 0.762037 0.011198 0.039815
0 0.455990 0.760417 0.011979 0.039352
0 0.466406 0.758565 0.011979 0.039352
0 0.477344 0.756713 0.012500 0.040278
0 0.488021 0.754861 0.012500 0.040278
0 0.499219 0.753009 0.012500 0.040278
0 0.509635 0.751620 0.012500 0.040278
0 0.520573 0.750231 0.012500 0.040278
0 0.531901 0.748148 0.013281 0.039815
0 0.543229 0.746296 0.013021 0.039815
0 0.554167 0.743981 0.013021 0.039815
0 0.564583 0.743056 0.013021 0.039815
0 0.434245 0.801852 0.011719 0.041667
0 0.445443 0.800000 0.011719 0.041667
0 0.456120 0.798843 0.011719 0.041204
0 0.467318 0.796991 0.011719 0.041204
0 0.478125 0.794907 0.012500 0.041667
0 0.489063 0.793981 0.012500 0.041667
0 0.500000 0.792130 0.012500 0.041667
0 0.510938 0.789815 0.012500 0.041667
0 0.522135 0.788426 0.012500 0.041667
0 0.533464 0.786343 0.013802 0.040278
0 0.544661 0.784491 0.013802 0.040278
0 0.556250 0.783102 0.013021 0.041204
0 0.567057 0.781481 0.013281 0.040741
0 0.434245 0.843981 0.011719 0.041667
0 0.445443 0.842593 0.012240 0.041667
0 0.456120 0.841667 0.012240 0.041667
0 0.467578 0.839352 0.012240 0.041667
0 0.478776 0.837500 0.012240 0.041667
0 0.489453 0.835648 0.012240 0.041667
0 0.500911 0.834954 0.012240 0.042130
0 0.512500 0.832639 0.013542 0.042130
0 0.523438 0.831250 0.013542 0.042130
0 0.535026 0.829398 0.013281 0.042130
0 0.546354 0.827546 0.014063 0.042130
0 0.557682 0.826157 0.013802 0.042130
0 0.569141 0.823843 0.013802 0.042130
0 0.434245 0.884028 0.011719 0.042130
0 0.445573 0.882870 0.012500 0.042593
0 0.456771 0.881713 0.012500 0.043056
0 0.467708 0.879861 0.012500 0.043056
0 0.479167 0.878009 0.012500 0.043056
0 0.490625 0.876157 0.012500 0.043056
0 0.501823 0.873843 0.012500 0.043056
0 0.513542 0.872454 0.012500 0.043056
0 0.525000 0.871528 0.012500 0.043056
0 0.536328 0.869676 0.013802 0.043981
0 0.547917 0.868287 0.014063 0.043056
0 0.559375 0.865972 0.014063 0.043056
0 0.570833 0.865046 0.014063 0.043056
0 0.555599 0.179398 0.010156 0.026389
0 0.564453 0.180787 0.010156 0.026389
0 0.572786 0.181713 0.010156 0.026389
0 0.581380 0.183102 0.010156 0.026389
0 0.589974 0.184491 0.010156 0.026389
0 0.598568 0.185417 0.010156 0.026389
0 0.606901 0.187731 0.010156 0.026389
0 0.615234 0.188657 0.010156 0.026389
0 0.623828 0.190046 0.010677 0.027315
0 0.632292 0.191667 0.010937 0.025926
0 0.640625 0.192593 0.010937 0.026852
0 0.648958 0.193981 0.010937 0.026852
0 0.656901 0.195602 0.010677 0.025463
0 0.665365 0.196528 0.011458 0.025463
0 0.674219 0.197454 0.011458 0.025463
0 0.682031 0.199306 0.011458 0.025463
0 0.689844 0.200231 0.011458 0.025463
0 0.698177 0.202083 0.011458 0.025463
0 0.556901 0.204167 0.010156 0.025926
0 0.565365 0.205324 0.010417 0.026389
0 0.573958 0.206250 0.010417 0.026389
0 0.582682 0.207639 0.010677 0.025463
0 0.591146 0.208796 0.010937 0.025926
0 0.600391 0.210648 0.010677 0.026852
0 0.608724 0.212037 0.010677 0.026852
0 0.617057 0.213426 0.010677 0.026852
0 0.625911 0.214815 0.011198 0.025926
0 0.634375 0.215972 0.010937 0.026389
0 0.642708 0.216435 0.010937 0.026389
0 0.651042 0.217824 0.010937 0.026389
0 0.659375 0.219213 0.010937 0.026389
0 0.667708 0.221065 0.010937 0.026389
0 0.676042 0.222685 0.010937 0.025926
0 0.684375 0.223148 0.011458 0.025926
0 0.692839 0.223843 0.011198 0.026389
0 0.700911 0.225694 0.011198 0.026389
0 0.558203 0.230093 0.010156 0.026852
0 0.566667 0.232176 0.010937 0.027315
0 0.575781 0.233565 0.010937 0.027315
0 0.584375 0.234954 0.010937 0.027315
0 0.593229 0.235880 0.010937 0.027315
0 0.602083 0.237269 0.010937 0.027315
0 0.610677 0.238657 0.010937 0.027315
0 0.619271 0.240046 0.010937 0.027315
0 0.627604 0.241435 0.010937 0.027315
0 0.636458 0.242361 0.010937 0.027315
0 0.645052 0.243287 0.010937 0.027315
0 0.653646 0.245139 0.010937 0.027315
0 0.661979 0.246528 0.010937 0.027315
0 0.670573 0.247917 0.010937 0.027315
0 0.679427 0.249306 0.011979 0.027315
0 0.687760 0.251157 0.010937 0.026389
0 0.695833 0.251852 0.011458 0.026852
0 0.704167 0.253241 0.011458 0.026852
0 0.559505 0.256019 0.010677 0.027778
0 0.568359 0.257407 0.010677 0.027778
0 0.577214 0.258796 0.010677 0.027778
0 0.586068 0.260648 0.010677 0.027778
0 0.595182 0.261343 0.010677 0.028241
0 0.603776 0.263194 0.010677 0.028241
0 0.612630 0.264120 0.010677 0.028241
0 0.621224 0.265509 0.010677 0.028241
0 0.629557 0.266435 0.010677 0.028241
0 0.638411 0.267824 0.010677 0.028241
0 0.647266 0.269213 0.010677 0.028241
0 0.655859 0.270602 0.010677 0.028241
0 0.664453 0.271991 0.010677 0.028241
0 0.672786 0.273843 0.010677 0.028241
0 0.681641 0.274306 0.010677 0.028241
0 0.690234 0.275463 0.011719 0.027778
0 0.698828 0.276852 0.011719 0.027778
0 0.707031 0.278472 0.011458 0.027315
0 0.560807 0.285648 0.010677 0.028704
0 0.569661 0.287037 0.010677 0.028704
0 0.578385 0.288194 0.011458 0.028241
0 0.587240 0.289120 0.011458 0.028241
0 0.596484 0.290741 0.011198 0.027778
0 0.605599 0.291667 0.011198 0.027778
0 0.614453 0.293519 0.011198 0.027778
0 0.623307 0.293981 0.011198 0.027778
0 0.631901 0.295370 0.011198 0.027778
0 0.640495 0.296296 0.011198 0.027778
0 0.649479 0.297685 0.011458 0.027778
0 0.658073 0.299074 0.011458 0.027778
0 0.666927 0.300463 0.011458 0.027778
0 0.675521 0.301852 0.011458 0.027778
0 0.684375 0.302083 0.011458 0.027315
0 0.692969 0.304398 0.011458 0.027315
0 0.701432 0.304861 0.012240 0.027315
0 0.710026 0.306019 0.011719 0.026852
0 0.561719 0.312500 0.010937 0.027778
0 0.571094 0.312963 0.011458 0.027778
0 0.580208 0.314583 0.011458 0.028241
0 0.589323 0.315509 0.011458 0.028241
0 0.598437 0.316898 0.011458 0.028241
0 0.607552 0.317824 0.011458 0.028241
0 0.616146 0.319213 0.011458 0.028241
0 0.625260 0.320602 0.011458 0.028241
0 0.634375 0.321528 0.011458 0.028241
0 0.643229 0.322454 0.011458 0.028241
0 0.651563 0.323380 0.011458 0.028241
0 0.660937 0.324769 0.011458 0.028241
0 0.669531 0.326157 0.011458 0.028241
0 0.678125 0.327083 0.011979 0.027315
0 0.687240 0.328009 0.011979 0.027315
0 0.695573 0.329398 0.011979 0.027315
0 0.704427 0.330787 0.011979 0.027315
0 0.713281 0.331481 0.011458 0.027778
0 0.563672 0.342593 0.010677 0.029630
0 0.573047 0.343287 0.011198 0.030093
0 0.582292 0.344444 0.011458 0.028704
0 0.591146 0.345370 0.011458 0.028704
0 0.617969 0.348611 0.011458 0.028704
0 0.600521 0.346759 0.011458 0.028704
0 0.609375 0.348611 0.011458 0.028704
0 0.627344 0.350000 0.011458 0.028704
0 0.636458 0.351389 0.011458 0.028704
0 0.645573 0.352315 0.011458 0.028704
0 0.654687 0.352778 0.011979 0.028704
0 0.663802 0.354167 0.011979 0.028704
0 0.672396 0.355093 0.011979 0.028704
0 0.681510 0.356019 0.011979 0.028704
0 0.689844 0.356944 0.011979 0.028704
0 0.698958 0.358333 0.011979 0.028704
0 0.707552 0.359259 0.011979 0.028704
0 0.716406 0.360185 0.011979 0.028704
0 0.564714 0.370370 0.011198 0.029630
0 0.574349 0.370833 0.011198 0.029630
0 0.583724 0.373148 0.011198 0.029630
0 0.593099 0.373843 0.012240 0.030093
0 0.602474 0.374769 0.012240 0.030093
0 0.611719 0.375694 0.012500 0.029167
0 0.620573 0.376620 0.012500 0.029167
0 0.629948 0.378009 0.012500 0.029167
0 0.639062 0.378935 0.012500 0.029167
0 0.648438 0.379398 0.012500 0.029167
0 0.657031 0.380787 0.012500 0.029167
0 0.666406 0.381250 0.011979 0.029167
0 0.675130 0.381944 0.011719 0.028704
0 0.684635 0.383565 0.011979 0.029167
0 0.692969 0.384491 0.011979 0.029167
0 0.702083 0.384954 0.011979 0.029167
0 0.710417 0.386806 0.011979 0.029167
0 0.719531 0.387037 0.012500 0.028704
0 0.566797 0.401389 0.011198 0.031481
0 0.576432 0.403241 0.011198 0.031481
0 0.585547 0.404167 0.011198 0.031481
0 0.595182 0.405093 0.011198 0.031481
0 0.604297 0.406481 0.011198 0.031481
0 0.613672 0.406944 0.011198 0.031481
0 0.623177 0.408333 0.011979 0.031481
0 0.632552 0.409028 0.011979 0.030093
0 0.641667 0.410417 0.011979 0.030093
0 0.651042 0.411343 0.011979 0.030093
0 0.660156 0.412269 0.011979 0.030093
0 0.669531 0.413194 0.011979 0.030093
0 0.678385 0.414583 0.011979 0.030093
0 0.687240 0.415509 0.011979 0.030093
0 0.696615 0.417130 0.012500 0.029630
0 0.705729 0.417593 0.012500 0.029630
0 0.714323 0.418981 0.012500 0.029630
0 0.723437 0.418981 0.012500 0.029630
0 0.568359 0.430556 0.011198 0.031481
0 0.577995 0.431481 0.011198 0.031481
0 0.587370 0.432870 0.011198 0.031481
0 0.597005 0.433796 0.011198 0.031481
0 0.606120 0.434722 0.011719 0.030556
0 0.616016 0.436111 0.011719 0.030556
0 0.624870 0.437037 0.011719 0.030556
0 0.634505 0.437500 0.011719 0.030556
0 0.643620 0.439352 0.011719 0.030556
0 0.653255 0.439815 0.011719 0.030556
0 0.662630 0.441204 0.012240 0.030556
0 0.672005 0.441667 0.012240 0.030556
0 0.680859 0.442593 0.012240 0.030556
0 0.689974 0.444444 0.012240 0.030556
0 0.699349 0.446296 0.012240 0.030556
0 0.708464 0.446759 0.012240 0.030556
0 0.717839 0.447222 0.012240 0.030556
0 0.726693 0.447685 0.012240 0.030556
0 0.569661 0.460185 0.011198 0.031481
0 0.579557 0.461574 0.011198 0.031481
0 0.588932 0.463426 0.011198 0.031481
0 0.598828 0.462500 0.011198 0.031481
0 0.608203 0.464352 0.011719 0.031481
0 0.617578 0.465741 0.011719 0.031481
0 0.626953 0.465741 0.011719 0.031481
0 0.636979 0.467361 0.012500 0.031944
0 0.646615 0.469213 0.012500 0.031944
0 0.656250 0.469676 0.012500 0.031944
0 0.665104 0.470139 0.012500 0.031944
0 0.674479 0.471528 0.012500 0.031944
0 0.683854 0.472454 0.012500 0.031944
0 0.693229 0.473380 0.012500 0.031944
0 0.702344 0.474537 0.013021 0.032407
0 0.711849 0.475463 0.012760 0.031481
0 0.720703 0.476852 0.013281 0.031481
0 0.730078 0.477083 0.012760 0.031019
0 0.571224 0.490741 0.011719 0.032407
0 0.581380 0.491667 0.011719 0.032407
0 0.591016 0.493056 0.011719 0.032407
0 0.600391 0.494213 0.012240 0.032870
0 0.610026 0.495139 0.012240 0.032870
0 0.619661 0.496296 0.012760 0.032407
0 0.629818 0.497222 0.012760 0.032407
0 0.638932 0.498611 0.012760 0.032407
0 0.648828 0.499537 0.012760 0.032407
0 0.658464 0.500463 0.012760 0.032407
0 0.668099 0.501389 0.012760 0.032407
0 0.677474 0.501389 0.012760 0.032407
0 0.687109 0.503241 0.012760 0.032407
0 0.696354 0.504167 0.013021 0.031481
0 0.705990 0.504630 0.013021 0.031481
0 0.714844 0.506019 0.013021 0.031481
0 0.724479 0.506481 0.013021 0.031481
0 0.733594 0.506944 0.013021 0.031481
0 0.573307 0.524537 0.011719 0.032407
0 0.582682 0.525926 0.012240 0.033333
0 0.592578 0.527315 0.012240 0.033333
0 0.602474 0.527778 0.012240 0.033333
0 0.612370 0.528704 0.012240 0.033333
0 0.622266 0.530556 0.012240 0.033333
0 0.632161 0.530556 0.012240 0.033333
0 0.641536 0.531944 0.012240 0.033333
0 0.651693 0.532870 0.012240 0.033333
0 0.661328 0.533796 0.012240 0.033333
0 0.670964 0.534722 0.012240 0.033333
0 0.680859 0.535880 0.013281 0.032870
0 0.690234 0.536806 0.013281 0.032870
0 0.700130 0.537269 0.013281 0.032870
0 0.709505 0.539120 0.013281 0.032870
0 0.718880 0.539120 0.013281 0.032870
0 0.727995 0.540046 0.013281 0.032870
0 0.737630 0.540972 0.013281 0.032870
0 0.574740 0.557176 0.011979 0.033796
0 0.584896 0.558102 0.011979 0.033796
0 0.594792 0.558565 0.011979 0.033796
0 0.604688 0.559491 0.011979 0.033796
0 0.614583 0.560417 0.011979 0.033796
0 0.624479 0.561574 0.013021 0.033333
0 0.634635 0.562963 0.013021 0.033333
0 0.644271 0.563889 0.013021 0.033333
0 0.654427 0.563889 0.013021 0.033333
0 0.664583 0.565741 0.013021 0.033333
0 0.673958 0.566667 0.013021 0.033333
0 0.683594 0.567593 0.013021 0.033333
0 0.693229 0.568519 0.013021 0.033333
0 0.703125 0.569444 0.013021 0.033333
0 0.712500 0.570370 0.013021 0.033333
0 0.722135 0.571296 0.013021 0.033333
0 0.731771 0.571759 0.013021 0.033333
0 0.740885 0.572685 0.013021 0.033333
0 0.576432 0.593519 0.012760 0.034259
0 0.587109 0.594907 0.012760 0.034259
0 0.597266 0.595370 0.012760 0.034259
0 0.607161 0.596759 0.012760 0.034259
0 0.617057 0.596759 0.012760 0.034259
0 0.627474 0.597685 0.012760 0.034259
0 0.637370 0.598611 0.012760 0.034259
0 0.647005 0.599537 0.012760 0.034259
0 0.657031 0.600231 0.013021 0.034722
0 0.667448 0.602083 0.013021 0.034722
0 0.677344 0.603009 0.013021 0.034722
0 0.686719 0.603009 0.013021 0.034722
0 0.696875 0.603935 0.013021 0.034722
0 0.706250 0.604861 0.013021 0.034722
0 0.716146 0.605787 0.013021 0.034722
0 0.725521 0.606250 0.013021 0.034722
0 0.735547 0.607407 0.013281 0.034259
0 0.744922 0.607870 0.013281 0.034259
0 0.578125 0.627546 0.013021 0.035648
0 0.588802 0.628472 0.013021 0.035648
0 0.598958 0.629398 0.013021 0.035648
0 0.609375 0.629861 0.013021 0.035648
0 0.619531 0.631250 0.013021 0.035648
0 0.629687 0.631713 0.013021 0.035648
0 0.639844 0.632639 0.013021 0.035648
0 0.650521 0.633565 0.013021 0.035648
0 0.660156 0.634028 0.013021 0.035648
0 0.670052 0.635417 0.013021 0.035648
0 0.679948 0.636343 0.013021 0.035648
0 0.690104 0.636806 0.013021 0.035648
0 0.699740 0.636806 0.013021 0.035648
0 0.709896 0.638194 0.013542 0.035648
0 0.719792 0.639120 0.013542 0.035648
0 0.729167 0.639583 0.013542 0.035648
0 0.739062 0.640509 0.014063 0.034722
0 0.748698 0.640509 0.014063 0.034722
0 0.580990 0.664815 0.013021 0.037037
0 0.591146 0.665741 0.013021 0.037037
0 0.601823 0.666667 0.013021 0.037037
0 0.611719 0.667824 0.013542 0.037500
0 0.622396 0.668750 0.013542 0.037500
0 0.632812 0.669213 0.013542 0.037500
0 0.643229 0.670602 0.013542 0.037500
0 0.653385 0.671065 0.013542 0.037500
0 0.663542 0.671991 0.013542 0.037500
0 0.673438 0.672454 0.013542 0.037500
0 0.683854 0.672917 0.013542 0.037500
0 0.693750 0.673611 0.013542 0.036111
0 0.703646 0.674074 0.013542 0.036111
0 0.713802 0.675000 0.014063 0.036111
0 0.723437 0.675000 0.014063 0.036111
0 0.733594 0.675926 0.014063 0.036111
0 0.743490 0.676389 0.014063 0.036111
0 0.753125 0.677315 0.014063 0.036111
0 0.582422 0.700926 0.013281 0.037963
0 0.593099 0.701389 0.013281 0.037963
0 0.603776 0.701852 0.013281 0.037963
0 0.614193 0.703241 0.013281 0.037963
0 0.625130 0.704167 0.013281 0.037963
0 0.635547 0.704630 0.013281 0.037963
0 0.645703 0.706019 0.013281 0.037963
0 0.656380 0.706481 0.013281 0.037963
0 0.666276 0.706481 0.013281 0.037963
0 0.676693 0.707407 0.013281 0.037963
0 0.686849 0.708102 0.013802 0.037500
0 0.697266 0.709028 0.013802 0.037500
0 0.707682 0.709491 0.013802 0.037500
0 0.717448 0.709954 0.014583 0.035648
0 0.727083 0.709028 0.014583 0.035648
0 0.736979 0.710880 0.014583 0.035648
0 0.747135 0.710880 0.014583 0.035648
0 0.757292 0.711806 0.014583 0.035648
0 0.584766 0.740741 0.013281 0.037963
0 0.595443 0.741667 0.013281 0.037963
0 0.606120 0.742130 0.013281 0.037963
0 0.616797 0.743056 0.013281 0.037963
0 0.627734 0.743981 0.013281 0.037963
0 0.638672 0.743981 0.013281 0.037963
0 0.649349 0.745370 0.013281 0.037963
0 0.659766 0.745833 0.013281 0.037963
0 0.669922 0.746759 0.013281 0.037963
0 0.680078 0.747222 0.013281 0.037963
0 0.690495 0.748148 0.013281 0.037963
0 0.700911 0.748148 0.013802 0.037963
0 0.700911 0.747917 0.013802 0.037500
0 0.711328 0.748380 0.013802 0.037500
0 0.721224 0.749306 0.013802 0.037500
0 0.731641 0.748843 0.013802 0.037500
0 0.741797 0.749769 0.013802 0.037500
0 0.751693 0.750231 0.013802 0.037500
0 0.761589 0.750694 0.014323 0.037500
0 0.586849 0.779398 0.013802 0.039352
0 0.598047 0.779398 0.013802 0.039352
0 0.609245 0.779398 0.013802 0.039352
0 0.619661 0.781250 0.013802 0.039352
0 0.630599 0.781713 0.013802 0.039352
0 0.641276 0.781713 0.013802 0.039352
0 0.651432 0.781713 0.013802 0.039352
0 0.662891 0.783102 0.013802 0.039352
0 0.673047 0.783565 0.013802 0.039352
0 0.683984 0.783565 0.013802 0.039352
0 0.694141 0.784954 0.013802 0.039352
0 0.705078 0.784954 0.013802 0.039352
0 0.714714 0.785880 0.013802 0.039352
0 0.725391 0.786343 0.014323 0.038426
0 0.735286 0.786343 0.014323 0.038426
0 0.745443 0.786343 0.014323 0.038426
0 0.756120 0.787731 0.014323 0.038426
0 0.765495 0.787731 0.014323 0.038426
0 0.589583 0.823611 0.014063 0.039815
0 0.601042 0.824074 0.014063 0.041667
0 0.611719 0.825463 0.014063 0.041667
0 0.622396 0.825926 0.014063 0.041667
0 0.633333 0.825926 0.014063 0.041667
0 0.644271 0.826389 0.014063 0.041667
0 0.655469 0.826852 0.014063 0.041667
0 0.665625 0.826852 0.014063 0.041667
0 0.676562 0.827083 0.014583 0.040278
0 0.686979 0.827546 0.014583 0.040278
0 0.697917 0.827546 0.014583 0.040278
0 0.708594 0.828472 0.014583 0.040278
0 0.718750 0.828935 0.014583 0.040278
0 0.729427 0.828472 0.014583 0.040278
0 0.739583 0.829398 0.014583 0.040278
0 0.750000 0.829398 0.014583 0.040278
0 0.760417 0.828935 0.014583 0.040278
0 0.770312 0.829398 0.014583 0.040278
0 0.592057 0.864352 0.013802 0.041667
0 0.603255 0.864352 0.013802 0.041667
0 0.614193 0.865278 0.013802 0.041667
0 0.625391 0.865278 0.013802 0.041667
0 0.636328 0.865741 0.013802 0.041667
0 0.647266 0.865741 0.013802 0.041667
0 0.658203 0.866667 0.013802 0.041667
0 0.669141 0.866667 0.013802 0.041667
0 0.679818 0.867130 0.013802 0.041667
0 0.690495 0.866667 0.013802 0.041667
0 0.701302 0.867130 0.014583 0.040741
0 0.712240 0.867130 0.014583 0.040741
0 0.722656 0.867130 0.014583 0.040741
0 0.732812 0.867593 0.014583 0.040741
0 0.744010 0.867593 0.014583 0.040741
0 0.754167 0.867130 0.014583 0.040741
0 0.764323 0.868519 0.014583 0.040741
0 0.774740 0.868519 0.014583 0.040741
