0 0.131641 0.948843 0.010677 0.036574
0 0.141016 0.946991 0.010677 0.036574
0 0.149870 0.944676 0.010677 0.036574
0 0.160807 0.940046 0.010677 0.036574
0 0.169922 0.937731 0.010677 0.036574
0 0.178516 0.934491 0.010677 0.036574
0 0.186849 0.932639 0.010677 0.036574
0 0.195964 0.930787 0.010677 0.036574
0 0.204818 0.929398 0.010677 0.036574
0 0.213411 0.926620 0.010677 0.036574
0 0.222266 0.923843 0.010677 0.036574
0 0.230859 0.921528 0.010677 0.036574
0 0.232161 0.888657 0.010677 0.036574
0 0.223047 0.891435 0.010677 0.036574
0 0.213672 0.893287 0.010677 0.036574
0 0.205339 0.894676 0.010677 0.036574
0 0.196745 0.897454 0.010677 0.036574
0 0.188151 0.901157 0.010677 0.036574
0 0.179557 0.902546 0.010677 0.036574
0 0.170703 0.903935 0.010677 0.036574
0 0.162370 0.906250 0.010677 0.036574
0 0.151172 0.910417 0.010677 0.036574
0 0.142578 0.912731 0.010677 0.036574
0 0.133203 0.915046 0.010677 0.036574
0 0.134766 0.875231 0.010677 0.036574
0 0.144141 0.873380 0.010677 0.036574
0 0.152474 0.870602 0.010677 0.036574
0 0.163672 0.867361 0.010677 0.036574
0 0.172266 0.865509 0.010677 0.036574
0 0.180859 0.863657 0.010677 0.036574
0 0.189453 0.861806 0.010677 0.036574
0 0.197786 0.858565 0.010677 0.036574
0 0.206641 0.857176 0.010677 0.036574
0 0.214974 0.854398 0.010677 0.036574
0 0.223568 0.853009 0.010677 0.036574
0 0.232422 0.850694 0.010677 0.036574
0 0.232943 0.819213 0.010677 0.036574
0 0.223828 0.820602 0.010677 0.036574
0 0.215755 0.823380 0.010677 0.036574
0 0.206901 0.825231 0.010677 0.036574
0 0.198568 0.827546 0.010677 0.036574
0 0.190234 0.829398 0.010677 0.036574
0 0.181120 0.831713 0.010677 0.036574
0 0.173307 0.833102 0.010677 0.036574
0 0.164453 0.835880 0.010677 0.036574
0 0.153776 0.837731 0.010677 0.036574
0 0.144922 0.840046 0.010677 0.036574
0 0.136328 0.841898 0.010677 0.036574
0 0.137630 0.809491 0.010677 0.036574
0 0.147005 0.806250 0.010677 0.036574
0 0.155339 0.804398 0.010677 0.036574
0 0.166667 0.797454 0.010937 0.035648
0 0.174219 0.796065 0.010937 0.035648
0 0.182552 0.794213 0.010937 0.035648
0 0.191146 0.791435 0.010937 0.035648
0 0.199219 0.790046 0.010937 0.035648
0 0.208333 0.787269 0.010937 0.035648
0 0.216406 0.784954 0.010937 0.035648
0 0.225000 0.783102 0.010937 0.035648
0 0.233073 0.780787 0.010937 0.035648
0 0.234115 0.751157 0.010937 0.035648
0 0.225260 0.752083 0.010937 0.035648
0 0.217188 0.755787 0.010937 0.035648
0 0.208333 0.757176 0.010937 0.035648
0 0.200260 0.759491 0.010937 0.035648
0 0.191667 0.762269 0.010937 0.035648
0 0.183594 0.764120 0.010937 0.035648
0 0.175000 0.765509 0.010937 0.035648
0 0.166927 0.767824 0.010937 0.035648
0 0.156510 0.771528 0.010937 0.035648
0 0.147917 0.774769 0.010937 0.035648
0 0.139323 0.777083 0.010937 0.035648
0 0.140625 0.744676 0.010937 0.035648
0 0.149219 0.742824 0.010937 0.035648
0 0.157552 0.739583 0.010937 0.035648
0 0.168359 0.734491 0.010156 0.033796
0 0.175911 0.731250 0.010156 0.033796
0 0.184505 0.728935 0.010156 0.033796
0 0.192839 0.726157 0.010156 0.033796
0 0.200911 0.724306 0.010156 0.033796
0 0.209245 0.722917 0.010156 0.033796
0 0.217839 0.720602 0.010156 0.033796
0 0.226172 0.717361 0.010156 0.033796
0 0.234505 0.715972 0.010156 0.033796
0 0.235026 0.686343 0.010156 0.033796
0 0.226432 0.688657 0.010156 0.033796
0 0.218359 0.690046 0.010156 0.033796
0 0.209505 0.693287 0.010156 0.033796
0 0.201693 0.696065 0.010156 0.033796
0 0.193620 0.696528 0.010156 0.033796
0 0.185286 0.699769 0.010156 0.033796
0 0.177214 0.701620 0.010156 0.033796
0 0.168880 0.704398 0.010156 0.033796
0 0.158724 0.708565 0.010156 0.033796
0 0.150130 0.711343 0.010156 0.033796
0 0.141797 0.714583 0.010156 0.033796
0 0.143099 0.683565 0.010156 0.033796
0 0.151693 0.680787 0.010156 0.033796
0 0.160286 0.678009 0.010156 0.033796
0 0.169922 0.674769 0.010156 0.033796
0 0.178255 0.672917 0.010156 0.033796
0 0.186589 0.670602 0.010156 0.033796
0 0.194401 0.668750 0.010156 0.033796
0 0.202214 0.666435 0.010156 0.033796
0 0.210807 0.664120 0.010156 0.033796
0 0.219141 0.662269 0.010156 0.033796
0 0.227214 0.660417 0.010156 0.033796
0 0.236068 0.628009 0.010156 0.033796
0 0.227865 0.630093 0.009375 0.032407
0 0.219271 0.633333 0.009375 0.032407
0 0.211198 0.635185 0.009375 0.032407
0 0.202865 0.637963 0.009375 0.032407
0 0.195052 0.640278 0.009375 0.032407
0 0.186979 0.641204 0.009375 0.032407
0 0.179167 0.644444 0.009375 0.032407
0 0.171354 0.645833 0.009375 0.032407
0 0.161198 0.649074 0.009375 0.032407
0 0.152344 0.650000 0.009375 0.032407
0 0.144010 0.653704 0.009375 0.032407
0 0.145052 0.623611 0.009375 0.032407
0 0.154167 0.620833 0.009375 0.032407
0 0.162500 0.618056 0.009375 0.032407
0 0.172135 0.613889 0.009375 0.032407
0 0.179948 0.611111 0.009375 0.032407
0 0.188021 0.609259 0.009375 0.032407
0 0.195833 0.606481 0.009375 0.032407
0 0.203906 0.605556 0.009375 0.032407
0 0.212500 0.602315 0.009375 0.032407
0 0.220312 0.600463 0.009375 0.032407
0 0.228385 0.598148 0.009375 0.032407
0 0.236198 0.594444 0.009375 0.032407
0 0.236458 0.568981 0.009375 0.032407
0 0.228646 0.570139 0.009375 0.031019
0 0.220573 0.573380 0.009375 0.031019
0 0.212760 0.574769 0.009375 0.031019
0 0.204427 0.576620 0.009375 0.031019
0 0.196875 0.579398 0.009375 0.031019
0 0.188542 0.581713 0.009375 0.031019
0 0.180729 0.583565 0.009375 0.031019
0 0.172917 0.586343 0.009375 0.031019
0 0.163281 0.589583 0.009375 0.031019
0 0.154688 0.592361 0.009375 0.031019
0 0.146615 0.594676 0.009375 0.031019
0 0.147917 0.562731 0.009375 0.031019
0 0.156250 0.560417 0.009375 0.031019
0 0.164062 0.558565 0.009375 0.031019
0 0.174740 0.553472 0.009375 0.031019
0 0.182031 0.552546 0.009375 0.031019
0 0.189583 0.548843 0.009375 0.031019
0 0.197656 0.546991 0.009375 0.031019
0 0.205469 0.545139 0.009375 0.031019
0 0.213281 0.543287 0.009375 0.031019
0 0.221354 0.540972 0.009375 0.031019
0 0.229167 0.538194 0.009375 0.031019
0 0.237240 0.535417 0.009375 0.031019
0 0.237240 0.510417 0.009375 0.031019
0 0.229167 0.512269 0.009375 0.031019
0 0.221615 0.513657 0.009375 0.031019
0 0.213802 0.516435 0.009375 0.031019
0 0.206250 0.518750 0.009375 0.031019
0 0.198177 0.521065 0.009375 0.031019
0 0.190625 0.523380 0.009375 0.031019
0 0.182552 0.524769 0.009375 0.031019
0 0.175260 0.528472 0.009375 0.031019
0 0.164844 0.530324 0.009375 0.031019
0 0.157031 0.532639 0.009375 0.031019
0 0.148958 0.536343 0.009375 0.031019
0 0.150260 0.501157 0.009375 0.031019
0 0.158854 0.499306 0.009375 0.031019
0 0.166406 0.496528 0.009375 0.031019
0 0.176693 0.491667 0.009115 0.028704
0 0.183724 0.489352 0.009115 0.028704
0 0.191536 0.487500 0.009115 0.028704
0 0.199089 0.485185 0.009115 0.028704
0 0.207161 0.482870 0.009115 0.028704
0 0.214453 0.480556 0.009115 0.028704
0 0.222005 0.478704 0.009115 0.028704
0 0.230078 0.476389 0.009115 0.028704
0 0.237891 0.474537 0.009115 0.028704
0 0.238411 0.447685 0.009115 0.028704
0 0.230078 0.450000 0.009115 0.028704
0 0.223047 0.451389 0.009115 0.028704
0 0.215234 0.455093 0.009115 0.028704
0 0.207422 0.456944 0.009115 0.028704
0 0.199349 0.458333 0.009115 0.028704
0 0.192057 0.460648 0.009115 0.028704
0 0.183984 0.462037 0.009115 0.028704
0 0.176953 0.465741 0.009115 0.028704
0 0.167318 0.468981 0.009115 0.028704
0 0.159505 0.471759 0.009115 0.028704
0 0.151432 0.474074 0.009115 0.028704
0 0.203125 0.252546 0.008333 0.025463
0 0.210156 0.249769 0.008333 0.025463
0 0.217448 0.246991 0.008333 0.025463
0 0.224479 0.245139 0.008333 0.025463
0 0.231510 0.242361 0.008333 0.025463
0 0.238802 0.239120 0.008333 0.025463
0 0.246354 0.237731 0.008333 0.025463
0 0.253125 0.234491 0.008333 0.025463
0 0.260677 0.231713 0.007812 0.025463
0 0.267708 0.229861 0.007812 0.025463
0 0.275000 0.228009 0.007812 0.025463
0 0.282031 0.224769 0.007812 0.025463
0 0.289323 0.222454 0.007812 0.025463
0 0.296354 0.220139 0.007812 0.025463
0 0.303906 0.217824 0.007812 0.025463
0 0.310937 0.215046 0.007812 0.025463
0 0.318229 0.212269 0.007812 0.025463
0 0.325260 0.209491 0.007812 0.025463
0 0.332813 0.207639 0.007812 0.025463
0 0.340365 0.204861 0.007812 0.025463
0 0.347917 0.202546 0.007812 0.025463
0 0.354948 0.199769 0.007812 0.025463
0 0.362240 0.197454 0.007812 0.025463
0 0.369531 0.194213 0.007812 0.025463
0 0.377083 0.192361 0.007812 0.025463
0 0.384375 0.189583 0.007812 0.025463
0 0.385156 0.215972 0.007812 0.025463
0 0.377604 0.219213 0.007812 0.025463
0 0.370312 0.221991 0.007812 0.025463
0 0.363281 0.223843 0.007812 0.025463
0 0.355729 0.226157 0.007812 0.025463
0 0.348177 0.228472 0.007812 0.025463
0 0.340625 0.231250 0.007812 0.025463
0 0.333333 0.233102 0.007812 0.025463
0 0.325781 0.236343 0.007812 0.025463
0 0.318750 0.238657 0.007812 0.025463
0 0.311198 0.240972 0.007812 0.025463
0 0.303906 0.243750 0.007812 0.025463
0 0.296875 0.246065 0.007812 0.025463
0 0.289062 0.248380 0.007812 0.025463
0 0.282031 0.250694 0.007812 0.025463
0 0.274740 0.253472 0.007812 0.025463
0 0.267188 0.256250 0.007812 0.025463
0 0.259896 0.257639 0.007812 0.025463
0 0.252865 0.260417 0.007812 0.025463
0 0.245573 0.263194 0.007812 0.025463
0 0.238281 0.264583 0.007812 0.025463
0 0.231250 0.267361 0.007812 0.025463
0 0.223438 0.269676 0.007812 0.025463
0 0.216667 0.271528 0.007812 0.025463
0 0.209375 0.274306 0.007812 0.025463
0 0.201823 0.276620 0.007812 0.025463
0 0.201563 0.298843 0.007812 0.025463
0 0.208854 0.296991 0.007812 0.025463
0 0.216667 0.294213 0.007812 0.025463
0 0.223438 0.291898 0.007812 0.025463
0 0.230990 0.289583 0.007812 0.025463
0 0.238281 0.287269 0.007812 0.025463
0 0.245312 0.285417 0.007812 0.025463
0 0.252865 0.282639 0.007812 0.025463
0 0.260156 0.280787 0.007812 0.025463
0 0.267448 0.278009 0.007812 0.025463
0 0.274740 0.276157 0.007812 0.025463
0 0.282031 0.272917 0.007812 0.025463
0 0.289583 0.271991 0.007812 0.025463
0 0.296875 0.269213 0.007812 0.025463
0 0.304167 0.266435 0.007812 0.025463
0 0.311458 0.264120 0.007812 0.025463
0 0.319010 0.261343 0.007812 0.025463
0 0.326562 0.259028 0.007812 0.025463
0 0.333854 0.256713 0.007812 0.025463
0 0.341146 0.254398 0.007812 0.025463
0 0.348698 0.252083 0.007812 0.025463
0 0.356250 0.249306 0.007812 0.025463
0 0.363802 0.246991 0.007812 0.025463
0 0.371354 0.244213 0.007812 0.025463
0 0.378906 0.242361 0.007812 0.025463
0 0.386198 0.239583 0.007812 0.025463
0 0.366667 0.272454 0.007812 0.025463
0 0.358854 0.275231 0.007812 0.025463
0 0.351302 0.276620 0.007812 0.025463
0 0.343750 0.279861 0.007812 0.025463
0 0.336458 0.282639 0.007812 0.025463
0 0.328906 0.284028 0.007812 0.025463
0 0.321094 0.286806 0.007812 0.025463
0 0.313802 0.289120 0.007812 0.025463
0 0.306250 0.292824 0.007812 0.025463
0 0.298698 0.294676 0.007812 0.025463
0 0.291406 0.296528 0.007812 0.025463
0 0.284115 0.299769 0.007812 0.025463
0 0.276562 0.301157 0.007812 0.025463
0 0.269010 0.303009 0.007812 0.025463
0 0.261719 0.306250 0.007812 0.025463
0 0.254167 0.308565 0.007812 0.025463
0 0.246615 0.310417 0.007812 0.025463
0 0.239323 0.312269 0.007812 0.025463
0 0.232031 0.315046 0.007812 0.025463
0 0.225000 0.317824 0.007812 0.025463
0 0.217969 0.320139 0.007812 0.025463
0 0.210417 0.322454 0.007812 0.025463
0 0.202865 0.324306 0.007812 0.025463
0 0.195573 0.327083 0.007812 0.025463
0 0.195052 0.350694 0.007812 0.025463
0 0.202344 0.347917 0.007812 0.025463
0 0.210156 0.346065 0.007812 0.025463
0 0.217708 0.343287 0.007812 0.025463
0 0.224740 0.340509 0.007812 0.025463
0 0.231771 0.339583 0.007812 0.025463
0 0.239323 0.335880 0.007812 0.025463
0 0.246875 0.334028 0.007812 0.025463
0 0.254167 0.332176 0.007812 0.025463
0 0.261719 0.329861 0.007812 0.025463
0 0.269271 0.327546 0.007812 0.025463
0 0.276562 0.324306 0.007812 0.025463
0 0.283854 0.322454 0.007812 0.025463
0 0.291667 0.320602 0.007812 0.025463
0 0.299219 0.318287 0.007812 0.025463
0 0.306771 0.315972 0.007812 0.025463
0 0.314063 0.313657 0.007812 0.025463
0 0.321615 0.310417 0.007812 0.025463
0 0.329427 0.308565 0.007812 0.025463
0 0.336719 0.305787 0.007812 0.025463
0 0.344271 0.303935 0.007812 0.025463
0 0.352344 0.301620 0.007812 0.025463
0 0.359375 0.298843 0.007812 0.025463
0 0.367448 0.296991 0.007812 0.025463
0 0.368359 0.324306 0.008073 0.025463
0 0.360547 0.327083 0.008073 0.025463
0 0.352474 0.329398 0.008073 0.025463
0 0.345182 0.331713 0.008073 0.025463
0 0.337370 0.334028 0.008073 0.025463
0 0.329557 0.336806 0.008073 0.025463
0 0.322266 0.338657 0.008073 0.025463
0 0.314453 0.341435 0.008073 0.025463
0 0.306901 0.343750 0.008073 0.025463
0 0.299089 0.346065 0.008073 0.025463
0 0.292057 0.347917 0.008073 0.025463
0 0.283984 0.350231 0.008073 0.025463
0 0.276432 0.353472 0.008073 0.025463
0 0.269141 0.355324 0.008073 0.025463
0 0.246484 0.362731 0.008073 0.025463
0 0.238932 0.364583 0.008073 0.025463
0 0.231641 0.367361 0.008073 0.025463
0 0.223828 0.370139 0.008073 0.025463
0 0.216536 0.371991 0.008073 0.025463
0 0.209245 0.374306 0.008073 0.025463
0 0.201432 0.376157 0.008073 0.025463
0 0.194401 0.378009 0.008073 0.025463
0 0.193620 0.403009 0.008073 0.025463
0 0.201432 0.400694 0.008073 0.025463
0 0.208984 0.398380 0.008073 0.025463
0 0.216276 0.396528 0.008073 0.025463
0 0.223828 0.393750 0.008073 0.025463
0 0.231380 0.391435 0.008073 0.025463
0 0.238932 0.389120 0.008073 0.025463
0 0.246224 0.386806 0.008073 0.025463
0 0.254297 0.384954 0.008073 0.025463
0 0.261589 0.382176 0.008073 0.025463
0 0.269141 0.379861 0.008073 0.025463
0 0.276432 0.377083 0.008073 0.025463
0 0.284245 0.374769 0.008073 0.025463
0 0.291797 0.371991 0.008073 0.025463
0 0.299349 0.370139 0.008073 0.025463
0 0.306901 0.367824 0.008073 0.025463
0 0.314974 0.365046 0.008073 0.025463
0 0.322526 0.362731 0.008073 0.025463
0 0.330339 0.360417 0.008073 0.025463
0 0.338151 0.358565 0.008073 0.025463
0 0.346224 0.356250 0.008073 0.025463
0 0.353516 0.353935 0.008073 0.025463
0 0.361328 0.351157 0.008073 0.025463
0 0.368880 0.349306 0.008073 0.025463
0 0.370182 0.374306 0.008073 0.025463
0 0.362370 0.375694 0.008073 0.025463
0 0.354557 0.378472 0.008073 0.025463
0 0.346484 0.380324 0.008073 0.025463
0 0.338672 0.383102 0.008073 0.025463
0 0.331120 0.385417 0.008073 0.025463
0 0.323047 0.387269 0.008073 0.025463
0 0.315234 0.389583 0.008073 0.025463
0 0.307682 0.391898 0.008073 0.025463
0 0.299870 0.394213 0.008073 0.025463
0 0.292057 0.396991 0.008073 0.025463
0 0.284245 0.399306 0.008073 0.025463
0 0.276953 0.401620 0.008073 0.025463
0 0.269141 0.403472 0.008073 0.025463
0 0.261328 0.406713 0.008073 0.025463
0 0.253516 0.409954 0.008073 0.025463
0 0.245964 0.410880 0.008073 0.025463
0 0.238151 0.413194 0.008073 0.025463
0 0.231120 0.415509 0.008073 0.025463
0 0.223568 0.418750 0.008073 0.025463
0 0.215755 0.420602 0.008073 0.025463
0 0.208203 0.423380 0.008073 0.025463
0 0.200391 0.425694 0.008073 0.025463
0 0.192318 0.427546 0.008073 0.025463
0 0.269531 0.437037 0.008854 0.027778
0 0.276823 0.435648 0.008854 0.027778
0 0.284375 0.433333 0.008854 0.027778
0 0.292448 0.431019 0.008854 0.027778
0 0.300521 0.428704 0.008854 0.027778
0 0.308073 0.425463 0.008854 0.027778
0 0.315885 0.424074 0.008854 0.027778
0 0.323698 0.421296 0.008854 0.027778
0 0.331510 0.419444 0.008854 0.027778
0 0.339844 0.417130 0.008854 0.027778
0 0.347396 0.414352 0.008854 0.027778
0 0.355469 0.412037 0.008854 0.027778
0 0.363281 0.409722 0.008854 0.027778
0 0.370833 0.406944 0.008854 0.027778
0 0.372135 0.435185 0.008854 0.027778
0 0.364063 0.437963 0.008854 0.027778
0 0.355990 0.440278 0.008854 0.027778
0 0.347917 0.442130 0.008854 0.027778
0 0.340104 0.444907 0.008854 0.027778
0 0.332031 0.446759 0.008854 0.027778
0 0.324479 0.449074 0.008854 0.027778
0 0.316146 0.451389 0.008854 0.027778
0 0.308333 0.454167 0.008854 0.027778
0 0.300521 0.456019 0.008854 0.027778
0 0.292187 0.458333 0.008854 0.027778
0 0.284896 0.460648 0.008854 0.027778
0 0.276302 0.462037 0.008854 0.027778
0 0.269271 0.465278 0.008854 0.027778
0 0.261198 0.466667 0.008854 0.027778
0 0.253385 0.469444 0.008854 0.027778
0 0.269010 0.500926 0.008854 0.027778
0 0.276823 0.499074 0.008854 0.027778
0 0.284896 0.496759 0.008854 0.027778
0 0.292448 0.493519 0.008854 0.027778
0 0.301042 0.491204 0.008854 0.027778
0 0.308594 0.489815 0.008854 0.027778
0 0.316406 0.487037 0.008854 0.027778
0 0.324479 0.485648 0.008854 0.027778
0 0.332813 0.482870 0.008854 0.027778
0 0.340625 0.480556 0.008854 0.027778
0 0.348698 0.478241 0.008854 0.027778
0 0.356771 0.475463 0.008854 0.027778
0 0.365104 0.472685 0.008854 0.027778
0 0.373437 0.469907 0.008854 0.027778
0 0.373958 0.495833 0.008854 0.027778
0 0.365625 0.499074 0.008854 0.027778
0 0.357292 0.501852 0.008854 0.027778
0 0.349219 0.504167 0.008854 0.027778
0 0.341146 0.506481 0.008854 0.027778
0 0.332813 0.508796 0.008854 0.027778
0 0.325000 0.511111 0.008854 0.027778
0 0.316667 0.513426 0.008854 0.027778
0 0.308854 0.515741 0.008854 0.027778
0 0.300521 0.517593 0.008854 0.027778
0 0.292969 0.519907 0.008854 0.027778
0 0.284635 0.522685 0.008854 0.027778
0 0.276562 0.524537 0.008854 0.027778
0 0.268750 0.527315 0.008854 0.027778
0 0.260937 0.529630 0.008854 0.027778
0 0.253125 0.532407 0.008854 0.027778
0 0.260937 0.561111 0.008854 0.027778
0 0.269010 0.558796 0.008854 0.027778
0 0.276562 0.556944 0.008854 0.027778
0 0.284115 0.554167 0.008854 0.027778
0 0.292448 0.552315 0.008854 0.027778
0 0.300781 0.549537 0.008854 0.027778
0 0.309375 0.546528 0.008854 0.030093
0 0.317188 0.545139 0.008854 0.030093
0 0.325260 0.542361 0.008854 0.030093
0 0.333594 0.540509 0.008854 0.030093
0 0.341667 0.538194 0.008854 0.030093
0 0.350000 0.534954 0.008854 0.030093
0 0.358333 0.533102 0.008854 0.030093
0 0.366667 0.530787 0.008854 0.030093
0 0.374740 0.528935 0.008854 0.030093
0 0.375521 0.556250 0.008854 0.030093
0 0.366927 0.559028 0.008854 0.030093
0 0.358854 0.560880 0.008854 0.030093
0 0.350521 0.562269 0.008854 0.030093
0 0.342187 0.564583 0.008854 0.030093
0 0.334115 0.567824 0.008854 0.030093
0 0.325521 0.569676 0.008854 0.030093
0 0.317708 0.572454 0.008854 0.030093
0 0.308854 0.574769 0.008854 0.030093
0 0.300781 0.576620 0.008854 0.030093
0 0.292708 0.579398 0.008854 0.030093
0 0.284375 0.581250 0.008854 0.030093
0 0.276302 0.584028 0.008854 0.030093
0 0.268490 0.586343 0.008854 0.030093
0 0.260417 0.589583 0.008854 0.030093
0 0.268229 0.618750 0.008854 0.030093
0 0.276302 0.616898 0.008854 0.030093
0 0.284896 0.614583 0.008854 0.030093
0 0.292969 0.612269 0.008854 0.030093
0 0.301302 0.609954 0.008854 0.030093
0 0.309896 0.607639 0.008854 0.030093
0 0.317969 0.605324 0.008854 0.030093
0 0.326042 0.602546 0.008854 0.030093
0 0.334635 0.600231 0.008854 0.030093
0 0.342969 0.597917 0.008854 0.030093
0 0.351302 0.595602 0.008854 0.030093
0 0.359635 0.592824 0.008854 0.030093
0 0.367969 0.590046 0.008854 0.030093
0 0.376302 0.587731 0.008854 0.030093
0 0.377344 0.615509 0.008854 0.030093
0 0.368750 0.618750 0.008854 0.030093
0 0.359896 0.621065 0.008854 0.030093
0 0.352083 0.622917 0.008854 0.030093
0 0.343490 0.626157 0.008854 0.030093
0 0.334896 0.628935 0.008854 0.030093
0 0.326823 0.630787 0.008854 0.030093
0 0.318229 0.633565 0.008854 0.030093
0 0.309635 0.635880 0.008854 0.030093
0 0.301563 0.637731 0.008854 0.030093
0 0.293229 0.640509 0.008854 0.030093
0 0.284635 0.642361 0.008854 0.030093
0 0.276302 0.645139 0.008854 0.030093
0 0.267969 0.647917 0.008854 0.030093
0 0.260156 0.650694 0.008854 0.030093
0 0.252344 0.652083 0.008854 0.030093
0 0.251563 0.680787 0.008854 0.030093
0 0.260156 0.678935 0.008854 0.030093
0 0.268229 0.675694 0.008854 0.030093
0 0.276562 0.674306 0.008854 0.030093
0 0.284635 0.672454 0.008854 0.030093
0 0.293490 0.669676 0.008854 0.030093
0 0.301823 0.667361 0.008854 0.030093
0 0.310156 0.665046 0.008854 0.030093
0 0.318229 0.662269 0.008854 0.030093
0 0.327083 0.659954 0.008854 0.030093
0 0.335677 0.658102 0.008854 0.030093
0 0.343750 0.655324 0.008854 0.030093
0 0.352604 0.652546 0.008854 0.030093
0 0.360938 0.649769 0.008854 0.030093
0 0.369271 0.648380 0.008854 0.030093
0 0.377865 0.645139 0.008854 0.030093
0 0.378906 0.674769 0.008854 0.030093
0 0.370312 0.677546 0.008854 0.030093
0 0.361719 0.679861 0.008854 0.030093
0 0.352865 0.682176 0.008854 0.030093
0 0.344531 0.684491 0.008854 0.030093
0 0.335938 0.687269 0.008854 0.030093
0 0.327344 0.689583 0.008854 0.030093
0 0.318750 0.691898 0.008854 0.030093
0 0.310417 0.694213 0.008854 0.030093
0 0.301563 0.696528 0.008854 0.030093
0 0.293490 0.698843 0.008854 0.030093
0 0.284896 0.702083 0.008854 0.030093
0 0.276562 0.703472 0.008854 0.030093
0 0.267969 0.705787 0.008854 0.030093
0 0.259375 0.744213 0.008854 0.030093
0 0.267969 0.741435 0.008854 0.030093
0 0.276562 0.739120 0.008854 0.030093
0 0.284505 0.737269 0.009115 0.031944
0 0.293620 0.734954 0.009115 0.031944
0 0.301693 0.732176 0.009115 0.031944
0 0.311068 0.730324 0.009115 0.031944
0 0.319661 0.727546 0.009115 0.031944
0 0.327995 0.725231 0.009115 0.031944
0 0.336068 0.723380 0.009115 0.031944
0 0.344922 0.720602 0.009115 0.031944
0 0.354036 0.717824 0.009115 0.031944
0 0.362109 0.715509 0.009115 0.031944
0 0.370964 0.713657 0.009115 0.031944
0 0.379818 0.710880 0.009115 0.031944
0 0.380729 0.741204 0.009896 0.035185
0 0.371615 0.744907 0.009896 0.035185
0 0.363281 0.747454 0.009896 0.034722
0 0.354167 0.749769 0.009896 0.034722
0 0.345573 0.751157 0.009896 0.034722
0 0.336719 0.753472 0.009896 0.034722
0 0.328125 0.756250 0.009896 0.034722
0 0.320052 0.758102 0.009896 0.034722
0 0.310937 0.761343 0.009896 0.034722
0 0.302344 0.764120 0.009896 0.034722
0 0.293750 0.766435 0.009896 0.034722
0 0.285156 0.767824 0.009896 0.034722
0 0.276562 0.771065 0.009896 0.034722
0 0.267969 0.772917 0.009896 0.034722
0 0.259375 0.773843 0.009896 0.034722
0 0.259635 0.812731 0.009896 0.034722
0 0.267708 0.809954 0.009896 0.034722
0 0.276562 0.807176 0.009896 0.034722
0 0.284896 0.804861 0.009896 0.034722
0 0.294010 0.803009 0.009896 0.034722
0 0.302344 0.800694 0.009896 0.034722
0 0.311198 0.798843 0.009896 0.034722
0 0.320052 0.796528 0.009896 0.034722
0 0.328906 0.793750 0.009896 0.034722
0 0.337500 0.791435 0.009896 0.034722
0 0.345833 0.789583 0.009896 0.034722
0 0.355208 0.787269 0.009896 0.034722
0 0.363802 0.784954 0.009896 0.034722
0 0.373177 0.781713 0.009896 0.034722
0 0.381771 0.779861 0.009896 0.034722
0 0.390755 0.774537 0.010677 0.037963
0 0.400260 0.772917 0.010937 0.037500
0 0.401302 0.805787 0.010937 0.037500
0 0.391406 0.809491 0.010937 0.037500
0 0.382292 0.810880 0.010937 0.036574
0 0.373437 0.814120 0.010937 0.036574
0 0.364583 0.817361 0.010937 0.036574
0 0.355990 0.818750 0.010937 0.036574
0 0.346484 0.819907 0.011198 0.036111
0 0.337891 0.824074 0.011198 0.036111
0 0.329818 0.826389 0.011198 0.036111
0 0.320182 0.828241 0.011198 0.036111
0 0.312109 0.830093 0.011198 0.036111
0 0.302734 0.832407 0.011198 0.036111
0 0.293620 0.833796 0.011198 0.036111
0 0.285026 0.836111 0.010156 0.034259
0 0.276172 0.839352 0.010156 0.034259
0 0.267839 0.841204 0.010156 0.034259
0 0.258984 0.843056 0.010156 0.034259
0 0.258724 0.881019 0.010156 0.034259
0 0.267578 0.879167 0.010156 0.034259
0 0.276432 0.877315 0.010156 0.034259
0 0.285286 0.875463 0.010156 0.034259
0 0.294141 0.872685 0.010156 0.034259
0 0.302995 0.869907 0.010156 0.034259
0 0.311849 0.868056 0.010156 0.034259
0 0.320443 0.866204 0.010156 0.034259
0 0.329818 0.863889 0.010156 0.034259
0 0.338411 0.861111 0.010156 0.034259
0 0.347786 0.859722 0.010156 0.034259
0 0.356380 0.857407 0.010156 0.034259
0 0.365495 0.855556 0.010156 0.034259
0 0.374870 0.852778 0.010156 0.034259
0 0.383203 0.850463 0.010156 0.034259
0 0.392969 0.846991 0.010937 0.038426
0 0.402083 0.845139 0.010937 0.038426
0 0.398438 0.881250 0.010417 0.037500
0 0.388802 0.884491 0.010417 0.037500
0 0.379688 0.885880 0.010417 0.037500
0 0.369792 0.888194 0.010417 0.037500
0 0.359896 0.891435 0.010417 0.037500
0 0.350260 0.892824 0.010417 0.037500
0 0.340885 0.895139 0.010417 0.037500
0 0.331250 0.896991 0.010417 0.037500
0 0.321875 0.900694 0.010417 0.037500
0 0.312760 0.901620 0.010417 0.037500
0 0.303646 0.904861 0.010417 0.037500
0 0.293750 0.905787 0.010417 0.037500
0 0.284896 0.908102 0.010417 0.037500
0 0.276302 0.909954 0.010417 0.037500
0 0.266927 0.911806 0.010417 0.037500
0 0.258594 0.913657 0.010417 0.037500
0 0.389323 0.677315 0.009375 0.032407
0 0.398438 0.675463 0.009375 0.032407
0 0.410677 0.673611 0.009375 0.032407
0 0.409896 0.638889 0.009375 0.032407
0 0.396875 0.642130 0.009375 0.032407
0 0.388542 0.643981 0.009375 0.032407
0 0.387500 0.612500 0.009375 0.032407
0 0.396354 0.610185 0.009375 0.032407
0 0.408854 0.608333 0.009375 0.032407
0 0.415104 0.575000 0.009375 0.032407
0 0.405990 0.576389 0.009375 0.032407
0 0.395313 0.578704 0.009375 0.032407
0 0.386979 0.580093 0.009375 0.032407
0 0.386198 0.549537 0.009375 0.032407
0 0.394531 0.547222 0.009375 0.032407
0 0.405208 0.545833 0.009375 0.032407
0 0.414583 0.542593 0.010417 0.029630
0 0.412760 0.511574 0.010417 0.029630
0 0.404427 0.513426 0.010417 0.029630
0 0.393750 0.513889 0.010417 0.029630
0 0.385417 0.516667 0.010417 0.029630
0 0.384375 0.488889 0.010417 0.029630
0 0.392969 0.487037 0.010417 0.029630
0 0.403646 0.484722 0.010417 0.029630
0 0.412240 0.484722 0.010417 0.029630
0 0.410938 0.453704 0.010417 0.029630
0 0.402865 0.454630 0.010417 0.029630
0 0.391406 0.456944 0.010417 0.029630
0 0.382812 0.458333 0.010417 0.029630
0 0.382292 0.430556 0.010417 0.029630
0 0.391406 0.427778 0.010417 0.029630
0 0.401302 0.425463 0.010417 0.029630
0 0.409375 0.425463 0.010417 0.029630
0 0.408203 0.394907 0.010677 0.026852
0 0.400911 0.395833 0.010677 0.026852
0 0.389193 0.397685 0.010677 0.026852
0 0.381641 0.399537 0.010677 0.026852
0 0.380339 0.371759 0.010677 0.026852
0 0.388411 0.369444 0.010677 0.026852
0 0.398828 0.367130 0.010677 0.026852
0 0.407943 0.367593 0.010677 0.026852
0 0.406771 0.338194 0.009375 0.026389
0 0.398438 0.339120 0.009375 0.026389
0 0.388281 0.340509 0.009375 0.026389
0 0.380208 0.342824 0.009375 0.026389
0 0.378906 0.316898 0.009375 0.026389
0 0.386719 0.314583 0.009375 0.026389
0 0.405469 0.312731 0.009375 0.026389
0 0.397396 0.313657 0.009375 0.026389
0 0.394010 0.184491 0.007812 0.025463
0 0.402083 0.184491 0.008854 0.026389
0 0.409375 0.184954 0.008854 0.026389
0 0.417187 0.184954 0.008854 0.026389
0 0.424740 0.184954 0.008854 0.026389
0 0.432292 0.184954 0.008854 0.026389
0 0.439323 0.184491 0.008854 0.026389
0 0.447135 0.185417 0.008854 0.026389
0 0.454688 0.185417 0.008854 0.026389
0 0.462500 0.185417 0.008854 0.026389
0 0.470313 0.185417 0.008854 0.026389
0 0.478646 0.185880 0.008854 0.026389
0 0.485938 0.185880 0.008854 0.026389
0 0.494010 0.185880 0.008854 0.026389
0 0.501823 0.185417 0.008854 0.026389
0 0.509635 0.185880 0.008854 0.026389
0 0.517188 0.185880 0.008854 0.026389
0 0.524479 0.185417 0.008854 0.026389
0 0.532031 0.184954 0.008854 0.026389
0 0.539844 0.184954 0.008854 0.026389
0 0.547396 0.185417 0.008854 0.026389
0 0.554948 0.184491 0.008854 0.026389
0 0.562240 0.185417 0.008854 0.026389
0 0.570312 0.185417 0.008854 0.026389
0 0.577344 0.185417 0.008854 0.026389
0 0.584896 0.184028 0.008854 0.026389
0 0.584766 0.209491 0.009115 0.024537
0 0.577474 0.209491 0.009115 0.024537
0 0.569401 0.210417 0.009115 0.024537
0 0.562109 0.210880 0.009115 0.024537
0 0.554557 0.210880 0.009115 0.024537
0 0.546745 0.211343 0.009115 0.024537
0 0.539193 0.211806 0.009115 0.024537
0 0.531641 0.212269 0.009115 0.024537
0 0.524089 0.211343 0.009115 0.024537
0 0.513151 0.211806 0.009115 0.024537
0 0.505599 0.212731 0.009115 0.024537
0 0.498047 0.212269 0.009115 0.024537
0 0.490234 0.211343 0.009115 0.024537
0 0.482422 0.211806 0.009115 0.024537
0 0.474349 0.212731 0.009115 0.024537
0 0.466797 0.212731 0.009115 0.024537
0 0.458203 0.211806 0.009115 0.024537
0 0.450651 0.212269 0.009115 0.024537
0 0.442839 0.212731 0.009115 0.024537
0 0.435547 0.212269 0.009115 0.024537
0 0.427995 0.211806 0.009115 0.024537
0 0.420443 0.212731 0.009115 0.024537
0 0.412630 0.211806 0.009115 0.024537
0 0.405078 0.211806 0.009115 0.024537
0 0.396745 0.211806 0.009115 0.024537
0 0.411068 0.236806 0.009115 0.024537
0 0.419141 0.237269 0.009115 0.024537
0 0.427474 0.236806 0.009115 0.024537
0 0.435547 0.236343 0.009115 0.024537
0 0.443620 0.236343 0.009115 0.024537
0 0.451172 0.236343 0.009115 0.024537
0 0.459766 0.236806 0.009115 0.024537
0 0.468099 0.235417 0.009115 0.024537
0 0.475911 0.235417 0.009115 0.024537
0 0.483464 0.235417 0.009115 0.024537
0 0.491797 0.235880 0.009115 0.024537
0 0.499609 0.235417 0.009115 0.024537
0 0.507161 0.235417 0.009115 0.024537
0 0.514714 0.234491 0.009115 0.024537
0 0.525911 0.234491 0.009115 0.024537
0 0.533724 0.234954 0.009115 0.024537
0 0.541016 0.234491 0.009115 0.024537
0 0.548568 0.234491 0.009115 0.024537
0 0.556641 0.234028 0.009115 0.024537
0 0.564193 0.234028 0.009115 0.024537
0 0.571745 0.234028 0.009115 0.024537
0 0.579557 0.233102 0.009115 0.024537
0 0.586849 0.232639 0.009115 0.024537
0 0.589193 0.260417 0.009115 0.024537
0 0.581641 0.261343 0.009115 0.024537
0 0.573828 0.261343 0.009115 0.024537
0 0.566536 0.260880 0.009115 0.024537
0 0.558464 0.261343 0.009115 0.024537
0 0.550651 0.261806 0.009115 0.024537
0 0.542839 0.262269 0.009115 0.024537
0 0.534766 0.262269 0.009115 0.024537
0 0.526953 0.261806 0.009115 0.024537
0 0.516536 0.262269 0.009115 0.024537
0 0.508724 0.262269 0.009115 0.024537
0 0.500651 0.262269 0.009115 0.024537
0 0.492578 0.262731 0.009115 0.024537
0 0.485026 0.262269 0.009115 0.024537
0 0.476693 0.263657 0.009115 0.024537
0 0.468880 0.263194 0.009115 0.024537
0 0.460807 0.263657 0.009115 0.024537
0 0.452214 0.263657 0.009115 0.024537
0 0.444401 0.262731 0.009115 0.024537
0 0.436328 0.263194 0.009115 0.024537
0 0.428255 0.263194 0.009115 0.024537
0 0.420182 0.263194 0.009115 0.024537
0 0.420964 0.287731 0.009115 0.024537
0 0.429297 0.287731 0.009115 0.024537
0 0.437630 0.287731 0.009115 0.024537
0 0.445703 0.287731 0.009115 0.024537
0 0.454036 0.287269 0.009115 0.024537
0 0.462109 0.287269 0.009115 0.024537
0 0.470443 0.287269 0.009115 0.024537
0 0.477995 0.287269 0.009115 0.024537
0 0.486328 0.287269 0.009115 0.024537
0 0.494141 0.287269 0.009115 0.024537
0 0.502214 0.286343 0.009115 0.024537
0 0.510026 0.286806 0.009115 0.024537
0 0.518359 0.287269 0.009115 0.024537
0 0.529036 0.285880 0.009115 0.024537
0 0.536849 0.286343 0.009115 0.024537
0 0.545182 0.285417 0.009115 0.024537
0 0.552734 0.285880 0.009115 0.024537
0 0.560286 0.284954 0.009115 0.024537
0 0.568359 0.284954 0.009115 0.024537
0 0.576172 0.284028 0.009115 0.024537
0 0.583724 0.284954 0.009115 0.024537
0 0.591536 0.283565 0.009115 0.024537
0 0.594141 0.313657 0.009115 0.024537
0 0.586589 0.313657 0.009115 0.024537
0 0.578776 0.314583 0.009115 0.024537
0 0.570703 0.314583 0.009115 0.024537
0 0.562891 0.315046 0.009115 0.024537
0 0.554818 0.315509 0.009115 0.024537
0 0.547005 0.315509 0.009115 0.024537
0 0.539193 0.315972 0.009115 0.024537
0 0.530859 0.315972 0.009115 0.024537
0 0.521484 0.316898 0.009115 0.024537
0 0.512891 0.316898 0.009115 0.024537
0 0.504557 0.316435 0.009115 0.024537
0 0.496745 0.316898 0.009115 0.024537
0 0.488672 0.316898 0.009115 0.024537
0 0.480599 0.316898 0.009115 0.024537
0 0.472266 0.317361 0.009115 0.024537
0 0.464453 0.317361 0.009115 0.024537
0 0.456380 0.317824 0.009115 0.024537
0 0.448047 0.317824 0.009115 0.024537
0 0.439714 0.317824 0.009115 0.024537
0 0.431771 0.318287 0.009375 0.025463
0 0.422656 0.318287 0.009375 0.025463
0 0.423958 0.343750 0.009375 0.025463
0 0.432812 0.344213 0.009375 0.025463
0 0.441146 0.344213 0.009375 0.025463
0 0.449479 0.343287 0.009375 0.025463
0 0.457552 0.343287 0.009375 0.025463
0 0.466146 0.342824 0.009375 0.025463
0 0.473958 0.342361 0.009375 0.025463
0 0.482552 0.341898 0.009375 0.025463
0 0.490365 0.342824 0.009375 0.025463
0 0.498437 0.342361 0.009375 0.025463
0 0.506771 0.341435 0.009375 0.025463
0 0.514583 0.340972 0.009375 0.025463
0 0.522917 0.341435 0.009375 0.025463
0 0.532813 0.340972 0.009375 0.025463
0 0.541146 0.340972 0.009375 0.025463
0 0.548958 0.340046 0.009375 0.025463
0 0.556771 0.339583 0.009375 0.025463
0 0.564844 0.339583 0.009375 0.025463
0 0.572656 0.339120 0.009375 0.025463
0 0.580990 0.338657 0.009375 0.025463
0 0.588542 0.338657 0.009375 0.025463
0 0.596094 0.337269 0.009375 0.025463
0 0.599219 0.366435 0.009375 0.025463
0 0.591406 0.367361 0.009375 0.025463
0 0.583594 0.367361 0.009375 0.025463
0 0.575260 0.367361 0.009375 0.025463
0 0.567448 0.368750 0.009375 0.025463
0 0.559375 0.368750 0.009375 0.025463
0 0.551562 0.369213 0.009375 0.025463
0 0.543490 0.369213 0.009375 0.025463
0 0.534766 0.369907 0.010156 0.025926
0 0.525391 0.370370 0.010156 0.025926
0 0.516797 0.370370 0.010156 0.025926
0 0.508464 0.370833 0.010156 0.025926
0 0.500391 0.371296 0.010156 0.025926
0 0.492318 0.372222 0.010156 0.025926
0 0.483984 0.372222 0.010156 0.025926
0 0.475391 0.371759 0.010156 0.025926
0 0.467057 0.371759 0.010156 0.025926
0 0.458724 0.372685 0.010156 0.025926
0 0.450651 0.373148 0.010156 0.025926
0 0.442057 0.372685 0.010156 0.025926
0 0.433984 0.373148 0.010156 0.025926
0 0.425651 0.373148 0.010156 0.025926
0 0.426693 0.399537 0.010156 0.025926
0 0.435286 0.399074 0.010156 0.025926
0 0.443620 0.399074 0.010156 0.025926
0 0.451953 0.399074 0.010156 0.025926
0 0.460547 0.398148 0.010156 0.025926
0 0.468620 0.398148 0.010156 0.025926
0 0.477474 0.397222 0.010156 0.025926
0 0.485286 0.397222 0.010156 0.025926
0 0.494141 0.397222 0.010156 0.025926
0 0.502214 0.396296 0.010156 0.025926
0 0.510547 0.396759 0.010156 0.025926
0 0.518359 0.395833 0.010156 0.025926
0 0.526432 0.395370 0.010156 0.025926
0 0.537109 0.394907 0.010156 0.025926
0 0.545443 0.394907 0.010156 0.025926
0 0.553516 0.394444 0.010156 0.025926
0 0.561589 0.394444 0.010156 0.025926
0 0.569401 0.393519 0.010156 0.025926
0 0.577734 0.393056 0.010156 0.025926
0 0.585547 0.392593 0.010156 0.025926
0 0.593620 0.391667 0.010156 0.025926
0 0.602214 0.391204 0.010156 0.025926
0 0.604557 0.421296 0.010156 0.025926
0 0.596484 0.421759 0.010156 0.025926
0 0.588411 0.421296 0.010156 0.025926
0 0.580078 0.422222 0.010156 0.025926
0 0.572005 0.422222 0.010156 0.025926
0 0.564193 0.423148 0.010156 0.025926
0 0.555859 0.424074 0.010156 0.025926
0 0.547526 0.425000 0.010156 0.025926
0 0.539193 0.425000 0.010156 0.025926
0 0.528776 0.425926 0.010156 0.025926
0 0.520182 0.425926 0.010156 0.025926
0 0.512109 0.426389 0.010156 0.025926
0 0.504036 0.426852 0.010156 0.025926
0 0.495443 0.427315 0.010156 0.025926
0 0.487370 0.427315 0.010156 0.025926
0 0.479297 0.427778 0.010156 0.025926
0 0.470443 0.428241 0.010156 0.025926
0 0.462370 0.429167 0.010156 0.025926
0 0.453776 0.429167 0.010156 0.025926
0 0.444922 0.429630 0.010156 0.025926
0 0.427474 0.430556 0.010156 0.025926
0 0.436589 0.430093 0.010156 0.025926
0 0.428516 0.457407 0.010156 0.027778
0 0.437891 0.456944 0.010156 0.027778
0 0.446484 0.456481 0.010156 0.027778
0 0.455078 0.456019 0.010156 0.027778
0 0.463411 0.456019 0.010156 0.027778
0 0.471745 0.456019 0.010156 0.027778
0 0.480339 0.455093 0.010156 0.027778
0 0.488411 0.454630 0.010156 0.027778
0 0.497005 0.454167 0.010156 0.027778
0 0.505339 0.453704 0.010156 0.027778
0 0.513932 0.452778 0.010156 0.027778
0 0.521484 0.451852 0.010156 0.027778
0 0.524089 0.483333 0.010156 0.027778
0 0.515495 0.484259 0.010156 0.027778
0 0.506901 0.485185 0.010156 0.027778
0 0.498568 0.485648 0.010156 0.027778
0 0.490234 0.485648 0.010156 0.027778
0 0.481641 0.487037 0.010156 0.027778
0 0.473307 0.487037 0.010156 0.027778
0 0.465234 0.487500 0.010156 0.027778
0 0.456641 0.487963 0.010156 0.027778
0 0.448047 0.488426 0.010156 0.027778
0 0.439453 0.488889 0.010156 0.027778
0 0.430599 0.489815 0.010156 0.027778
0 0.431380 0.517130 0.010156 0.027778
0 0.440755 0.516667 0.010156 0.027778
0 0.449089 0.515278 0.010156 0.027778
0 0.457943 0.515278 0.010156 0.027778
0 0.466536 0.514352 0.010156 0.027778
0 0.475130 0.513889 0.010156 0.027778
0 0.483464 0.513426 0.010156 0.027778
0 0.492057 0.512500 0.010156 0.027778
0 0.500651 0.512037 0.010156 0.027778
0 0.508984 0.511111 0.010156 0.027778
0 0.517057 0.511111 0.010156 0.027778
0 0.525391 0.510185 0.010156 0.027778
0 0.544661 0.457870 0.010156 0.027778
0 0.552995 0.457870 0.010156 0.027778
0 0.561328 0.456481 0.010156 0.027778
0 0.569141 0.456019 0.010156 0.027778
0 0.583203 0.456481 0.010156 0.027778
0 0.591276 0.456481 0.010156 0.027778
0 0.599349 0.456019 0.010156 0.027778
0 0.607422 0.455556 0.010156 0.027778
0 0.609766 0.481944 0.010156 0.027778
0 0.601953 0.483333 0.010156 0.027778
0 0.593620 0.483333 0.010156 0.027778
0 0.585547 0.483796 0.010156 0.027778
0 0.571745 0.483333 0.010156 0.027778
0 0.563672 0.484259 0.010156 0.027778
0 0.555078 0.484722 0.010156 0.027778
0 0.546484 0.485185 0.010156 0.027778
0 0.548568 0.512500 0.010156 0.027778
0 0.557422 0.512037 0.010156 0.027778
0 0.565755 0.511111 0.010156 0.027778
0 0.574089 0.510185 0.010156 0.027778
0 0.587630 0.510185 0.010156 0.027778
0 0.595964 0.510185 0.010156 0.027778
0 0.604818 0.509722 0.010156 0.027778
0 0.612891 0.508796 0.010156 0.027778
0 0.615495 0.537037 0.010156 0.027778
0 0.607422 0.537963 0.010156 0.027778
0 0.598568 0.539352 0.010156 0.027778
0 0.590234 0.539815 0.010156 0.027778
0 0.582161 0.539352 0.010156 0.027778
0 0.573828 0.541204 0.010156 0.027778
0 0.565495 0.541667 0.010156 0.027778
0 0.556641 0.542130 0.010156 0.027778
0 0.548568 0.543056 0.010156 0.027778
0 0.536589 0.543519 0.010156 0.027778
0 0.527995 0.543981 0.010156 0.027778
0 0.519661 0.545370 0.010156 0.027778
0 0.511068 0.545370 0.010156 0.027778
0 0.502474 0.546296 0.010156 0.027778
0 0.494401 0.546759 0.010156 0.027778
0 0.485026 0.547222 0.010156 0.027778
0 0.476693 0.548148 0.010156 0.027778
0 0.468099 0.548611 0.010156 0.027778
0 0.459245 0.550000 0.010156 0.027778
0 0.450521 0.550231 0.010417 0.029167
0 0.441927 0.551620 0.010417 0.029167
0 0.432812 0.552083 0.010417 0.029167
0 0.433594 0.581250 0.010417 0.029167
0 0.442969 0.580787 0.010417 0.029167
0 0.451823 0.579861 0.010417 0.029167
0 0.460677 0.578472 0.010417 0.029167
0 0.469531 0.578009 0.010417 0.029167
0 0.478125 0.577546 0.010417 0.029167
0 0.486979 0.576620 0.010417 0.029167
0 0.495573 0.575231 0.010417 0.029167
0 0.504427 0.574769 0.010417 0.029167
0 0.513281 0.573843 0.010417 0.029167
0 0.521615 0.573843 0.010417 0.029167
0 0.530208 0.572454 0.010417 0.029167
0 0.539062 0.571991 0.010417 0.029167
0 0.550781 0.571065 0.010417 0.029167
0 0.559375 0.571065 0.010417 0.029167
0 0.567969 0.569676 0.010417 0.029167
0 0.576042 0.568750 0.010937 0.029167
0 0.584635 0.568287 0.010937 0.029167
0 0.592969 0.567824 0.010937 0.029167
0 0.601823 0.566898 0.010937 0.029167
0 0.610417 0.565509 0.010937 0.029167
0 0.617969 0.564583 0.010937 0.029167
0 0.621875 0.598380 0.010937 0.029167
0 0.613281 0.598843 0.010937 0.029167
0 0.605208 0.599769 0.010937 0.029167
0 0.596094 0.600231 0.010937 0.029167
0 0.587500 0.601157 0.010937 0.029167
0 0.579167 0.602083 0.010937 0.029167
0 0.570833 0.602083 0.010937 0.029167
0 0.561719 0.603935 0.010937 0.029167
0 0.553125 0.603935 0.010937 0.029167
0 0.541146 0.605324 0.010937 0.029167
0 0.532552 0.605787 0.010937 0.029167
0 0.523698 0.606713 0.010937 0.029167
0 0.514844 0.607176 0.010937 0.029167
0 0.479948 0.610880 0.010937 0.029167
0 0.470573 0.611343 0.010937 0.029167
0 0.461979 0.612269 0.010937 0.029167
0 0.453385 0.613657 0.010937 0.029167
0 0.444271 0.614583 0.010937 0.029167
0 0.435417 0.615046 0.010937 0.029167
0 0.436328 0.646065 0.010677 0.031944
0 0.445964 0.645139 0.010677 0.031944
0 0.454557 0.644213 0.010677 0.031944
0 0.463932 0.642824 0.010677 0.031944
0 0.472786 0.641435 0.010677 0.031944
0 0.481380 0.640046 0.010677 0.031944
0 0.517318 0.636806 0.010677 0.031944
0 0.525911 0.636343 0.010677 0.031944
0 0.534766 0.634954 0.010677 0.031944
0 0.543099 0.634954 0.010677 0.031944
0 0.556120 0.634028 0.010677 0.031944
0 0.564193 0.632176 0.010677 0.031944
0 0.573307 0.631713 0.010677 0.031944
0 0.581901 0.631250 0.010677 0.031944
0 0.590234 0.630787 0.010677 0.031944
0 0.599349 0.629861 0.010677 0.031944
0 0.607943 0.628472 0.010677 0.031944
0 0.616536 0.628935 0.010677 0.031944
0 0.624870 0.627083 0.010677 0.031944
0 0.628125 0.661111 0.011458 0.030556
0 0.619792 0.662500 0.011458 0.030556
0 0.610938 0.663426 0.011458 0.030556
0 0.602865 0.663889 0.011458 0.030556
0 0.594010 0.664815 0.011458 0.030556
0 0.585156 0.665741 0.011458 0.030556
0 0.576302 0.666667 0.011458 0.030556
0 0.567708 0.667593 0.011458 0.030556
0 0.559115 0.668519 0.011458 0.030556
0 0.546094 0.669444 0.011458 0.030556
0 0.537500 0.670370 0.011458 0.030556
0 0.528125 0.670833 0.011458 0.030556
0 0.519010 0.672222 0.011458 0.030556
0 0.510156 0.673148 0.011458 0.030556
0 0.501302 0.674074 0.011458 0.030556
0 0.492448 0.675000 0.011458 0.030556
0 0.483854 0.675926 0.011458 0.030556
0 0.474479 0.676852 0.011458 0.030556
0 0.464844 0.678241 0.011458 0.030556
0 0.455469 0.679167 0.011458 0.030556
0 0.446875 0.680556 0.011458 0.030556
0 0.437500 0.681019 0.011458 0.030556
0 0.438672 0.713194 0.011719 0.032870
0 0.448568 0.712731 0.011719 0.032870
0 0.457422 0.711343 0.011719 0.032870
0 0.467057 0.710417 0.011719 0.032870
0 0.476172 0.708565 0.011719 0.032870
0 0.485286 0.706713 0.011719 0.032870
0 0.494401 0.707176 0.011719 0.032870
0 0.502995 0.705324 0.011719 0.032870
0 0.512109 0.704861 0.011719 0.032870
0 0.521484 0.703009 0.011719 0.032870
0 0.530339 0.703009 0.011719 0.032870
0 0.539193 0.701620 0.011719 0.032870
0 0.548568 0.700231 0.011719 0.032870
0 0.561328 0.699306 0.011719 0.032870
0 0.570443 0.697917 0.011719 0.032870
0 0.579297 0.697454 0.011719 0.032870
0 0.588151 0.696991 0.011719 0.032870
0 0.596745 0.695602 0.011719 0.032870
0 0.605339 0.695602 0.011719 0.032870
0 0.613932 0.694213 0.011719 0.032870
0 0.623307 0.693287 0.011719 0.032870
0 0.631901 0.691898 0.011719 0.032870
0 0.635026 0.726620 0.011719 0.032870
0 0.626693 0.728009 0.011719 0.032870
0 0.617578 0.728935 0.011719 0.032870
0 0.608464 0.729861 0.011719 0.032870
0 0.599609 0.730787 0.011719 0.032870
0 0.590755 0.730787 0.011719 0.032870
0 0.581641 0.732639 0.011719 0.032870
0 0.572786 0.734491 0.011719 0.032870
0 0.563932 0.734954 0.011719 0.032870
0 0.551172 0.736343 0.011719 0.032870
0 0.542057 0.736806 0.011719 0.032870
0 0.532943 0.738194 0.011719 0.032870
0 0.523828 0.739120 0.011719 0.032870
0 0.514453 0.740509 0.011719 0.032870
0 0.505859 0.740972 0.011719 0.032870
0 0.495964 0.742361 0.011719 0.032870
0 0.487109 0.743287 0.011719 0.032870
0 0.477995 0.744676 0.011719 0.032870
0 0.468099 0.746065 0.011719 0.032870
0 0.458984 0.747454 0.011719 0.032870
0 0.449349 0.748843 0.011719 0.032870
0 0.440234 0.749306 0.011719 0.032870
0 0.419531 0.786574 0.011979 0.035185
0 0.429688 0.786111 0.011979 0.035185
0 0.441667 0.783333 0.011979 0.035185
0 0.451302 0.781944 0.011979 0.035185
0 0.460156 0.781019 0.011979 0.035185
0 0.470573 0.779630 0.011979 0.035185
0 0.479427 0.778241 0.011979 0.035185
0 0.488802 0.776389 0.011979 0.035185
0 0.498177 0.775463 0.011979 0.035185
0 0.507812 0.773148 0.011979 0.035185
0 0.516667 0.772222 0.011979 0.035185
0 0.525521 0.772222 0.011979 0.035185
0 0.534896 0.771296 0.011979 0.035185
0 0.544531 0.769907 0.011979 0.035185
0 0.553385 0.768056 0.011979 0.035185
0 0.566667 0.767130 0.011979 0.035185
0 0.575521 0.766204 0.011979 0.035185
0 0.584896 0.764815 0.011979 0.035185
0 0.593750 0.764352 0.011979 0.035185
0 0.602865 0.761574 0.011979 0.035185
0 0.611719 0.760648 0.011979 0.035185
0 0.620833 0.760185 0.011979 0.035185
0 0.629167 0.759259 0.011979 0.035185
0 0.637760 0.758796 0.011979 0.035185
0 0.641927 0.795370 0.011979 0.035185
0 0.632812 0.797222 0.011979 0.035185
0 0.623958 0.797222 0.011979 0.035185
0 0.614583 0.799074 0.011979 0.035185
0 0.606250 0.800463 0.011979 0.035185
0 0.597396 0.801852 0.011979 0.035185
0 0.588021 0.802778 0.011979 0.035185
0 0.578646 0.804167 0.011979 0.035185
0 0.569010 0.804630 0.011979 0.035185
0 0.556771 0.806481 0.011979 0.035185
0 0.546875 0.808333 0.011979 0.035185
0 0.538021 0.809259 0.011979 0.035185
0 0.528646 0.810185 0.011979 0.035185
0 0.518490 0.811574 0.011979 0.035185
0 0.510156 0.812500 0.011979 0.035185
0 0.500521 0.813426 0.011979 0.035185
0 0.490365 0.815741 0.011979 0.035185
0 0.481771 0.817130 0.011979 0.035185
0 0.471875 0.818056 0.011979 0.035185
0 0.462760 0.819444 0.011979 0.035185
0 0.452083 0.821296 0.011979 0.035185
0 0.442708 0.821759 0.011979 0.035185
0 0.430990 0.823611 0.011979 0.035185
0 0.420833 0.824537 0.011979 0.035185
0 0.421875 0.859722 0.011979 0.035185
0 0.432552 0.858333 0.011979 0.035185
0 0.444271 0.856944 0.011979 0.035185
0 0.454427 0.854630 0.011979 0.035185
0 0.464323 0.853704 0.011979 0.035185
0 0.473698 0.852315 0.011979 0.035185
0 0.483333 0.850926 0.011979 0.035185
0 0.492969 0.849074 0.011979 0.035185
0 0.502604 0.847685 0.011979 0.035185
0 0.511979 0.846296 0.011979 0.035185
0 0.521615 0.845370 0.011979 0.035185
0 0.530729 0.843981 0.011979 0.035185
0 0.540365 0.842593 0.011979 0.035185
0 0.549479 0.841667 0.011979 0.035185
0 0.558854 0.839352 0.011979 0.035185
0 0.572656 0.838889 0.011979 0.035185
0 0.581771 0.837037 0.011979 0.035185
0 0.590625 0.835648 0.011979 0.035185
0 0.599740 0.834259 0.011979 0.035185
0 0.609115 0.832870 0.011979 0.035185
0 0.618490 0.831944 0.011979 0.035185
0 0.626823 0.831019 0.011979 0.035185
0 0.636198 0.830093 0.011979 0.035185
0 0.645312 0.828241 0.011979 0.035185
0 0.235286 0.656250 0.010156 0.033796
