0 0.352344 0.144213 0.016146 0.011574
0 0.351562 0.154398 0.016146 0.011574
0 0.350260 0.164583 0.016146 0.011574
0 0.349479 0.174769 0.016146 0.011574
0 0.348438 0.184954 0.016146 0.011574
0 0.347917 0.195602 0.016146 0.011574
0 0.346875 0.206250 0.016146 0.011574
0 0.345052 0.216898 0.016146 0.011574
0 0.344531 0.227546 0.016146 0.011574
0 0.343229 0.239120 0.016146 0.011574
0 0.342187 0.249769 0.016146 0.012500
0 0.340885 0.261343 0.016146 0.012500
0 0.340104 0.271528 0.016146 0.012500
0 0.339062 0.283102 0.016146 0.012500
0 0.338021 0.295139 0.016146 0.012500
0 0.337240 0.307176 0.016146 0.012500
0 0.335677 0.318750 0.016146 0.012500
0 0.334375 0.330324 0.016146 0.012500
0 0.333073 0.341435 0.017708 0.013426
0 0.332031 0.353009 0.017708 0.013426
0 0.330729 0.364583 0.017708 0.013426
0 0.328385 0.387731 0.017708 0.013426
0 0.328906 0.374769 0.017708 0.013426
0 0.327604 0.399769 0.017708 0.013426
0 0.326042 0.412269 0.017708 0.013426
0 0.324740 0.423843 0.017708 0.013426
0 0.344531 0.422917 0.017708 0.013426
0 0.345833 0.409954 0.017708 0.013426
0 0.346875 0.397917 0.017708 0.013426
0 0.349219 0.374769 0.017708 0.013426
0 0.347396 0.385417 0.017708 0.013426
0 0.350260 0.362731 0.017708 0.013426
0 0.351042 0.351157 0.017708 0.013426
0 0.351823 0.340509 0.017708 0.013426
0 0.353125 0.329398 0.017708 0.013426
0 0.354167 0.316898 0.017708 0.013426
0 0.355208 0.304861 0.017708 0.013426
0 0.355469 0.293750 0.017708 0.013426
0 0.356771 0.282176 0.017708 0.013426
0 0.358333 0.271065 0.017708 0.013426
0 0.358854 0.259491 0.017708 0.013426
0 0.359635 0.248843 0.017708 0.013426
0 0.375521 0.248843 0.017708 0.013426
0 0.375000 0.260417 0.017708 0.013426
0 0.373698 0.271991 0.017708 0.013426
0 0.372656 0.283102 0.017708 0.013426
0 0.371875 0.294676 0.017708 0.013426
0 0.371354 0.306250 0.017708 0.013426
0 0.370312 0.318287 0.017708 0.013426
0 0.369792 0.330787 0.017708 0.013426
0 0.368490 0.341435 0.017708 0.013426
0 0.368229 0.353935 0.017708 0.013426
0 0.366927 0.366435 0.017708 0.013426
0 0.366146 0.379398 0.017708 0.013426
0 0.364583 0.391435 0.017708 0.013426
0 0.363802 0.404398 0.017708 0.013426
0 0.369010 0.148843 0.016146 0.011574
0 0.368229 0.159028 0.016146 0.011574
0 0.367448 0.169213 0.016146 0.011574
0 0.366667 0.179861 0.016146 0.011574
0 0.365104 0.190046 0.016146 0.011574
0 0.364583 0.200231 0.016146 0.011574
0 0.363281 0.211806 0.016146 0.011574
0 0.362240 0.222454 0.016146 0.011574
0 0.361198 0.233565 0.016146 0.011574
0 0.377083 0.234491 0.016146 0.011574
0 0.377604 0.223380 0.016146 0.011574
0 0.378385 0.212731 0.016146 0.011574
0 0.379427 0.201620 0.016146 0.011574
0 0.380469 0.191435 0.016146 0.011574
0 0.380729 0.180787 0.016146 0.011574
0 0.381771 0.170602 0.016146 0.011574
0 0.382552 0.159954 0.016146 0.011574
0 0.383333 0.148843 0.016146 0.011574
0 0.400781 0.150694 0.016146 0.011574
0 0.400000 0.161806 0.016146 0.011574
0 0.399219 0.171528 0.016146 0.011574
0 0.398177 0.182639 0.016146 0.011574
0 0.395313 0.225231 0.016146 0.011574
0 0.397135 0.191435 0.016146 0.011574
0 0.396615 0.202546 0.016146 0.011574
0 0.395573 0.213657 0.016146 0.011574
0 0.394271 0.236343 0.016146 0.011574
0 0.409635 0.237731 0.016146 0.011574
0 0.410677 0.226157 0.016146 0.011574
0 0.410938 0.215972 0.016146 0.011574
0 0.412240 0.194213 0.016146 0.011574
0 0.410938 0.203009 0.016146 0.011574
0 0.412760 0.182639 0.016146 0.011574
0 0.414062 0.172454 0.016146 0.011574
0 0.414323 0.162269 0.016146 0.011574
0 0.414844 0.152083 0.016146 0.011574
0 0.433333 0.153472 0.016146 0.011574
0 0.432552 0.163194 0.016146 0.011574
0 0.432552 0.173843 0.016146 0.011574
0 0.432031 0.184491 0.016146 0.011574
0 0.431510 0.194676 0.016146 0.011574
0 0.430469 0.205787 0.016146 0.011574
0 0.429948 0.215972 0.016146 0.011574
0 0.429427 0.228472 0.016146 0.011574
0 0.428906 0.238194 0.016146 0.011574
0 0.444271 0.240046 0.016146 0.011574
0 0.444792 0.228009 0.016146 0.011574
0 0.445052 0.217824 0.016146 0.011574
0 0.445833 0.206713 0.016146 0.011574
0 0.446354 0.196528 0.016146 0.011574
0 0.446875 0.184954 0.016146 0.011574
0 0.447656 0.174769 0.016146 0.011574
0 0.447917 0.164120 0.016146 0.011574
0 0.448698 0.153472 0.016146 0.011574
0 0.466146 0.154861 0.016146 0.011574
0 0.465625 0.164120 0.016146 0.011574
0 0.465104 0.175231 0.016146 0.011574
0 0.464583 0.185880 0.016146 0.011574
0 0.464323 0.196065 0.016146 0.011574
0 0.463281 0.207639 0.016146 0.011574
0 0.462500 0.217824 0.016146 0.011574
0 0.462240 0.240046 0.016146 0.011574
0 0.461458 0.228009 0.016146 0.011574
0 0.477344 0.241435 0.016146 0.011574
0 0.477865 0.229861 0.016146 0.011574
0 0.478125 0.219213 0.016146 0.011574
0 0.478906 0.208565 0.016146 0.011574
0 0.479427 0.197454 0.016146 0.011574
0 0.479427 0.186343 0.016146 0.011574
0 0.480469 0.165972 0.016146 0.011574
0 0.478906 0.175694 0.016146 0.011574
0 0.480469 0.155324 0.016146 0.011574
0 0.497656 0.156250 0.016146 0.011574
0 0.498177 0.166435 0.016146 0.011574
0 0.497656 0.175694 0.016146 0.011574
0 0.496875 0.187269 0.016146 0.011574
0 0.495573 0.242361 0.016146 0.011574
0 0.496615 0.196991 0.016146 0.011574
0 0.496615 0.207639 0.016146 0.011574
0 0.496094 0.217824 0.016146 0.011574
0 0.495573 0.229398 0.016146 0.011574
0 0.517188 0.235417 0.016146 0.011574
0 0.517708 0.224306 0.016146 0.011574
0 0.517448 0.213657 0.016146 0.011574
0 0.518229 0.202546 0.016146 0.011574
0 0.517188 0.178009 0.016146 0.011574
0 0.515885 0.188657 0.016146 0.011574
0 0.517708 0.167361 0.016146 0.011574
0 0.517188 0.157639 0.016146 0.011574
0 0.533073 0.158565 0.016146 0.011574
0 0.532813 0.167824 0.016146 0.011574
0 0.532031 0.178472 0.016146 0.011574
0 0.532031 0.190046 0.016146 0.011574
0 0.533073 0.202546 0.016146 0.011574
0 0.533073 0.225694 0.016146 0.011574
0 0.532813 0.213194 0.016146 0.011574
0 0.532813 0.236806 0.016146 0.011574
0 0.548177 0.237269 0.016146 0.011574
0 0.547917 0.225694 0.016146 0.011574
0 0.548698 0.215046 0.016146 0.011574
0 0.548438 0.204861 0.016146 0.011574
0 0.547917 0.190046 0.016146 0.011574
0 0.547917 0.178935 0.016146 0.011574
0 0.548177 0.168750 0.016146 0.011574
0 0.563802 0.168750 0.016146 0.011574
0 0.547656 0.158102 0.016146 0.011574
0 0.562760 0.158565 0.016146 0.011574
0 0.563281 0.179398 0.016146 0.011574
0 0.563021 0.190046 0.016146 0.011574
0 0.563281 0.223380 0.016146 0.011574
0 0.563281 0.199769 0.016146 0.011574
0 0.563281 0.210880 0.016146 0.011574
0 0.563802 0.233102 0.016146 0.011574
0 0.563802 0.245139 0.016146 0.011574
0 0.579167 0.245602 0.016146 0.011574
0 0.578646 0.234491 0.016146 0.011574
0 0.578906 0.223843 0.016146 0.011574
0 0.578646 0.212731 0.016146 0.011574
0 0.578385 0.202083 0.016146 0.011574
0 0.578125 0.191435 0.016146 0.011574
0 0.578385 0.180787 0.016146 0.011574
0 0.579167 0.159954 0.016146 0.011574
0 0.577865 0.169213 0.016146 0.011574
0 0.596094 0.159954 0.016146 0.011574
0 0.595833 0.169676 0.016146 0.011574
0 0.596615 0.180324 0.016146 0.011574
0 0.597135 0.202083 0.016146 0.011574
0 0.596354 0.190509 0.016146 0.011574
0 0.596875 0.212731 0.016146 0.011574
0 0.597135 0.223843 0.016146 0.011574
0 0.597135 0.234954 0.016146 0.011574
0 0.597135 0.246065 0.016146 0.011574
0 0.612760 0.246528 0.016146 0.011574
0 0.612760 0.235880 0.016146 0.011574
0 0.611979 0.224306 0.016146 0.011574
0 0.611979 0.213657 0.016146 0.011574
0 0.611979 0.203472 0.016146 0.011574
0 0.611458 0.192824 0.016146 0.011574
0 0.611458 0.181713 0.016146 0.011574
0 0.611458 0.171528 0.016146 0.011574
0 0.610938 0.161343 0.016146 0.011574
0 0.628385 0.161806 0.016146 0.011574
0 0.628646 0.172454 0.016146 0.011574
0 0.629167 0.182639 0.016146 0.011574
0 0.629427 0.193287 0.016146 0.011574
0 0.629427 0.203009 0.016146 0.011574
0 0.630469 0.213657 0.016146 0.011574
0 0.630208 0.225694 0.016146 0.011574
0 0.630469 0.235417 0.016146 0.011574
0 0.631250 0.247454 0.016146 0.011574
0 0.647135 0.248380 0.016146 0.011574
0 0.646615 0.237269 0.016146 0.011574
0 0.646354 0.225231 0.016146 0.011574
0 0.645573 0.215509 0.016146 0.011574
0 0.646094 0.204861 0.016146 0.011574
0 0.645312 0.182639 0.016146 0.011574
0 0.644792 0.192824 0.016146 0.011574
0 0.644531 0.172917 0.016146 0.011574
0 0.643750 0.162269 0.016146 0.011574
0 0.660937 0.163194 0.016146 0.011574
0 0.661458 0.172454 0.016146 0.011574
0 0.661979 0.183565 0.016146 0.011574
0 0.661979 0.194676 0.016146 0.011574
0 0.662760 0.204398 0.016146 0.011574
0 0.663021 0.215509 0.016146 0.011574
0 0.663021 0.226157 0.016146 0.011574
0 0.663802 0.237731 0.016146 0.011574
0 0.664323 0.248843 0.016146 0.011574
0 0.679948 0.249306 0.016146 0.011574
0 0.679427 0.238657 0.016146 0.011574
0 0.678906 0.228009 0.016146 0.011574
0 0.678385 0.217361 0.016146 0.011574
0 0.678125 0.206713 0.016146 0.011574
0 0.677865 0.195139 0.016146 0.011574
0 0.677344 0.184491 0.016146 0.011574
0 0.676042 0.162269 0.016146 0.011574
0 0.676302 0.172917 0.016146 0.011574
0 0.693229 0.165046 0.016146 0.011574
0 0.693750 0.173843 0.016146 0.011574
0 0.694531 0.184954 0.016146 0.011574
0 0.694531 0.195139 0.016146 0.011574
0 0.695052 0.205787 0.016146 0.011574
0 0.696354 0.216435 0.016146 0.011574
0 0.696875 0.227083 0.016146 0.011574
0 0.698177 0.239120 0.016146 0.011574
0 0.714323 0.251389 0.016667 0.012963
0 0.698177 0.248843 0.016146 0.011574
0 0.713802 0.239815 0.016667 0.012963
0 0.713021 0.229167 0.016667 0.012963
0 0.712240 0.218056 0.016667 0.012963
0 0.711458 0.207407 0.016667 0.012963
0 0.711198 0.195833 0.016667 0.012963
0 0.709635 0.175926 0.016667 0.012963
0 0.708073 0.165278 0.016667 0.012963
0 0.715365 0.267593 0.016667 0.012963
0 0.681250 0.265741 0.016667 0.012963
0 0.699479 0.266204 0.016667 0.012963
0 0.664844 0.264815 0.016667 0.012963
0 0.647656 0.263889 0.016667 0.012963
0 0.630990 0.263426 0.016667 0.012963
0 0.613021 0.261574 0.016667 0.012963
0 0.597396 0.261111 0.016667 0.012963
0 0.597396 0.274074 0.016667 0.012963
0 0.613542 0.273148 0.016667 0.012963
0 0.631250 0.275000 0.016667 0.012963
0 0.647656 0.275463 0.016667 0.012963
0 0.665104 0.276389 0.016667 0.012963
0 0.681510 0.276852 0.016667 0.012963
0 0.700521 0.277778 0.016667 0.012963
0 0.716146 0.279167 0.016667 0.012963
0 0.717187 0.290278 0.016667 0.012963
0 0.701302 0.289352 0.016667 0.012963
0 0.682552 0.288889 0.016667 0.012963
0 0.666406 0.287963 0.016667 0.012963
0 0.648438 0.286111 0.016667 0.012963
0 0.632031 0.286111 0.016667 0.012963
0 0.614062 0.284259 0.016667 0.012963
0 0.597135 0.284259 0.016667 0.012963
0 0.597656 0.295370 0.016667 0.012963
0 0.613281 0.296759 0.016667 0.012963
0 0.631510 0.297222 0.016667 0.012963
0 0.648698 0.298148 0.016667 0.012963
0 0.666406 0.299537 0.016667 0.012963
0 0.682813 0.299074 0.016667 0.012963
0 0.701302 0.300463 0.016667 0.012963
0 0.717969 0.300926 0.016667 0.012963
0 0.719010 0.312963 0.016667 0.012963
0 0.702083 0.312500 0.016667 0.012963
0 0.683594 0.311111 0.016667 0.012963
0 0.667188 0.311574 0.016667 0.012963
0 0.648958 0.309259 0.016667 0.012963
0 0.632292 0.309259 0.016667 0.012963
0 0.632292 0.320370 0.016667 0.012963
0 0.648698 0.321296 0.016667 0.012963
0 0.667448 0.322685 0.016667 0.012963
0 0.684115 0.322685 0.016667 0.012963
0 0.702865 0.324074 0.016667 0.012963
0 0.719531 0.323611 0.016667 0.012963
0 0.720313 0.335648 0.016667 0.012963
0 0.703646 0.335648 0.016667 0.012963
0 0.684115 0.334259 0.016667 0.012963
0 0.667188 0.335185 0.016667 0.012963
0 0.649479 0.333796 0.016667 0.012963
0 0.633073 0.333333 0.016667 0.012963
0 0.598698 0.343519 0.016667 0.012963
0 0.614323 0.343981 0.016667 0.012963
0 0.633073 0.344907 0.016667 0.012963
0 0.650000 0.345833 0.016667 0.012963
0 0.667969 0.346296 0.016667 0.012963
0 0.685156 0.346296 0.016667 0.012963
0 0.704688 0.347685 0.016667 0.012963
0 0.720833 0.348611 0.016667 0.012963
0 0.721875 0.360185 0.016667 0.012963
0 0.705208 0.360648 0.016667 0.012963
0 0.686198 0.359722 0.016667 0.012963
0 0.668490 0.358796 0.016667 0.012963
0 0.650260 0.357407 0.016667 0.012963
0 0.633594 0.356944 0.016667 0.012963
0 0.614583 0.355093 0.016667 0.012963
0 0.598437 0.355093 0.016667 0.012963
0 0.598437 0.368056 0.016667 0.012963
0 0.615104 0.368519 0.016667 0.012963
0 0.633594 0.369444 0.016667 0.012963
0 0.650521 0.369907 0.016667 0.012963
0 0.669271 0.370833 0.016667 0.012963
0 0.686458 0.371296 0.016667 0.012963
0 0.705990 0.372222 0.016667 0.012963
0 0.722656 0.372685 0.016667 0.012963
0 0.723177 0.385185 0.016667 0.012963
0 0.706510 0.384259 0.016667 0.012963
0 0.687240 0.383796 0.016667 0.012963
0 0.669792 0.383333 0.016667 0.012963
0 0.651042 0.382870 0.016667 0.012963
0 0.634375 0.382407 0.016667 0.012963
0 0.615104 0.380556 0.016667 0.012963
0 0.598698 0.380093 0.016667 0.012963
0 0.598958 0.392593 0.016667 0.012963
0 0.615104 0.393056 0.016667 0.012963
0 0.634375 0.394444 0.016667 0.012963
0 0.651563 0.394907 0.016667 0.012963
0 0.670312 0.395833 0.016667 0.012963
0 0.687500 0.395833 0.016667 0.012963
0 0.707292 0.397222 0.016667 0.012963
0 0.723958 0.397222 0.016667 0.012963
0 0.725000 0.410185 0.016667 0.012963
0 0.707552 0.410185 0.016667 0.012963
0 0.688281 0.408333 0.016667 0.012963
0 0.670833 0.408333 0.016667 0.012963
0 0.652083 0.407870 0.016667 0.012963
0 0.634896 0.406944 0.016667 0.012963
0 0.615365 0.406019 0.016667 0.012963
0 0.598437 0.404630 0.016667 0.012963
0 0.689193 0.424306 0.018490 0.015278
0 0.689714 0.437731 0.018490 0.015278
0 0.709505 0.439120 0.018490 0.015278
0 0.708984 0.424306 0.018490 0.015278
0 0.726693 0.425694 0.018490 0.015278
0 0.726953 0.439120 0.018490 0.015278
0 0.726432 0.438194 0.018490 0.015278
0 0.579427 0.403472 0.017188 0.014352
0 0.542448 0.401620 0.017188 0.014352
0 0.562500 0.402546 0.017188 0.014352
0 0.525521 0.400231 0.017188 0.014352
0 0.506250 0.400231 0.017188 0.014352
0 0.489583 0.399769 0.017188 0.014352
0 0.471094 0.397917 0.017188 0.014352
0 0.455208 0.396528 0.017188 0.014352
0 0.455729 0.385417 0.017188 0.014352
0 0.471875 0.384954 0.017188 0.014352
0 0.490104 0.387269 0.017188 0.014352
0 0.507031 0.386806 0.017188 0.014352
0 0.526302 0.388657 0.017188 0.014352
0 0.542448 0.389120 0.017188 0.014352
0 0.563281 0.390046 0.017188 0.014352
0 0.579167 0.390046 0.017188 0.014352
0 0.579688 0.378472 0.017188 0.014352
0 0.562760 0.378009 0.017188 0.014352
0 0.542969 0.378009 0.017188 0.014352
0 0.526042 0.376157 0.017188 0.014352
0 0.507552 0.375231 0.017188 0.014352
0 0.491406 0.375231 0.017188 0.014352
0 0.472396 0.372917 0.017188 0.014352
0 0.456250 0.372454 0.017188 0.014352
0 0.456510 0.360417 0.017188 0.014352
0 0.472396 0.361343 0.017188 0.014352
0 0.491927 0.362269 0.017188 0.014352
0 0.507552 0.362731 0.017188 0.014352
0 0.526302 0.364583 0.017188 0.014352
0 0.542708 0.365509 0.017188 0.014352
0 0.563021 0.365509 0.017188 0.014352
0 0.579167 0.366435 0.017188 0.014352
0 0.579167 0.354861 0.017188 0.014352
0 0.562760 0.353472 0.017188 0.014352
0 0.543229 0.353472 0.017188 0.014352
0 0.526823 0.352083 0.017188 0.014352
0 0.507552 0.350694 0.017188 0.014352
0 0.490885 0.350231 0.017188 0.014352
0 0.473698 0.348843 0.017188 0.014352
0 0.457292 0.347917 0.017188 0.014352
0 0.457552 0.336343 0.017188 0.014352
0 0.473438 0.336343 0.017188 0.014352
0 0.491667 0.337731 0.017188 0.014352
0 0.508073 0.338194 0.017188 0.014352
0 0.527344 0.340509 0.017188 0.014352
0 0.543229 0.340972 0.017188 0.014352
0 0.563021 0.341435 0.017188 0.014352
0 0.579167 0.342361 0.017188 0.014352
0 0.579167 0.331713 0.017188 0.014352
0 0.562760 0.329861 0.017188 0.014352
0 0.543490 0.329398 0.017188 0.014352
0 0.527604 0.328935 0.017188 0.014352
0 0.509375 0.327546 0.017188 0.014352
0 0.492448 0.327083 0.017188 0.014352
0 0.474219 0.325231 0.017188 0.014352
0 0.458073 0.324769 0.017188 0.014352
0 0.458594 0.313657 0.017188 0.014352
0 0.474740 0.313194 0.017188 0.014352
0 0.493490 0.314120 0.017188 0.014352
0 0.508594 0.315509 0.017188 0.014352
0 0.527604 0.316898 0.017188 0.014352
0 0.543229 0.317361 0.017188 0.014352
0 0.563281 0.318750 0.017188 0.014352
0 0.579688 0.319213 0.017188 0.014352
0 0.579427 0.306713 0.017188 0.014352
0 0.563542 0.307176 0.017188 0.014352
0 0.543750 0.306250 0.017188 0.014352
0 0.528125 0.305324 0.017188 0.014352
0 0.509896 0.303472 0.017188 0.014352
0 0.493490 0.303009 0.017188 0.014352
0 0.475521 0.301157 0.017188 0.014352
0 0.459115 0.300694 0.017188 0.014352
0 0.459635 0.288657 0.017188 0.014352
0 0.476042 0.290509 0.017188 0.014352
0 0.493750 0.291435 0.017188 0.014352
0 0.510156 0.291435 0.017188 0.014352
0 0.527865 0.293287 0.017188 0.014352
0 0.543490 0.293287 0.017188 0.014352
0 0.564063 0.295139 0.017188 0.014352
0 0.579688 0.295602 0.017188 0.014352
0 0.579688 0.284028 0.017188 0.014352
0 0.563281 0.284028 0.017188 0.014352
0 0.544010 0.282639 0.017188 0.014352
0 0.528385 0.281713 0.017188 0.014352
0 0.510417 0.280787 0.017188 0.014352
0 0.494010 0.280324 0.017188 0.014352
0 0.476042 0.277546 0.017188 0.014352
0 0.460677 0.277546 0.017188 0.014352
0 0.461198 0.265509 0.017188 0.014352
0 0.476823 0.266898 0.017188 0.014352
0 0.494271 0.269213 0.017188 0.014352
0 0.510677 0.269213 0.017188 0.014352
0 0.528385 0.270602 0.017188 0.014352
0 0.544792 0.271528 0.017188 0.014352
0 0.564063 0.271065 0.017188 0.014352
0 0.579688 0.271991 0.017188 0.014352
0 0.579688 0.260880 0.017188 0.014352
0 0.563542 0.261806 0.017188 0.014352
0 0.494792 0.256250 0.017188 0.014352
0 0.477083 0.256250 0.017188 0.014352
0 0.461198 0.255324 0.017188 0.014352
0 0.443229 0.254398 0.017188 0.014352
0 0.427865 0.253009 0.017188 0.014352
0 0.408333 0.252083 0.017188 0.014352
0 0.393229 0.252083 0.017188 0.014352
0 0.392448 0.262269 0.017188 0.014352
0 0.408073 0.263657 0.017188 0.014352
0 0.427083 0.264120 0.017188 0.014352
0 0.442708 0.265509 0.017188 0.014352
0 0.442448 0.276157 0.017188 0.014352
0 0.426823 0.275694 0.017188 0.014352
0 0.407031 0.275694 0.017188 0.014352
0 0.391146 0.273843 0.017188 0.014352
0 0.390625 0.285417 0.017188 0.014352
0 0.406250 0.286806 0.017188 0.014352
0 0.425260 0.287269 0.017188 0.014352
0 0.441406 0.287731 0.017188 0.014352
0 0.441146 0.299306 0.017188 0.014352
0 0.425260 0.298843 0.017188 0.014352
0 0.405469 0.298843 0.017188 0.014352
0 0.389583 0.297454 0.017188 0.014352
0 0.388802 0.309028 0.017188 0.014352
0 0.404687 0.309954 0.017188 0.014352
0 0.424479 0.310417 0.017188 0.014352
0 0.440365 0.310880 0.017188 0.014352
0 0.440365 0.322917 0.017188 0.014352
0 0.423698 0.322454 0.017188 0.014352
0 0.404167 0.321528 0.017188 0.014352
0 0.388542 0.320602 0.017188 0.014352
0 0.386719 0.331713 0.017188 0.014352
0 0.403385 0.333565 0.017188 0.014352
0 0.422917 0.334028 0.017188 0.014352
0 0.439063 0.334954 0.017188 0.014352
0 0.438802 0.346528 0.017188 0.014352
0 0.422656 0.346065 0.017188 0.014352
0 0.401823 0.345139 0.017188 0.014352
0 0.386198 0.344676 0.017188 0.014352
0 0.385156 0.356250 0.017188 0.014352
0 0.401302 0.357639 0.017188 0.014352
0 0.421354 0.358565 0.017188 0.014352
0 0.438281 0.359491 0.017188 0.014352
0 0.437500 0.370139 0.017188 0.014352
0 0.421615 0.369676 0.017188 0.014352
0 0.400521 0.369676 0.017188 0.014352
0 0.384375 0.368750 0.017188 0.014352
0 0.383594 0.380787 0.017188 0.014352
0 0.400260 0.381713 0.017188 0.014352
0 0.420312 0.382639 0.017188 0.014352
0 0.437240 0.383565 0.017188 0.014352
0 0.436458 0.394676 0.017188 0.014352
0 0.419271 0.393750 0.017188 0.014352
0 0.399479 0.393750 0.017188 0.014352
0 0.382292 0.392824 0.017188 0.014352
0 0.418620 0.412500 0.016927 0.012963
0 0.417839 0.425000 0.016927 0.012963
0 0.416797 0.442130 0.016927 0.012963
0 0.416667 0.456019 0.017188 0.014815
0 0.433594 0.457407 0.017188 0.014815
0 0.433854 0.443056 0.017188 0.014815
0 0.434375 0.426389 0.017188 0.014815
0 0.434896 0.413426 0.017188 0.014815
0 0.453125 0.414815 0.017188 0.014815
0 0.452344 0.444907 0.016667 0.013889
0 0.452604 0.425926 0.016667 0.013889
0 0.452344 0.458796 0.016667 0.013889
0 0.469792 0.459259 0.016667 0.013889
0 0.469792 0.445370 0.016667 0.013889
0 0.471094 0.428241 0.016667 0.013889
0 0.471094 0.415741 0.016667 0.013889
0 0.489844 0.418056 0.016667 0.013889
0 0.490365 0.429630 0.016667 0.013889
0 0.489063 0.446296 0.016667 0.013889
0 0.489323 0.460185 0.016667 0.013889
0 0.506250 0.461574 0.016667 0.013889
0 0.507292 0.447685 0.016667 0.013889
0 0.506771 0.430556 0.016667 0.013889
0 0.506771 0.418981 0.016667 0.013889
0 0.526042 0.420370 0.016667 0.013889
0 0.526042 0.431481 0.016667 0.013889
0 0.525000 0.448148 0.016667 0.013889
0 0.525000 0.462037 0.016667 0.013889
0 0.541667 0.462963 0.016667 0.013889
0 0.541927 0.450000 0.016667 0.013889
0 0.541667 0.432870 0.016667 0.013889
0 0.541667 0.421296 0.016667 0.013889
0 0.560677 0.421296 0.016667 0.013889
0 0.561198 0.432870 0.016667 0.013889
0 0.561198 0.450000 0.016667 0.013889
0 0.560677 0.463889 0.016667 0.013889
0 0.579167 0.465278 0.016667 0.013889
0 0.579427 0.451389 0.016667 0.013889
0 0.578906 0.434722 0.016667 0.013889
0 0.578646 0.421296 0.016667 0.013889
0 0.597656 0.433333 0.016667 0.013889
0 0.597786 0.451620 0.016927 0.015278
0 0.597266 0.466435 0.016927 0.015278
0 0.615755 0.467361 0.016927 0.015278
0 0.615495 0.453009 0.016927 0.015278
0 0.615755 0.434491 0.016927 0.015278
0 0.634245 0.435417 0.016927 0.015278
0 0.634505 0.453472 0.016927 0.015278
0 0.634245 0.468287 0.016927 0.015278
0 0.736589 0.475231 0.017969 0.016204
0 0.718359 0.467361 0.017969 0.016204
0 0.699089 0.465972 0.017969 0.016204
0 0.681380 0.465509 0.017969 0.016204
0 0.681901 0.480787 0.017969 0.016204
0 0.699349 0.481713 0.017969 0.016204
0 0.718620 0.482176 0.017969 0.016204
0 0.737109 0.490509 0.017969 0.016204
0 0.737370 0.506713 0.017969 0.016204
0 0.719661 0.496528 0.017969 0.016204
0 0.719661 0.510880 0.017969 0.016204
0 0.737630 0.521065 0.017969 0.016204
0 0.719922 0.526157 0.017969 0.016204
0 0.737891 0.536806 0.017969 0.016204
0 0.721224 0.541435 0.017969 0.016204
0 0.738151 0.552083 0.017969 0.016204
0 0.720443 0.555787 0.017969 0.016204
0 0.738411 0.567824 0.017969 0.016204
0 0.720703 0.570602 0.017969 0.016204
0 0.738411 0.582639 0.017969 0.016204
0 0.721484 0.584954 0.017969 0.016204
0 0.739193 0.599306 0.017969 0.016204
0 0.721224 0.600231 0.017969 0.016204
0 0.739453 0.614120 0.017969 0.016204
0 0.721745 0.615046 0.017969 0.016204
0 0.722005 0.628935 0.017969 0.016204
0 0.739974 0.629861 0.017969 0.016204
0 0.739974 0.645139 0.017969 0.016204
0 0.722786 0.644676 0.017969 0.016204
0 0.722526 0.659491 0.017969 0.016204
0 0.740234 0.660417 0.017969 0.016204
0 0.740234 0.676157 0.017969 0.016204
0 0.723047 0.675694 0.017969 0.016204
0 0.723047 0.690046 0.017969 0.016204
0 0.740495 0.691898 0.017969 0.016204
0 0.740755 0.706713 0.017969 0.016204
0 0.723047 0.705787 0.017969 0.016204
0 0.703516 0.704861 0.017969 0.016204
0 0.685807 0.703935 0.017969 0.016204
0 0.666016 0.702546 0.017969 0.016204
0 0.649089 0.702546 0.017969 0.016204
0 0.612109 0.699769 0.017969 0.016204
0 0.611589 0.714583 0.017969 0.016204
0 0.594401 0.713657 0.017969 0.016204
0 0.594401 0.698380 0.017969 0.016204
0 0.577734 0.682176 0.017969 0.016204
0 0.594401 0.683565 0.017969 0.016204
0 0.611068 0.684028 0.017969 0.016204
0 0.628776 0.684954 0.017969 0.016204
0 0.648828 0.685880 0.017969 0.016204
0 0.666536 0.687731 0.017969 0.016204
0 0.686068 0.688657 0.017969 0.016204
0 0.703516 0.689583 0.017969 0.016204
0 0.703255 0.673843 0.017969 0.016204
0 0.686068 0.673380 0.017969 0.016204
0 0.665234 0.672917 0.017969 0.016204
0 0.648047 0.671065 0.017969 0.016204
0 0.628776 0.670139 0.017969 0.016204
0 0.610807 0.669213 0.017969 0.016204
0 0.594141 0.668287 0.017969 0.016204
0 0.576693 0.667361 0.017969 0.016204
0 0.576693 0.652546 0.017969 0.016204
0 0.594401 0.653009 0.017969 0.016204
0 0.611068 0.653935 0.017969 0.016204
0 0.627995 0.654398 0.017969 0.016204
0 0.648307 0.656250 0.017969 0.016204
0 0.665755 0.656713 0.017969 0.016204
0 0.685286 0.658102 0.017969 0.016204
0 0.702995 0.658565 0.017969 0.016204
0 0.702474 0.643287 0.017969 0.016204
0 0.685547 0.642824 0.017969 0.016204
0 0.665234 0.642361 0.017969 0.016204
0 0.648307 0.640509 0.017969 0.016204
0 0.627995 0.640046 0.017969 0.016204
0 0.611328 0.639120 0.017969 0.016204
0 0.593359 0.638194 0.017969 0.016204
0 0.577995 0.636806 0.017969 0.016204
0 0.577474 0.621991 0.017969 0.016204
0 0.593880 0.622454 0.017969 0.016204
0 0.610547 0.623843 0.017969 0.016204
0 0.627734 0.623843 0.017969 0.016204
0 0.647526 0.625694 0.017969 0.016204
0 0.664714 0.625694 0.017969 0.016204
0 0.685026 0.628009 0.017969 0.016204
0 0.701953 0.628472 0.017969 0.016204
0 0.701953 0.612731 0.017969 0.016204
0 0.684505 0.612731 0.017969 0.016204
0 0.664974 0.611806 0.017969 0.016204
0 0.647266 0.610417 0.017969 0.016204
0 0.627995 0.609954 0.017969 0.016204
0 0.610807 0.608565 0.017969 0.016204
0 0.593099 0.607639 0.017969 0.016204
0 0.576953 0.607176 0.017969 0.016204
0 0.576953 0.592361 0.017969 0.016204
0 0.593620 0.592824 0.017969 0.016204
0 0.610807 0.593750 0.017969 0.016204
0 0.626953 0.594676 0.017969 0.016204
0 0.647266 0.596065 0.017969 0.016204
0 0.664453 0.596065 0.017969 0.016204
0 0.684245 0.597454 0.017969 0.016204
0 0.701693 0.598380 0.017969 0.016204
0 0.701172 0.583565 0.017969 0.016204
0 0.663411 0.580787 0.017969 0.016204
0 0.684766 0.581713 0.017969 0.016204
0 0.647526 0.580787 0.017969 0.016204
0 0.627734 0.579398 0.017969 0.016204
0 0.610286 0.579398 0.017969 0.016204
0 0.593359 0.578472 0.017969 0.016204
0 0.577214 0.578009 0.017969 0.016204
0 0.577214 0.563194 0.017969 0.016204
0 0.593880 0.563657 0.017969 0.016204
0 0.610547 0.564120 0.017969 0.016204
0 0.627214 0.564120 0.017969 0.016204
0 0.646745 0.565046 0.017969 0.016204
0 0.664453 0.566435 0.017969 0.016204
0 0.683984 0.567361 0.017969 0.016204
0 0.701172 0.567824 0.017969 0.016204
0 0.701172 0.553472 0.017969 0.016204
0 0.683984 0.553472 0.017969 0.016204
0 0.663672 0.552083 0.017969 0.016204
0 0.647526 0.551620 0.017969 0.016204
0 0.627734 0.551157 0.017969 0.016204
0 0.610286 0.550231 0.017969 0.016204
0 0.593620 0.549769 0.017969 0.016204
0 0.576693 0.548843 0.017969 0.016204
0 0.577474 0.533565 0.017969 0.016204
0 0.593880 0.534028 0.017969 0.016204
0 0.610286 0.534954 0.017969 0.016204
0 0.626693 0.535417 0.017969 0.016204
0 0.646484 0.536343 0.017969 0.016204
0 0.663672 0.537269 0.017969 0.016204
0 0.683724 0.538657 0.017969 0.016204
0 0.700130 0.539120 0.017969 0.016204
0 0.700911 0.523843 0.017969 0.016204
0 0.683724 0.523380 0.017969 0.016204
0 0.663672 0.522917 0.017969 0.016204
0 0.646484 0.523380 0.017969 0.016204
0 0.627214 0.521528 0.017969 0.016204
0 0.610026 0.521528 0.017969 0.016204
0 0.593359 0.520602 0.017969 0.016204
0 0.576953 0.521065 0.017969 0.016204
0 0.577995 0.505324 0.017969 0.016204
0 0.593880 0.506250 0.017969 0.016204
0 0.610286 0.506713 0.017969 0.016204
0 0.626693 0.507639 0.017969 0.016204
0 0.646484 0.508565 0.017969 0.016204
0 0.663672 0.508102 0.017969 0.016204
0 0.682943 0.509954 0.017969 0.016204
0 0.699870 0.510417 0.017969 0.016204
0 0.700130 0.496528 0.017969 0.016204
0 0.683464 0.496528 0.017969 0.016204
0 0.662891 0.495602 0.017969 0.016204
0 0.646484 0.494213 0.017969 0.016204
0 0.626693 0.492824 0.017969 0.016204
0 0.610026 0.492824 0.017969 0.016204
0 0.593359 0.492361 0.017969 0.016204
0 0.576693 0.491898 0.017969 0.016204
0 0.558984 0.490972 0.017969 0.016204
0 0.542318 0.489583 0.017969 0.016204
0 0.523047 0.490509 0.017969 0.016204
0 0.507422 0.489583 0.017969 0.016204
0 0.485286 0.486806 0.017969 0.016204
0 0.468099 0.486806 0.017969 0.016204
0 0.446224 0.486343 0.017969 0.016204
0 0.445964 0.499769 0.017969 0.016204
0 0.467318 0.501157 0.017969 0.016204
0 0.485286 0.500694 0.017969 0.016204
0 0.507682 0.503472 0.017969 0.016204
0 0.523307 0.503472 0.017969 0.016204
0 0.541536 0.503935 0.017969 0.016204
0 0.558203 0.505324 0.017969 0.016204
0 0.558203 0.518287 0.017969 0.016204
0 0.542057 0.517824 0.017969 0.016204
0 0.523307 0.517824 0.017969 0.016204
0 0.506641 0.516435 0.017969 0.016204
0 0.485026 0.515509 0.017969 0.016204
0 0.467057 0.515046 0.017969 0.016204
0 0.445703 0.514583 0.017969 0.016204
0 0.445443 0.528935 0.017969 0.016204
0 0.467057 0.529398 0.017969 0.016204
0 0.484766 0.529861 0.017969 0.016204
0 0.506901 0.530787 0.017969 0.016204
0 0.522526 0.531250 0.017969 0.016204
0 0.541797 0.532639 0.017969 0.016204
0 0.557943 0.533102 0.017969 0.016204
0 0.558464 0.547917 0.017969 0.016204
0 0.541536 0.547454 0.017969 0.016204
0 0.523307 0.546528 0.017969 0.016204
0 0.506120 0.545602 0.017969 0.016204
0 0.483984 0.544676 0.017969 0.016204
0 0.466797 0.543287 0.017969 0.016204
0 0.444922 0.542824 0.017969 0.016204
0 0.444401 0.557639 0.017969 0.016204
0 0.466797 0.558102 0.017969 0.016204
0 0.483984 0.558565 0.017969 0.016204
0 0.506380 0.559954 0.017969 0.016204
0 0.523047 0.560880 0.017969 0.016204
0 0.541797 0.561343 0.017969 0.016204
0 0.557943 0.561806 0.017969 0.016204
0 0.558724 0.576157 0.017969 0.016204
0 0.541797 0.576157 0.017969 0.016204
0 0.523047 0.575694 0.017969 0.016204
0 0.506380 0.574306 0.017969 0.016204
0 0.483203 0.573380 0.017969 0.016204
0 0.465755 0.572454 0.017969 0.016204
0 0.444141 0.571528 0.017969 0.016204
0 0.443880 0.585880 0.017969 0.016204
0 0.465495 0.586343 0.017969 0.016204
0 0.483203 0.586806 0.017969 0.016204
0 0.505599 0.589120 0.017969 0.016204
0 0.522266 0.589583 0.017969 0.016204
0 0.541276 0.590509 0.017969 0.016204
0 0.557422 0.591898 0.017969 0.016204
0 0.557422 0.606713 0.017969 0.016204
0 0.541016 0.605787 0.017969 0.016204
0 0.522526 0.604861 0.017969 0.016204
0 0.505339 0.603472 0.017969 0.016204
0 0.483203 0.602546 0.017969 0.016204
0 0.465495 0.601157 0.017969 0.016204
0 0.442839 0.600694 0.017969 0.016204
0 0.443359 0.615972 0.017969 0.016204
0 0.464714 0.615972 0.017969 0.016204
0 0.482422 0.616435 0.017969 0.016204
0 0.505599 0.618287 0.017969 0.016204
0 0.522266 0.619213 0.017969 0.016204
0 0.541536 0.620602 0.017969 0.016204
0 0.557682 0.621528 0.017969 0.016204
0 0.557943 0.635417 0.017969 0.016204
0 0.540495 0.635417 0.017969 0.016204
0 0.522266 0.634491 0.017969 0.016204
0 0.504557 0.633102 0.017969 0.016204
0 0.482161 0.632176 0.017969 0.016204
0 0.464453 0.630324 0.017969 0.016204
0 0.442839 0.630787 0.017969 0.016204
0 0.442318 0.645139 0.017969 0.016204
0 0.463932 0.645602 0.017969 0.016204
0 0.481901 0.646991 0.017969 0.016204
0 0.505339 0.648843 0.017969 0.016204
0 0.522005 0.648380 0.017969 0.016204
0 0.541536 0.649769 0.017969 0.016204
0 0.558203 0.651157 0.017969 0.016204
0 0.558464 0.665972 0.017969 0.016204
0 0.540755 0.665509 0.017969 0.016204
0 0.521484 0.664583 0.017969 0.016204
0 0.504818 0.663657 0.017969 0.016204
0 0.481901 0.661806 0.017969 0.016204
0 0.463932 0.661343 0.017969 0.016204
0 0.442057 0.659491 0.017969 0.016204
0 0.441536 0.674769 0.017969 0.016204
0 0.462630 0.675694 0.017969 0.016204
0 0.480599 0.676620 0.017969 0.016204
0 0.504557 0.677546 0.017969 0.016204
0 0.521224 0.678472 0.017969 0.016204
0 0.541016 0.680324 0.017969 0.016204
0 0.557943 0.681250 0.017969 0.016204
0 0.557943 0.696065 0.017969 0.016204
0 0.541016 0.695602 0.017969 0.016204
0 0.521224 0.694213 0.017969 0.016204
0 0.481120 0.692361 0.017969 0.016204
0 0.440755 0.690046 0.017969 0.016204
0 0.440234 0.705787 0.017969 0.016204
0 0.480599 0.707639 0.017969 0.016204
0 0.520964 0.708565 0.017969 0.016204
0 0.439714 0.721528 0.017969 0.016204
0 0.439453 0.736343 0.017969 0.016204
0 0.438672 0.752546 0.017969 0.016204
0 0.439193 0.768287 0.017969 0.016204
0 0.438151 0.784491 0.017969 0.016204
0 0.438411 0.800694 0.017969 0.016204
0 0.437370 0.815972 0.017969 0.016204
0 0.437891 0.831250 0.017969 0.016204
0 0.419661 0.830787 0.017969 0.016204
0 0.402214 0.830787 0.017969 0.016204
0 0.382943 0.828935 0.017969 0.016204
0 0.365755 0.829398 0.017969 0.016204
0 0.309766 0.814120 0.017969 0.016204
0 0.328516 0.815046 0.017969 0.016204
0 0.345443 0.815972 0.017969 0.016204
0 0.366276 0.813194 0.017969 0.016204
0 0.382943 0.813657 0.017969 0.016204
0 0.402734 0.814583 0.017969 0.016204
0 0.420443 0.815509 0.017969 0.016204
0 0.420964 0.799769 0.017969 0.016204
0 0.403255 0.797454 0.017969 0.016204
0 0.383464 0.797917 0.017969 0.016204
0 0.366797 0.797454 0.017969 0.016204
0 0.345964 0.800231 0.017969 0.016204
0 0.329297 0.799769 0.017969 0.016204
0 0.311589 0.798843 0.017969 0.016204
0 0.311849 0.781713 0.017969 0.016204
0 0.330339 0.783565 0.017969 0.016204
0 0.347526 0.784028 0.017969 0.016204
0 0.367318 0.780787 0.017969 0.016204
0 0.384245 0.781250 0.017969 0.016204
0 0.404297 0.782639 0.017969 0.016204
0 0.421224 0.783102 0.017969 0.016204
0 0.422266 0.767824 0.017969 0.016204
0 0.404557 0.766898 0.017969 0.016204
0 0.384766 0.766898 0.017969 0.016204
0 0.368099 0.765509 0.017969 0.016204
0 0.348568 0.768287 0.017969 0.016204
0 0.331120 0.768750 0.017969 0.016204
0 0.312370 0.766898 0.017969 0.016204
0 0.312891 0.751620 0.017969 0.016204
0 0.331120 0.752546 0.017969 0.016204
0 0.347786 0.753009 0.017969 0.016204
0 0.368359 0.750231 0.017969 0.016204
0 0.384766 0.750231 0.017969 0.016204
0 0.405599 0.751157 0.017969 0.016204
0 0.422526 0.751620 0.017969 0.016204
0 0.422786 0.736343 0.017969 0.016204
0 0.405859 0.735417 0.017969 0.016204
0 0.385547 0.734491 0.017969 0.016204
0 0.368880 0.734491 0.017969 0.016204
0 0.349349 0.738194 0.017969 0.016204
0 0.332161 0.738194 0.017969 0.016204
0 0.313411 0.736343 0.017969 0.016204
0 0.313411 0.720602 0.017969 0.016204
0 0.333203 0.721528 0.017969 0.016204
0 0.349870 0.722454 0.017969 0.016204
0 0.369401 0.718750 0.017969 0.016204
0 0.386849 0.719676 0.017969 0.016204
0 0.406901 0.720139 0.017969 0.016204
0 0.423307 0.721065 0.017969 0.016204
0 0.423828 0.704861 0.017969 0.016204
0 0.387109 0.704398 0.017969 0.016204
0 0.370182 0.703935 0.017969 0.016204
0 0.350391 0.707176 0.017969 0.016204
0 0.333464 0.706250 0.017969 0.016204
0 0.314453 0.705324 0.017969 0.016204
0 0.315495 0.690509 0.017969 0.016204
0 0.335026 0.691435 0.017969 0.016204
0 0.351953 0.691435 0.017969 0.016204
0 0.370703 0.688194 0.017969 0.016204
0 0.386849 0.688657 0.017969 0.016204
0 0.424089 0.690046 0.017969 0.016204
0 0.424870 0.674769 0.017969 0.016204
0 0.407943 0.674769 0.017969 0.016204
0 0.387891 0.673843 0.017969 0.016204
0 0.371224 0.673380 0.017969 0.016204
0 0.351693 0.676620 0.017969 0.016204
0 0.334766 0.675694 0.017969 0.016204
0 0.315495 0.675231 0.017969 0.016204
0 0.316016 0.659491 0.017969 0.016204
0 0.336068 0.660417 0.017969 0.016204
0 0.352214 0.660880 0.017969 0.016204
0 0.372005 0.658102 0.017969 0.016204
0 0.388672 0.658565 0.017969 0.016204
0 0.408203 0.659028 0.017969 0.016204
0 0.425391 0.659028 0.017969 0.016204
0 0.425651 0.644213 0.017969 0.016204
0 0.408724 0.643750 0.017969 0.016204
0 0.389453 0.643287 0.017969 0.016204
0 0.372266 0.642824 0.017969 0.016204
0 0.353516 0.646065 0.017969 0.016204
0 0.335807 0.645602 0.017969 0.016204
0 0.317318 0.645602 0.017969 0.016204
0 0.317839 0.629861 0.017969 0.016204
0 0.337370 0.630787 0.017969 0.016204
0 0.353776 0.631250 0.017969 0.016204
0 0.372526 0.628009 0.017969 0.016204
0 0.389714 0.627546 0.017969 0.016204
0 0.425911 0.629398 0.017969 0.016204
0 0.409766 0.614120 0.017969 0.016204
0 0.390495 0.614583 0.017969 0.016204
0 0.373307 0.613194 0.017969 0.016204
0 0.354818 0.616435 0.017969 0.016204
0 0.339453 0.615972 0.017969 0.016204
0 0.318359 0.615509 0.017969 0.016204
0 0.318620 0.599769 0.017969 0.016204
0 0.338672 0.599769 0.017969 0.016204
0 0.356380 0.601620 0.017969 0.016204
0 0.375391 0.597917 0.017969 0.016204
0 0.391016 0.597917 0.017969 0.016204
0 0.409505 0.598380 0.017969 0.016204
0 0.426693 0.614583 0.017969 0.016204
0 0.426693 0.598843 0.017969 0.016204
0 0.427214 0.585417 0.017969 0.016204
0 0.411068 0.584491 0.017969 0.016204
0 0.391276 0.583565 0.017969 0.016204
0 0.375130 0.584491 0.017969 0.016204
0 0.356120 0.586806 0.017969 0.016204
0 0.338932 0.585880 0.017969 0.016204
0 0.319922 0.585880 0.017969 0.016204
0 0.320443 0.571065 0.017969 0.016204
0 0.339453 0.571991 0.017969 0.016204
0 0.355859 0.571991 0.017969 0.016204
0 0.375130 0.569213 0.017969 0.016204
0 0.391797 0.569676 0.017969 0.016204
0 0.411068 0.570139 0.017969 0.016204
0 0.427474 0.570602 0.017969 0.016204
0 0.427474 0.556250 0.017969 0.016204
0 0.411589 0.554861 0.017969 0.016204
0 0.392578 0.554861 0.017969 0.016204
0 0.375391 0.554398 0.017969 0.016204
0 0.357422 0.557639 0.017969 0.016204
0 0.340495 0.557176 0.017969 0.016204
0 0.320703 0.556250 0.017969 0.016204
0 0.321484 0.541435 0.017969 0.016204
0 0.340755 0.542361 0.017969 0.016204
0 0.357682 0.542824 0.017969 0.016204
0 0.377214 0.539120 0.017969 0.016204
0 0.393620 0.539583 0.017969 0.016204
0 0.411589 0.540509 0.017969 0.016204
0 0.427995 0.540972 0.017969 0.016204
0 0.429036 0.527083 0.017969 0.016204
0 0.412630 0.526157 0.017969 0.016204
0 0.393620 0.526620 0.017969 0.016204
0 0.376432 0.525231 0.017969 0.016204
0 0.358203 0.528472 0.017969 0.016204
0 0.341536 0.528472 0.017969 0.016204
0 0.322005 0.526620 0.017969 0.016204
0 0.322786 0.512731 0.017969 0.016204
0 0.342839 0.512731 0.017969 0.016204
0 0.358464 0.514120 0.017969 0.016204
0 0.377734 0.511806 0.017969 0.016204
0 0.393620 0.512269 0.017969 0.016204
0 0.413411 0.512731 0.017969 0.016204
0 0.428776 0.513194 0.017969 0.016204
0 0.430078 0.498380 0.017969 0.016204
0 0.413672 0.498843 0.017969 0.016204
0 0.394401 0.497917 0.017969 0.016204
0 0.377995 0.496991 0.017969 0.016204
0 0.358724 0.499769 0.017969 0.016204
0 0.342578 0.499306 0.017969 0.016204
0 0.323828 0.498380 0.017969 0.016204
0 0.323568 0.483565 0.017969 0.016204
0 0.343359 0.484954 0.017969 0.016204
0 0.358984 0.485417 0.017969 0.016204
0 0.378776 0.483102 0.017969 0.016204
0 0.395703 0.484028 0.017969 0.016204
0 0.413932 0.484028 0.017969 0.016204
0 0.430078 0.485417 0.017969 0.016204
0 0.360286 0.471065 0.017969 0.016204
0 0.344141 0.471528 0.017969 0.016204
0 0.324349 0.470139 0.017969 0.016204
0 0.324609 0.456713 0.017969 0.016204
0 0.344401 0.457176 0.017969 0.016204
0 0.360807 0.457639 0.017969 0.016204
0 0.361328 0.443750 0.017969 0.016204
0 0.344922 0.442824 0.017969 0.016204
0 0.325391 0.441435 0.017969 0.016204
0 0.462109 0.737500 0.017969 0.015741
0 0.480078 0.738889 0.017969 0.015741
0 0.503255 0.740278 0.017969 0.015741
0 0.520443 0.740741 0.017969 0.015741
0 0.539974 0.742130 0.017969 0.015741
0 0.557682 0.743056 0.017969 0.015741
0 0.577474 0.745370 0.017969 0.015741
0 0.594922 0.745370 0.017969 0.015741
0 0.594401 0.761574 0.017969 0.015741
0 0.576432 0.760185 0.017969 0.015741
0 0.557161 0.757870 0.017969 0.015741
0 0.540495 0.757870 0.017969 0.015741
0 0.520443 0.756019 0.017969 0.015741
0 0.502734 0.755093 0.017969 0.015741
0 0.480469 0.753704 0.018229 0.016667
0 0.461719 0.753704 0.018229 0.016667
0 0.461458 0.768519 0.018229 0.016667
0 0.479687 0.770370 0.018229 0.016667
0 0.503125 0.771296 0.018229 0.016667
0 0.519792 0.772222 0.018229 0.016667
0 0.540365 0.774074 0.018229 0.016667
0 0.557552 0.775463 0.018229 0.016667
0 0.576823 0.776389 0.018229 0.016667
0 0.594531 0.777778 0.018229 0.016667
0 0.594010 0.793056 0.018229 0.016667
0 0.577083 0.792130 0.018229 0.016667
0 0.557552 0.791204 0.018229 0.016667
0 0.540104 0.790741 0.018229 0.016667
0 0.520052 0.788426 0.018229 0.016667
0 0.502604 0.787037 0.018229 0.016667
0 0.479687 0.786111 0.018229 0.016667
0 0.460677 0.785185 0.018229 0.016667
0 0.461198 0.800926 0.018229 0.016667
0 0.478385 0.802315 0.018229 0.016667
0 0.502344 0.803241 0.018229 0.016667
0 0.519531 0.804630 0.018229 0.016667
0 0.539583 0.805556 0.018229 0.016667
0 0.556510 0.807407 0.018229 0.016667
0 0.577344 0.807870 0.018229 0.016667
0 0.594010 0.809722 0.018229 0.016667
0 0.595052 0.825463 0.018229 0.016667
0 0.577865 0.824074 0.018229 0.016667
0 0.556771 0.823611 0.018229 0.016667
0 0.539583 0.821759 0.018229 0.016667
0 0.519531 0.820370 0.018229 0.016667
0 0.501823 0.818981 0.018229 0.016667
0 0.478906 0.817593 0.018229 0.016667
0 0.460677 0.816667 0.018229 0.016667
0 0.459635 0.833333 0.018229 0.016667
0 0.478125 0.834259 0.018229 0.016667
0 0.502083 0.835185 0.018229 0.016667
0 0.519531 0.837037 0.018229 0.016667
0 0.539583 0.837963 0.018229 0.016667
0 0.557031 0.838889 0.018229 0.016667
0 0.577083 0.840278 0.018229 0.016667
0 0.594531 0.840741 0.018229 0.016667
0 0.594271 0.857407 0.018229 0.016667
0 0.576823 0.856019 0.018229 0.016667
0 0.556771 0.855556 0.018229 0.016667
0 0.538542 0.853704 0.018229 0.016667
0 0.518490 0.851852 0.018229 0.016667
0 0.501302 0.851852 0.018229 0.016667
0 0.477604 0.850000 0.018229 0.016667
0 0.460156 0.849537 0.018229 0.016667
0 0.459115 0.865741 0.018229 0.016667
0 0.477604 0.866204 0.018229 0.016667
0 0.501302 0.867130 0.018229 0.016667
0 0.518490 0.868981 0.018229 0.016667
0 0.538802 0.869907 0.018229 0.016667
0 0.556771 0.871296 0.018229 0.016667
0 0.577083 0.872222 0.018229 0.016667
0 0.594271 0.873611 0.018229 0.016667
0 0.612370 0.874537 0.019010 0.017593
0 0.629557 0.875926 0.019010 0.017593
0 0.649349 0.877778 0.019010 0.017593
0 0.667839 0.877315 0.019010 0.017593
0 0.687370 0.878704 0.019010 0.017593
0 0.705859 0.880556 0.019010 0.017593
0 0.727214 0.881944 0.019010 0.017593
0 0.744141 0.881944 0.019010 0.017593
0 0.744401 0.865741 0.019010 0.017593
0 0.726693 0.865278 0.019010 0.017593
0 0.705859 0.864815 0.019010 0.017593
0 0.688411 0.863426 0.019010 0.017593
0 0.667057 0.862500 0.019010 0.017593
0 0.649089 0.861111 0.019010 0.017593
0 0.628776 0.859722 0.019010 0.017593
0 0.612109 0.858796 0.019010 0.017593
0 0.612109 0.842593 0.019010 0.017593
0 0.629036 0.843056 0.019010 0.017593
0 0.649870 0.843981 0.019010 0.017593
0 0.667057 0.845833 0.019010 0.017593
0 0.687891 0.847222 0.019010 0.017593
0 0.705859 0.847685 0.019010 0.017593
0 0.726693 0.849074 0.019010 0.017593
0 0.743620 0.850463 0.019010 0.017593
0 0.743880 0.832407 0.019010 0.017593
0 0.725391 0.832870 0.019010 0.017593
0 0.705078 0.832407 0.019010 0.017593
0 0.687630 0.831019 0.019010 0.017593
0 0.666536 0.830093 0.019010 0.017593
0 0.649349 0.829167 0.019010 0.017593
0 0.629036 0.827778 0.019010 0.017593
0 0.612109 0.827315 0.019010 0.017593
0 0.612370 0.811111 0.019010 0.017593
0 0.629557 0.811111 0.019010 0.017593
0 0.649349 0.812037 0.019010 0.017593
0 0.666536 0.813426 0.019010 0.017593
0 0.687370 0.814352 0.019010 0.017593
0 0.705078 0.815741 0.019010 0.017593
0 0.726172 0.816667 0.019010 0.017593
0 0.743099 0.818056 0.019010 0.017593
0 0.743099 0.800463 0.019010 0.017593
0 0.725391 0.800463 0.019010 0.017593
0 0.704297 0.799537 0.019010 0.017593
0 0.687370 0.799074 0.019010 0.017593
0 0.666016 0.798611 0.019010 0.017593
0 0.649349 0.797222 0.019010 0.017593
0 0.629036 0.795370 0.019010 0.017593
0 0.612109 0.794444 0.019010 0.017593
0 0.612109 0.778241 0.019010 0.017593
0 0.629557 0.779630 0.019010 0.017593
0 0.649870 0.780556 0.019010 0.017593
0 0.666276 0.781481 0.019010 0.017593
0 0.687109 0.782870 0.019010 0.017593
0 0.704036 0.784259 0.019010 0.017593
0 0.725130 0.785185 0.019010 0.017593
0 0.742578 0.785185 0.019010 0.017593
0 0.742578 0.770370 0.019010 0.017593
0 0.741536 0.755093 0.019010 0.017593
0 0.686849 0.768056 0.019010 0.017593
0 0.725651 0.770370 0.019010 0.017593
0 0.704036 0.768981 0.019010 0.017593
0 0.666797 0.766667 0.019010 0.017593
0 0.649089 0.764815 0.019010 0.017593
0 0.629036 0.763426 0.019010 0.017593
0 0.611849 0.762963 0.019010 0.017593
0 0.611849 0.748148 0.019010 0.017593
0 0.629297 0.747685 0.019010 0.017593
0 0.649349 0.750000 0.019010 0.017593
0 0.666536 0.750000 0.019010 0.017593
0 0.686849 0.750926 0.019010 0.017593
0 0.704818 0.752778 0.019010 0.017593
0 0.724609 0.753241 0.019010 0.017593
0 0.746745 0.902778 0.019010 0.017593
0 0.746745 0.921759 0.019010 0.017593
0 0.746745 0.938426 0.019010 0.017593
0 0.728255 0.937037 0.019010 0.017593
0 0.727734 0.918981 0.019010 0.017593
0 0.727734 0.903241 0.019010 0.017593
0 0.706380 0.900926 0.019010 0.017593
0 0.706380 0.917593 0.019010 0.017593
0 0.706901 0.935648 0.019010 0.017593
0 0.688151 0.934259 0.019010 0.017593
0 0.687891 0.917130 0.019010 0.017593
0 0.687891 0.900463 0.019010 0.017593
0 0.668880 0.899074 0.019010 0.017593
0 0.668620 0.916204 0.019010 0.017593
0 0.669141 0.933333 0.019010 0.017593
0 0.650651 0.933333 0.019010 0.017593
0 0.650391 0.914352 0.019010 0.017593
0 0.650651 0.898611 0.019010 0.017593
0 0.631901 0.897685 0.019010 0.017593
0 0.631901 0.915278 0.019010 0.017593
0 0.631901 0.931944 0.019010 0.017593
0 0.612630 0.931019 0.019010 0.017593
0 0.612891 0.912037 0.019010 0.017593
0 0.613411 0.895833 0.019010 0.017593
0 0.594922 0.895370 0.019010 0.017593
0 0.594401 0.911111 0.019010 0.017593
0 0.594661 0.928704 0.019010 0.017593
0 0.575911 0.928241 0.019010 0.017593
0 0.575911 0.910648 0.019010 0.017593
0 0.576693 0.893056 0.019010 0.017593
0 0.557422 0.891204 0.019010 0.017593
0 0.557682 0.908796 0.019010 0.017593
0 0.557682 0.926389 0.019010 0.017593
0 0.538672 0.925926 0.019010 0.017593
0 0.538932 0.907870 0.019010 0.017593
0 0.538672 0.891204 0.019010 0.017593
0 0.518620 0.889815 0.019010 0.017593
0 0.518620 0.906944 0.019010 0.017593
0 0.518620 0.924537 0.019010 0.017593
0 0.499870 0.923611 0.019010 0.017593
0 0.500391 0.906481 0.019010 0.017593
0 0.500911 0.889352 0.019010 0.017593
0 0.477734 0.887963 0.019010 0.017593
0 0.477995 0.904630 0.019010 0.017593
0 0.477214 0.922222 0.019010 0.017593
0 0.458724 0.921759 0.019010 0.017593
0 0.459505 0.903704 0.019010 0.017593
0 0.459505 0.886574 0.019010 0.017593
0 0.710156 0.186111 0.016667 0.012963
