0 0.329948 0.338426 0.020833 0.017593
0 0.327865 0.348611 0.020833 0.017593
0 0.325521 0.359259 0.020833 0.017593
0 0.324219 0.370833 0.020833 0.017593
0 0.321875 0.382407 0.020833 0.017593
0 0.347917 0.342130 0.020833 0.017593
0 0.345833 0.354167 0.020833 0.017593
0 0.344271 0.364815 0.020833 0.017593
0 0.342448 0.376852 0.020833 0.017593
0 0.340365 0.388426 0.020833 0.017593
0 0.381771 0.328704 0.020313 0.018519
0 0.380729 0.340741 0.020313 0.018519
0 0.378516 0.349537 0.019531 0.013889
0 0.408464 0.335648 0.014844 0.017593
0 0.407161 0.345370 0.014844 0.017593
0 0.405599 0.357639 0.014323 0.015278
0 0.435156 0.270370 0.029167 0.027778
0 0.433594 0.285648 0.029167 0.027778
0 0.431771 0.301389 0.029167 0.027778
0 0.430208 0.317130 0.029167 0.027778
0 0.429167 0.335648 0.029167 0.027778
0 0.427604 0.352315 0.029167 0.027778
0 0.425911 0.368750 0.030990 0.028241
0 0.424349 0.385417 0.030990 0.028241
0 0.422135 0.404630 0.031250 0.030556
0 0.420312 0.423611 0.032813 0.031481
0 0.417969 0.444444 0.032813 0.031481
0 0.416146 0.463426 0.032813 0.031481
0 0.413932 0.484028 0.035156 0.031944
0 0.411328 0.505787 0.035156 0.031944
0 0.408724 0.526620 0.035156 0.031944
0 0.407161 0.548380 0.035156 0.031944
0 0.404036 0.571991 0.035156 0.031944
0 0.401562 0.593981 0.035937 0.034259
0 0.399089 0.618519 0.036719 0.033333
0 0.396354 0.644907 0.037500 0.037963
0 0.393490 0.671296 0.037500 0.037963
0 0.390365 0.697917 0.039062 0.040278
0 0.462240 0.279861 0.028125 0.028241
0 0.460417 0.295602 0.028125 0.028241
0 0.459375 0.310880 0.027604 0.027315
0 0.458203 0.326620 0.029427 0.028241
0 0.456641 0.343750 0.029427 0.028241
0 0.455599 0.360880 0.029427 0.028241
0 0.454167 0.378009 0.030729 0.028241
0 0.453646 0.396065 0.030729 0.028241
0 0.451823 0.413657 0.030729 0.028241
0 0.449740 0.433102 0.032813 0.030093
0 0.448698 0.453009 0.032813 0.030093
0 0.446875 0.473148 0.032292 0.031481
0 0.444531 0.492593 0.032292 0.031481
0 0.442578 0.515046 0.032552 0.030093
0 0.440755 0.535648 0.033073 0.033333
0 0.438932 0.558796 0.033073 0.033333
0 0.437500 0.581713 0.034896 0.031944
0 0.434896 0.604861 0.034896 0.031944
0 0.432943 0.629630 0.035156 0.034259
0 0.430990 0.654861 0.036458 0.036574
0 0.428516 0.680324 0.037240 0.037500
0 0.426302 0.708333 0.037500 0.038889
0 0.488021 0.289120 0.028125 0.028241
0 0.486979 0.304861 0.028125 0.028241
0 0.486198 0.320602 0.028125 0.028241
0 0.485156 0.337269 0.028125 0.028241
0 0.467057 0.639120 0.036198 0.035648
0 0.464714 0.663889 0.037240 0.037963
0 0.463411 0.690278 0.037240 0.037963
0 0.461849 0.717130 0.037240 0.037963
0 0.514844 0.297917 0.028646 0.027315
0 0.514062 0.313657 0.028646 0.027315
0 0.513802 0.329398 0.028646 0.027315
0 0.513281 0.346991 0.028646 0.027315
0 0.511458 0.362269 0.028646 0.027315
0 0.511198 0.380787 0.028646 0.027315
0 0.510547 0.395833 0.029427 0.028704
0 0.509766 0.414583 0.029948 0.031944
0 0.509245 0.434028 0.029948 0.030093
0 0.507943 0.452546 0.029948 0.030093
0 0.507682 0.471528 0.032031 0.030093
0 0.506901 0.492361 0.032031 0.030093
0 0.505859 0.511806 0.032031 0.030093
0 0.505078 0.533565 0.033073 0.032870
0 0.503776 0.555324 0.033073 0.032870
0 0.503255 0.578472 0.033073 0.032870
0 0.501953 0.600231 0.033073 0.032870
0 0.501172 0.624306 0.033594 0.036574
0 0.499089 0.648380 0.033594 0.036574
0 0.498568 0.676157 0.033594 0.036574
0 0.497526 0.700694 0.035677 0.036574
0 0.495964 0.727083 0.036719 0.038426
0 0.540625 0.305787 0.027604 0.028241
0 0.540104 0.321991 0.027604 0.028241
0 0.539583 0.339120 0.027604 0.028241
0 0.539062 0.356250 0.027604 0.028241
0 0.539062 0.372454 0.027604 0.028241
0 0.539062 0.388657 0.027604 0.028241
0 0.538021 0.406713 0.027604 0.028241
0 0.537500 0.425231 0.027604 0.028241
0 0.537760 0.444213 0.027604 0.028241
0 0.536719 0.462037 0.029167 0.030556
0 0.536719 0.481713 0.031250 0.030093
0 0.535937 0.501157 0.031250 0.030093
0 0.536458 0.521759 0.031771 0.033333
0 0.534896 0.545833 0.031771 0.033333
0 0.534375 0.565741 0.031771 0.033333
0 0.534115 0.588889 0.031771 0.033333
0 0.533984 0.609722 0.032552 0.035185
0 0.533203 0.633333 0.032552 0.035185
0 0.532422 0.659722 0.032552 0.035185
0 0.531901 0.685185 0.032552 0.035185
0 0.531510 0.710417 0.033854 0.035648
0 0.530990 0.737963 0.034896 0.036111
