0 0.244792 0.925926 0.019792 0.017593
0 0.245573 0.908333 0.019792 0.017593
0 0.246094 0.890278 0.019792 0.017593
0 0.246875 0.873148 0.019792 0.017593
0 0.247396 0.855093 0.019792 0.017593
0 0.247917 0.837500 0.019792 0.017593
0 0.264062 0.926389 0.019792 0.017593
0 0.264844 0.908796 0.019792 0.017593
0 0.265365 0.890278 0.019792 0.017593
0 0.265885 0.873148 0.019792 0.017593
0 0.266406 0.855556 0.019792 0.017593
0 0.267188 0.838889 0.019792 0.017593
0 0.267708 0.819907 0.019792 0.017593
0 0.267969 0.802778 0.019792 0.017593
0 0.269010 0.786111 0.019792 0.017593
0 0.290625 0.785648 0.019792 0.017593
0 0.290104 0.803241 0.019792 0.017593
0 0.289583 0.820370 0.019792 0.017593
0 0.288542 0.837500 0.019792 0.017593
0 0.288281 0.855556 0.019792 0.017593
0 0.287760 0.873611 0.019792 0.017593
0 0.287240 0.891204 0.019792 0.017593
0 0.286719 0.908796 0.019792 0.017593
0 0.286198 0.926852 0.019792 0.017593
0 0.305208 0.926852 0.019792 0.017593
0 0.305729 0.909722 0.019792 0.017593
0 0.306250 0.891667 0.019792 0.017593
0 0.307031 0.873611 0.019792 0.017593
0 0.307552 0.856019 0.019792 0.017593
0 0.308073 0.838426 0.019792 0.017593
0 0.308594 0.821759 0.019792 0.017593
0 0.308594 0.804167 0.019792 0.017593
0 0.309115 0.786574 0.019792 0.017593
0 0.330208 0.786574 0.019792 0.017593
0 0.329948 0.803704 0.019792 0.017593
0 0.328906 0.821759 0.019792 0.017593
0 0.328906 0.838889 0.019792 0.017593
0 0.328125 0.856944 0.019792 0.017593
0 0.327865 0.874537 0.019792 0.017593
0 0.327344 0.892130 0.019792 0.017593
0 0.326823 0.910185 0.019792 0.017593
0 0.326562 0.927778 0.019792 0.017593
0 0.345833 0.928241 0.019792 0.017593
0 0.346354 0.910185 0.019792 0.017593
0 0.346354 0.892593 0.019792 0.017593
0 0.346615 0.875000 0.019792 0.017593
0 0.347656 0.857407 0.019792 0.017593
0 0.348177 0.839352 0.019792 0.017593
0 0.348698 0.822222 0.019792 0.017593
0 0.348438 0.804630 0.019792 0.017593
0 0.349219 0.786574 0.019792 0.017593
0 0.370573 0.787037 0.019792 0.017593
0 0.370052 0.805093 0.019792 0.017593
0 0.369792 0.822685 0.019792 0.017593
0 0.369792 0.839815 0.019792 0.017593
0 0.369271 0.857870 0.019792 0.017593
0 0.369010 0.875463 0.019792 0.017593
0 0.368490 0.893056 0.019792 0.017593
0 0.367969 0.910648 0.019792 0.017593
0 0.367708 0.929167 0.019792 0.017593
0 0.386979 0.929167 0.019792 0.017593
0 0.386979 0.911111 0.019792 0.017593
0 0.387500 0.893981 0.019792 0.017593
0 0.387760 0.875463 0.019792 0.017593
0 0.387760 0.858333 0.019792 0.017593
0 0.388281 0.840278 0.019792 0.017593
0 0.388802 0.823148 0.019792 0.017593
0 0.389323 0.804630 0.019792 0.017593
0 0.390104 0.787963 0.019792 0.017593
0 0.411198 0.787037 0.019792 0.017593
0 0.410938 0.805093 0.019792 0.017593
0 0.410677 0.822222 0.019792 0.017593
0 0.410677 0.840278 0.019792 0.017593
0 0.409896 0.857407 0.019792 0.017593
0 0.409635 0.875463 0.019792 0.017593
0 0.409375 0.893519 0.019792 0.017593
0 0.409896 0.911574 0.019792 0.017593
0 0.409115 0.929167 0.019792 0.017593
0 0.428385 0.929630 0.019792 0.017593
0 0.428646 0.912037 0.019792 0.017593
0 0.428906 0.893981 0.019792 0.017593
0 0.429167 0.876389 0.019792 0.017593
0 0.428906 0.858333 0.019792 0.017593
0 0.429427 0.840278 0.019792 0.017593
0 0.428906 0.822685 0.019792 0.017593
0 0.428906 0.804630 0.019792 0.017593
0 0.429948 0.788426 0.019792 0.017593
0 0.447917 0.790741 0.019792 0.017593
0 0.447396 0.808796 0.019792 0.017593
0 0.447396 0.826389 0.019792 0.017593
0 0.447396 0.843981 0.019792 0.017593
0 0.466927 0.791667 0.019792 0.017593
0 0.466927 0.809259 0.019792 0.017593
0 0.466667 0.827315 0.019792 0.017593
0 0.466667 0.845370 0.019792 0.017593
0 0.485677 0.844907 0.019792 0.017593
0 0.485677 0.828241 0.019792 0.017593
0 0.485938 0.809722 0.019792 0.017593
0 0.485938 0.792130 0.019792 0.017593
0 0.448698 0.876389 0.019792 0.017593
0 0.448698 0.894444 0.019792 0.017593
0 0.448177 0.912037 0.019792 0.017593
0 0.447656 0.930093 0.019792 0.017593
0 0.467448 0.930556 0.019792 0.017593
0 0.467448 0.912963 0.019792 0.017593
0 0.467708 0.894907 0.019792 0.017593
0 0.468229 0.876852 0.019792 0.017593
0 0.487500 0.877778 0.019792 0.017593
0 0.486979 0.895370 0.019792 0.017593
0 0.486719 0.913426 0.019792 0.017593
0 0.486979 0.931019 0.019792 0.017593
0 0.511979 0.932407 0.019792 0.017593
0 0.512240 0.914815 0.019792 0.017593
0 0.511979 0.896759 0.019792 0.017593
0 0.512240 0.878704 0.019792 0.017593
0 0.512240 0.861574 0.019792 0.017593
0 0.512240 0.842593 0.019792 0.017593
0 0.512760 0.825000 0.019792 0.017593
0 0.512760 0.806944 0.019792 0.017593
0 0.512500 0.789352 0.019792 0.017593
0 0.534375 0.790278 0.019792 0.017593
0 0.534375 0.807407 0.019792 0.017593
0 0.534115 0.825463 0.019792 0.017593
0 0.534375 0.843056 0.019792 0.017593
0 0.534115 0.861111 0.019792 0.017593
0 0.534115 0.879167 0.019792 0.017593
0 0.534375 0.897222 0.019792 0.017593
0 0.534115 0.915278 0.019792 0.017593
0 0.534115 0.932870 0.019792 0.017593
0 0.553646 0.933333 0.019792 0.017593
0 0.553125 0.915278 0.019792 0.017593
0 0.553646 0.898148 0.019792 0.017593
0 0.553385 0.880093 0.019792 0.017593
0 0.553385 0.862500 0.019792 0.017593
0 0.553646 0.843981 0.019792 0.017593
0 0.553385 0.826389 0.019792 0.017593
0 0.553125 0.807870 0.019792 0.017593
0 0.553385 0.790741 0.019792 0.017593
0 0.575260 0.791204 0.019792 0.017593
0 0.575000 0.808796 0.019792 0.017593
0 0.575260 0.826389 0.019792 0.017593
0 0.575260 0.844444 0.019792 0.017593
0 0.575521 0.861574 0.019792 0.017593
0 0.575781 0.880093 0.019792 0.017593
0 0.575521 0.898148 0.019792 0.017593
0 0.575260 0.916204 0.019792 0.017593
0 0.575521 0.933796 0.019792 0.017593
0 0.594792 0.934722 0.019792 0.017593
0 0.595052 0.916204 0.019792 0.017593
0 0.595052 0.898611 0.019792 0.017593
0 0.594792 0.881019 0.019792 0.017593
0 0.594792 0.862963 0.019792 0.017593
0 0.594531 0.844907 0.019792 0.017593
0 0.594010 0.826852 0.019792 0.017593
0 0.594531 0.809259 0.019792 0.017593
0 0.594271 0.791204 0.019792 0.017593
0 0.617448 0.792130 0.019792 0.017593
0 0.617448 0.810185 0.019792 0.017593
0 0.617969 0.828241 0.019792 0.017593
0 0.617448 0.845370 0.019792 0.017593
0 0.617969 0.863889 0.019792 0.017593
0 0.618229 0.881481 0.019792 0.017593
0 0.617969 0.899074 0.019792 0.017593
0 0.618229 0.917130 0.019792 0.017593
0 0.618750 0.935185 0.019792 0.017593
0 0.637500 0.935648 0.019792 0.017593
0 0.637760 0.918056 0.019792 0.017593
0 0.637500 0.899537 0.019792 0.017593
0 0.637240 0.881481 0.019792 0.017593
0 0.637240 0.863889 0.019792 0.017593
0 0.637240 0.846296 0.019792 0.017593
0 0.637240 0.828704 0.019792 0.017593
0 0.636719 0.810648 0.019792 0.017593
0 0.636198 0.793519 0.019792 0.017593
0 0.657552 0.794444 0.019792 0.017593
0 0.658073 0.811574 0.019792 0.017593
0 0.658333 0.830093 0.019792 0.017593
0 0.658594 0.847685 0.019792 0.017593
0 0.658854 0.864815 0.019792 0.017593
0 0.658854 0.882870 0.019792 0.017593
0 0.659375 0.900463 0.019792 0.017593
0 0.659375 0.918519 0.019792 0.017593
0 0.659896 0.936574 0.019792 0.017593
0 0.679167 0.937037 0.019792 0.017593
0 0.678646 0.918519 0.019792 0.017593
0 0.678125 0.900000 0.019792 0.017593
0 0.678125 0.882870 0.019792 0.017593
0 0.677865 0.865278 0.019792 0.017593
0 0.677604 0.848148 0.019792 0.017593
0 0.677344 0.830093 0.019792 0.017593
0 0.677083 0.812963 0.019792 0.017593
0 0.676302 0.795370 0.019792 0.017593
0 0.701042 0.943519 0.019792 0.017593
0 0.700521 0.925000 0.019792 0.017593
0 0.700781 0.907407 0.019792 0.017593
0 0.700260 0.889815 0.019792 0.017593
0 0.700000 0.871759 0.019792 0.017593
0 0.699479 0.854167 0.019792 0.017593
0 0.698698 0.836574 0.019792 0.017593
0 0.698438 0.818519 0.019792 0.017593
0 0.698438 0.801389 0.019792 0.017593
0 0.697656 0.783333 0.019792 0.017593
0 0.697656 0.767130 0.019792 0.017593
0 0.697396 0.749074 0.019792 0.017593
0 0.696875 0.732407 0.019792 0.017593
0 0.696354 0.698148 0.019792 0.017593
0 0.696354 0.681019 0.019792 0.017593
0 0.696094 0.664352 0.019792 0.017593
0 0.695573 0.647222 0.019792 0.017593
0 0.695052 0.630556 0.019792 0.017593
0 0.695052 0.614815 0.019792 0.017593
0 0.694792 0.598611 0.019792 0.017593
0 0.694531 0.582407 0.019792 0.017593
0 0.694010 0.567593 0.019792 0.017593
0 0.694010 0.551852 0.019792 0.017593
0 0.693750 0.536574 0.019792 0.017593
0 0.693490 0.521296 0.019792 0.017593
0 0.672396 0.523148 0.019792 0.017593
0 0.672135 0.539815 0.019792 0.017593
0 0.672656 0.555093 0.019792 0.017593
0 0.672135 0.571759 0.019792 0.017593
0 0.672396 0.586574 0.019792 0.017593
0 0.672396 0.601852 0.019792 0.017593
0 0.673438 0.618519 0.019792 0.017593
0 0.673438 0.633796 0.019792 0.017593
0 0.673438 0.650000 0.019792 0.017593
0 0.674219 0.668056 0.019792 0.017593
0 0.674479 0.684722 0.019792 0.017593
0 0.675260 0.701389 0.019792 0.017593
0 0.675260 0.719444 0.019792 0.017593
0 0.675260 0.736574 0.019792 0.017593
0 0.676042 0.753241 0.019792 0.017593
0 0.676302 0.770833 0.019792 0.017593
0 0.657031 0.770370 0.019792 0.017593
0 0.656771 0.752778 0.019792 0.017593
0 0.656510 0.736111 0.019792 0.017593
0 0.656510 0.718519 0.019792 0.017593
0 0.656250 0.700926 0.019792 0.017593
0 0.655990 0.684722 0.019792 0.017593
0 0.655208 0.668056 0.019792 0.017593
0 0.654687 0.649074 0.019792 0.017593
0 0.654167 0.631944 0.019792 0.017593
0 0.654427 0.616204 0.019792 0.017593
0 0.653906 0.599074 0.019792 0.017593
0 0.653385 0.582870 0.019792 0.017593
0 0.653646 0.566204 0.019792 0.017593
0 0.653385 0.548611 0.019792 0.017593
0 0.633333 0.565741 0.019792 0.017593
0 0.633854 0.581481 0.019792 0.017593
0 0.634115 0.598611 0.019792 0.017593
0 0.634115 0.615278 0.019792 0.017593
0 0.634115 0.631481 0.019792 0.017593
0 0.634375 0.649074 0.019792 0.017593
0 0.635156 0.665741 0.019792 0.017593
0 0.635156 0.682870 0.019792 0.017593
0 0.635677 0.700463 0.019792 0.017593
0 0.635417 0.716667 0.019792 0.017593
0 0.635417 0.733796 0.019792 0.017593
0 0.635417 0.751389 0.019792 0.017593
0 0.636458 0.768519 0.019792 0.017593
0 0.616667 0.768519 0.019792 0.017593
0 0.616927 0.750926 0.019792 0.017593
0 0.616927 0.733333 0.019792 0.017593
0 0.616667 0.716204 0.019792 0.017593
0 0.616667 0.699074 0.019792 0.017593
0 0.616406 0.682407 0.019792 0.017593
0 0.616146 0.664815 0.019792 0.017593
0 0.615365 0.648148 0.019792 0.017593
0 0.615885 0.631481 0.019792 0.017593
0 0.615625 0.614815 0.019792 0.017593
0 0.615365 0.598148 0.019792 0.017593
0 0.615104 0.581944 0.019792 0.017593
0 0.614844 0.565278 0.019792 0.017593
0 0.592448 0.565741 0.019792 0.017593
0 0.592448 0.581944 0.019792 0.017593
0 0.591927 0.598148 0.019792 0.017593
0 0.592187 0.615278 0.019792 0.017593
0 0.592708 0.631944 0.019792 0.017593
0 0.592708 0.648611 0.019792 0.017593
0 0.592708 0.665741 0.019792 0.017593
0 0.593229 0.682407 0.019792 0.017593
0 0.593229 0.699074 0.019792 0.017593
0 0.593229 0.716667 0.019792 0.017593
0 0.593490 0.734722 0.019792 0.017593
0 0.593490 0.751389 0.019792 0.017593
0 0.593750 0.768519 0.019792 0.017593
0 0.575000 0.768519 0.019792 0.017593
0 0.575000 0.750463 0.019792 0.017593
0 0.574740 0.733333 0.019792 0.017593
0 0.574740 0.716667 0.019792 0.017593
0 0.574740 0.681944 0.019792 0.017593
0 0.574219 0.698148 0.019792 0.017593
0 0.574219 0.664352 0.019792 0.017593
0 0.573958 0.648148 0.019792 0.017593
0 0.574219 0.631019 0.019792 0.017593
0 0.573958 0.614815 0.019792 0.017593
0 0.573698 0.597685 0.019792 0.017593
0 0.573438 0.581481 0.019792 0.017593
0 0.573438 0.564815 0.019792 0.017593
0 0.552604 0.564352 0.019792 0.017593
0 0.552865 0.581481 0.019792 0.017593
0 0.552604 0.597685 0.019792 0.017593
0 0.552604 0.614352 0.019792 0.017593
0 0.552604 0.631019 0.019792 0.017593
0 0.552604 0.647222 0.019792 0.017593
0 0.553385 0.664352 0.019792 0.017593
0 0.552865 0.681019 0.019792 0.017593
0 0.553125 0.697685 0.019792 0.017593
0 0.552865 0.715741 0.019792 0.017593
0 0.553125 0.732407 0.019792 0.017593
0 0.552865 0.749537 0.019792 0.017593
0 0.552865 0.767593 0.019792 0.017593
0 0.534635 0.767130 0.019792 0.017593
0 0.533854 0.749537 0.019792 0.017593
0 0.534375 0.731944 0.019792 0.017593
0 0.534375 0.714352 0.019792 0.017593
0 0.534115 0.697685 0.019792 0.017593
0 0.534115 0.681019 0.019792 0.017593
0 0.534115 0.663889 0.019792 0.017593
0 0.534115 0.647222 0.019792 0.017593
0 0.534115 0.630093 0.019792 0.017593
0 0.534375 0.613426 0.019792 0.017593
0 0.534635 0.596296 0.019792 0.017593
0 0.534635 0.580093 0.019792 0.017593
0 0.534375 0.564352 0.019792 0.017593
0 0.513542 0.563889 0.019792 0.017593
0 0.513802 0.579630 0.019792 0.017593
0 0.513542 0.596296 0.019792 0.017593
0 0.513281 0.612963 0.019792 0.017593
0 0.513281 0.629630 0.019792 0.017593
0 0.513021 0.645833 0.019792 0.017593
0 0.513281 0.663426 0.019792 0.017593
0 0.512500 0.679630 0.019792 0.017593
0 0.513021 0.696759 0.019792 0.017593
0 0.512760 0.713889 0.019792 0.017593
0 0.513021 0.731019 0.019792 0.017593
0 0.512500 0.748611 0.019792 0.017593
0 0.512500 0.766204 0.019792 0.017593
0 0.493750 0.747222 0.019792 0.017593
0 0.494271 0.729630 0.019792 0.017593
0 0.494531 0.712500 0.019792 0.017593
0 0.493750 0.695833 0.019792 0.017593
0 0.494792 0.679167 0.019792 0.017593
0 0.494531 0.662037 0.019792 0.017593
0 0.494271 0.645833 0.019792 0.017593
0 0.494531 0.628704 0.019792 0.017593
0 0.495312 0.612963 0.019792 0.017593
0 0.496094 0.595370 0.019792 0.017593
0 0.495833 0.579630 0.019792 0.017593
0 0.495833 0.563426 0.019792 0.017593
0 0.474479 0.563426 0.019792 0.017593
0 0.473958 0.579630 0.019792 0.017593
0 0.474219 0.596296 0.019792 0.017593
0 0.473958 0.611574 0.019792 0.017593
0 0.473438 0.628241 0.019792 0.017593
0 0.473438 0.644907 0.019792 0.017593
0 0.472917 0.662037 0.019792 0.017593
0 0.472656 0.678704 0.019792 0.017593
0 0.472396 0.695370 0.019792 0.017593
0 0.472917 0.712500 0.019792 0.017593
0 0.472396 0.729630 0.019792 0.017593
0 0.472135 0.746759 0.019792 0.017593
0 0.453646 0.746759 0.019792 0.017593
0 0.454167 0.729167 0.019792 0.017593
0 0.453906 0.712500 0.019792 0.017593
0 0.454427 0.694444 0.019792 0.017593
0 0.454948 0.678241 0.019792 0.017593
0 0.455208 0.662037 0.019792 0.017593
0 0.455208 0.644444 0.019792 0.017593
0 0.455208 0.628241 0.019792 0.017593
0 0.455729 0.612037 0.019792 0.017593
0 0.455990 0.595370 0.019792 0.017593
0 0.455990 0.578241 0.019792 0.017593
0 0.456250 0.562963 0.019792 0.017593
0 0.434375 0.562037 0.019792 0.017593
0 0.433854 0.577315 0.019792 0.017593
0 0.433594 0.593981 0.019792 0.017593
0 0.433333 0.611574 0.019792 0.017593
0 0.432812 0.627315 0.019792 0.017593
0 0.432812 0.643981 0.019792 0.017593
0 0.433073 0.661111 0.019792 0.017593
0 0.431771 0.677315 0.019792 0.017593
0 0.431771 0.694907 0.019792 0.017593
0 0.431250 0.710648 0.019792 0.017593
0 0.432031 0.727778 0.019792 0.017593
0 0.430729 0.746296 0.019792 0.017593
0 0.430469 0.763426 0.019792 0.017593
0 0.411719 0.763426 0.019792 0.017593
0 0.412240 0.745370 0.019792 0.017593
0 0.413021 0.728241 0.019792 0.017593
0 0.412760 0.711111 0.019792 0.017593
0 0.413542 0.694444 0.019792 0.017593
0 0.413802 0.676852 0.019792 0.017593
0 0.413802 0.660648 0.019792 0.017593
0 0.414583 0.643056 0.019792 0.017593
0 0.414844 0.626852 0.019792 0.017593
0 0.415104 0.611111 0.019792 0.017593
0 0.415365 0.593981 0.019792 0.017593
0 0.415625 0.578241 0.019792 0.017593
0 0.415365 0.562037 0.019792 0.017593
0 0.395052 0.561111 0.019792 0.017593
0 0.394271 0.576852 0.019792 0.017593
0 0.394531 0.592593 0.019792 0.017593
0 0.393490 0.609259 0.019792 0.017593
0 0.393490 0.625926 0.019792 0.017593
0 0.392969 0.642593 0.019792 0.017593
0 0.375000 0.642593 0.019792 0.017593
0 0.375000 0.626389 0.019792 0.017593
0 0.375521 0.609722 0.019792 0.017593
0 0.375781 0.593519 0.019792 0.017593
0 0.376302 0.577778 0.019792 0.017593
0 0.376302 0.560185 0.019792 0.017593
0 0.355208 0.560185 0.019792 0.017593
0 0.354948 0.576852 0.019792 0.017593
0 0.354687 0.592593 0.019792 0.017593
0 0.354167 0.608796 0.019792 0.017593
0 0.353385 0.625926 0.019792 0.017593
0 0.353385 0.643056 0.019792 0.017593
0 0.352865 0.659722 0.019792 0.017593
0 0.352083 0.676389 0.019792 0.017593
0 0.351823 0.693519 0.019792 0.017593
0 0.351042 0.710185 0.019792 0.017593
0 0.350260 0.727315 0.019792 0.017593
0 0.350521 0.744907 0.019792 0.017593
0 0.349479 0.761111 0.019792 0.017593
0 0.371875 0.762037 0.019792 0.017593
0 0.372135 0.744907 0.019792 0.017593
0 0.372396 0.727315 0.019792 0.017593
0 0.372917 0.710185 0.019792 0.017593
0 0.391667 0.711574 0.019792 0.017593
0 0.391146 0.728241 0.019792 0.017593
0 0.390885 0.744907 0.019792 0.017593
0 0.390104 0.762037 0.019792 0.017593
0 0.330990 0.761574 0.019792 0.017593
0 0.331771 0.744444 0.019792 0.017593
0 0.331771 0.727315 0.019792 0.017593
0 0.332031 0.709722 0.019792 0.017593
0 0.332552 0.692593 0.019792 0.017593
0 0.333333 0.675926 0.019792 0.017593
0 0.333333 0.659722 0.019792 0.017593
0 0.334115 0.642593 0.019792 0.017593
0 0.334115 0.626389 0.019792 0.017593
0 0.335677 0.608333 0.019792 0.017593
0 0.335417 0.592593 0.019792 0.017593
0 0.336458 0.576852 0.019792 0.017593
0 0.336719 0.560185 0.019792 0.017593
0 0.316406 0.560185 0.019792 0.017593
0 0.316146 0.576852 0.019792 0.017593
0 0.315104 0.592130 0.019792 0.017593
0 0.314583 0.609259 0.019792 0.017593
0 0.314063 0.625926 0.019792 0.017593
0 0.313281 0.641667 0.019792 0.017593
0 0.313281 0.659259 0.019792 0.017593
0 0.312500 0.676389 0.019792 0.017593
0 0.311979 0.693056 0.019792 0.017593
0 0.311198 0.709722 0.019792 0.017593
0 0.311198 0.726852 0.019792 0.017593
0 0.310417 0.743519 0.019792 0.017593
0 0.309896 0.760648 0.019792 0.017593
0 0.291406 0.760648 0.019792 0.017593
0 0.292187 0.743981 0.019792 0.017593
0 0.291927 0.726389 0.019792 0.017593
0 0.292969 0.709259 0.019792 0.017593
0 0.293229 0.693056 0.019792 0.017593
0 0.294010 0.676389 0.019792 0.017593
0 0.294531 0.658333 0.019792 0.017593
0 0.295312 0.642130 0.019792 0.017593
0 0.295312 0.625000 0.019792 0.017593
0 0.296354 0.608796 0.019792 0.017593
0 0.296875 0.591667 0.019792 0.017593
0 0.297656 0.575926 0.019792 0.017593
0 0.297656 0.559722 0.019792 0.017593
0 0.297917 0.539352 0.019792 0.017593
0 0.298958 0.522685 0.019792 0.017593
0 0.278125 0.522685 0.019792 0.017593
0 0.276823 0.538889 0.019792 0.017593
0 0.277083 0.558796 0.019792 0.017593
0 0.275781 0.576389 0.019792 0.017593
0 0.275781 0.592593 0.019792 0.017593
0 0.275260 0.608796 0.019792 0.017593
0 0.274740 0.625463 0.019792 0.017593
0 0.273958 0.641667 0.019792 0.017593
0 0.273438 0.659259 0.019792 0.017593
0 0.273177 0.675463 0.019792 0.017593
0 0.272135 0.692593 0.019792 0.017593
0 0.271875 0.708796 0.019792 0.017593
0 0.270833 0.725926 0.019792 0.017593
0 0.270052 0.743981 0.019792 0.017593
0 0.269792 0.759722 0.019792 0.017593
0 0.250521 0.759722 0.019792 0.017593
0 0.251563 0.742130 0.019792 0.017593
0 0.252344 0.725463 0.019792 0.017593
0 0.253125 0.708333 0.019792 0.017593
0 0.253906 0.691204 0.019792 0.017593
0 0.254427 0.675000 0.019792 0.017593
0 0.254427 0.657407 0.019792 0.017593
0 0.254948 0.640741 0.019792 0.017593
0 0.255990 0.625000 0.019792 0.017593
0 0.256771 0.607870 0.019792 0.017593
0 0.257292 0.591667 0.019792 0.017593
0 0.257552 0.574537 0.019792 0.017593
0 0.258073 0.558796 0.019792 0.017593
0 0.259115 0.537963 0.019792 0.017593
0 0.259896 0.521296 0.019792 0.017593
0 0.358594 0.509491 0.019271 0.018056
0 0.358984 0.488657 0.018490 0.014352
0 0.359896 0.475000 0.018229 0.015741
0 0.380208 0.475000 0.018229 0.015741
0 0.378906 0.488426 0.018229 0.015741
0 0.378385 0.510185 0.018229 0.015741
0 0.397396 0.510648 0.018229 0.015741
0 0.398177 0.489352 0.018229 0.015741
0 0.398958 0.475926 0.018229 0.015741
0 0.417969 0.476389 0.018229 0.015741
0 0.417708 0.490278 0.018229 0.015741
0 0.417448 0.508333 0.018229 0.015741
0 0.416927 0.523611 0.018229 0.015741
0 0.435937 0.524074 0.018229 0.015741
0 0.436198 0.508796 0.018229 0.015741
0 0.436719 0.490741 0.018229 0.015741
0 0.437240 0.476852 0.018229 0.015741
0 0.457292 0.477778 0.018229 0.015741
0 0.457031 0.490741 0.018229 0.015741
0 0.456771 0.508796 0.018229 0.016667
0 0.456771 0.525000 0.018229 0.016667
0 0.473958 0.525463 0.018229 0.016667
0 0.474479 0.511111 0.018229 0.016667
0 0.475000 0.491667 0.018229 0.016667
0 0.494792 0.477083 0.018229 0.016204
0 0.474740 0.477315 0.018229 0.016667
0 0.494531 0.491435 0.018229 0.016204
0 0.494531 0.511343 0.018229 0.016204
0 0.494010 0.526157 0.018229 0.016204
0 0.513021 0.526620 0.018229 0.016204
0 0.513021 0.511343 0.018229 0.016204
0 0.513542 0.492361 0.018229 0.016204
0 0.513802 0.478472 0.018229 0.016204
0 0.533854 0.478935 0.018229 0.016204
0 0.533594 0.492361 0.018229 0.016204
0 0.533333 0.511806 0.018229 0.016204
0 0.533594 0.526157 0.018229 0.016204
0 0.552604 0.527546 0.018229 0.016204
0 0.552604 0.512269 0.018229 0.016204
0 0.552865 0.492824 0.018229 0.016204
0 0.552344 0.479398 0.018229 0.016204
0 0.572135 0.478935 0.018229 0.016204
0 0.572917 0.494213 0.018229 0.016204
0 0.573438 0.512731 0.018229 0.016204
0 0.573177 0.527083 0.018229 0.016204
0 0.591406 0.528472 0.018229 0.016204
0 0.591146 0.513194 0.018229 0.016204
0 0.590365 0.493287 0.018229 0.016204
0 0.590625 0.479398 0.018229 0.016204
0 0.253646 0.482870 0.019792 0.014815
0 0.254948 0.468519 0.019792 0.014815
0 0.255990 0.454167 0.019792 0.014815
0 0.257292 0.439815 0.019792 0.014815
0 0.259115 0.426389 0.019792 0.014815
0 0.259896 0.412037 0.019792 0.014815
0 0.261458 0.398148 0.019792 0.014815
0 0.262760 0.384722 0.019792 0.014815
0 0.263802 0.371296 0.019792 0.014815
0 0.265625 0.357407 0.019792 0.014815
0 0.266406 0.344444 0.019792 0.014815
0 0.267839 0.331944 0.017969 0.014815
0 0.269141 0.319907 0.017969 0.014815
0 0.270182 0.306944 0.017969 0.014815
0 0.271484 0.295370 0.017969 0.014815
0 0.272526 0.283102 0.017969 0.013426
0 0.288932 0.283565 0.017969 0.013426
0 0.287891 0.295602 0.017969 0.013426
0 0.286328 0.307639 0.017969 0.013426
0 0.285547 0.320139 0.017969 0.013426
0 0.284766 0.332639 0.017969 0.013426
0 0.283203 0.345139 0.017969 0.013426
0 0.282422 0.357639 0.017969 0.013426
0 0.281380 0.370139 0.017969 0.013426
0 0.280339 0.382639 0.017969 0.013426
0 0.279036 0.395602 0.017969 0.013426
0 0.277995 0.408565 0.017969 0.013426
0 0.277214 0.421991 0.017969 0.013426
0 0.275911 0.435417 0.017969 0.013426
0 0.274609 0.448380 0.017969 0.013426
0 0.273307 0.461806 0.017969 0.013426
0 0.272396 0.476389 0.019271 0.016667
0 0.271354 0.489583 0.019271 0.015278
0 0.291927 0.490972 0.019271 0.015278
0 0.293229 0.476620 0.019271 0.015278
0 0.293620 0.461574 0.018490 0.014815
0 0.294661 0.449074 0.018490 0.014815
0 0.295443 0.435648 0.018490 0.014815
0 0.296745 0.422222 0.018490 0.014815
0 0.298047 0.409259 0.018490 0.014815
0 0.298568 0.396296 0.018490 0.014815
0 0.299870 0.383333 0.018490 0.014815
0 0.300130 0.369907 0.018490 0.014815
0 0.301172 0.357407 0.018490 0.014815
0 0.302474 0.344907 0.018490 0.014815
0 0.303255 0.332407 0.018490 0.014815
0 0.304557 0.319907 0.018490 0.014815
0 0.305078 0.308333 0.018490 0.014815
0 0.306120 0.295833 0.018490 0.014815
0 0.307031 0.283102 0.018750 0.013426
0 0.323698 0.284491 0.018750 0.013426
0 0.322917 0.296528 0.018750 0.013426
0 0.322135 0.308102 0.018750 0.013426
0 0.320833 0.321065 0.018750 0.013426
0 0.319792 0.333565 0.018750 0.013426
0 0.319010 0.345602 0.018750 0.013426
0 0.318490 0.358102 0.018750 0.013426
0 0.317448 0.370602 0.018750 0.013426
0 0.316667 0.383565 0.018750 0.013426
0 0.315625 0.396065 0.018750 0.013426
0 0.314844 0.409491 0.018750 0.013426
0 0.313802 0.422454 0.018750 0.013426
0 0.312500 0.435880 0.018750 0.013426
0 0.312240 0.448843 0.018750 0.013426
0 0.310937 0.461806 0.018750 0.013426
0 0.311068 0.476852 0.020052 0.016667
0 0.310286 0.491204 0.020052 0.014815
0 0.331250 0.462037 0.018750 0.014815
0 0.332292 0.449074 0.017708 0.014815
0 0.333333 0.436111 0.017708 0.014815
0 0.334115 0.422685 0.017708 0.014815
0 0.334896 0.409259 0.017708 0.014815
0 0.335417 0.396759 0.017708 0.014815
0 0.336458 0.383796 0.017708 0.014815
0 0.337240 0.370833 0.017708 0.014815
0 0.338021 0.358333 0.017708 0.014815
0 0.338802 0.345833 0.017708 0.014815
0 0.339323 0.333333 0.017708 0.014815
0 0.340104 0.321296 0.017708 0.014815
0 0.340625 0.308796 0.017708 0.014815
0 0.341667 0.297222 0.017708 0.014815
0 0.342448 0.285185 0.017708 0.014815
0 0.358594 0.284954 0.017188 0.012500
0 0.358073 0.296991 0.017188 0.012500
0 0.357292 0.309028 0.017188 0.012500
0 0.356510 0.321065 0.017188 0.012500
0 0.355729 0.333565 0.017188 0.012500
0 0.355208 0.346065 0.017188 0.012500
0 0.354687 0.358565 0.017188 0.012500
0 0.353776 0.371065 0.017448 0.014352
0 0.353255 0.384028 0.017448 0.014352
0 0.352214 0.396991 0.017448 0.014352
0 0.351693 0.409954 0.017448 0.014352
0 0.351172 0.423380 0.017448 0.014352
0 0.350130 0.436343 0.017448 0.014352
0 0.349609 0.449769 0.017448 0.014352
0 0.348828 0.463657 0.017448 0.014352
0 0.369661 0.461806 0.017448 0.014352
0 0.369922 0.449769 0.017448 0.014352
0 0.370703 0.436343 0.017448 0.014352
0 0.371224 0.423380 0.017448 0.014352
0 0.371484 0.410417 0.017448 0.014352
0 0.372266 0.396991 0.017448 0.014352
0 0.373047 0.384954 0.017448 0.014352
0 0.373568 0.371528 0.017448 0.014352
0 0.374089 0.359028 0.017448 0.014352
0 0.374870 0.346528 0.017448 0.014352
0 0.375130 0.334028 0.017448 0.014352
0 0.375651 0.321528 0.017448 0.014352
0 0.375911 0.309028 0.017448 0.014352
0 0.376432 0.297454 0.017448 0.014352
0 0.393880 0.273380 0.017448 0.014352
0 0.393359 0.284954 0.017448 0.014352
0 0.393099 0.297917 0.017448 0.014352
0 0.392318 0.309954 0.017448 0.014352
0 0.391797 0.321991 0.017448 0.014352
0 0.391536 0.334491 0.017448 0.014352
0 0.391276 0.346065 0.017448 0.014352
0 0.390495 0.359491 0.017448 0.014352
0 0.390234 0.371528 0.017448 0.014352
0 0.389193 0.384954 0.017448 0.014352
0 0.388932 0.397454 0.017448 0.014352
0 0.388151 0.410417 0.017448 0.014352
0 0.387891 0.423380 0.017448 0.014352
0 0.387109 0.436343 0.017448 0.014352
0 0.386849 0.449306 0.017448 0.014352
0 0.386849 0.463194 0.017448 0.014352
0 0.403776 0.462731 0.017448 0.014352
0 0.404297 0.449306 0.017448 0.014352
0 0.404557 0.436343 0.017448 0.014352
0 0.405078 0.423380 0.017448 0.014352
0 0.405339 0.410417 0.017448 0.014352
0 0.405599 0.397454 0.017448 0.014352
0 0.406120 0.384954 0.017448 0.014352
0 0.406901 0.371991 0.017448 0.014352
0 0.407161 0.359491 0.017448 0.014352
0 0.407682 0.346991 0.017448 0.014352
0 0.408203 0.334491 0.017448 0.014352
0 0.408724 0.322454 0.017448 0.014352
0 0.408724 0.309954 0.017448 0.014352
0 0.408984 0.297454 0.017448 0.014352
0 0.409505 0.285417 0.017448 0.014352
0 0.409766 0.273380 0.017448 0.012500
0 0.425391 0.297917 0.017448 0.012500
0 0.425130 0.309491 0.017448 0.012500
0 0.424740 0.322454 0.017188 0.014352
0 0.424219 0.334491 0.017188 0.014352
0 0.424219 0.346991 0.017188 0.014352
0 0.423698 0.359491 0.017188 0.014352
0 0.423177 0.372454 0.017188 0.014352
0 0.422656 0.384954 0.017188 0.014352
0 0.422396 0.398380 0.017188 0.014352
0 0.422396 0.410880 0.017188 0.014352
0 0.421875 0.423380 0.017188 0.014352
0 0.421354 0.436343 0.017188 0.014352
0 0.421094 0.449769 0.017188 0.014352
0 0.420833 0.463657 0.017188 0.014352
0 0.440625 0.462731 0.017188 0.014352
0 0.440885 0.449769 0.017188 0.014352
0 0.440885 0.436343 0.017188 0.014352
0 0.441146 0.423843 0.017188 0.014352
0 0.441146 0.410417 0.017188 0.014352
0 0.441667 0.397917 0.017188 0.014352
0 0.442188 0.384491 0.017188 0.014352
0 0.442448 0.371528 0.017188 0.014352
0 0.442188 0.359954 0.017188 0.014352
0 0.442448 0.347454 0.017188 0.014352
0 0.442969 0.334954 0.017188 0.014352
0 0.443229 0.322454 0.017188 0.014352
0 0.443490 0.310417 0.017188 0.014352
0 0.443750 0.298380 0.017188 0.014352
0 0.443750 0.285417 0.017188 0.014352
0 0.460156 0.286343 0.017188 0.014352
0 0.459896 0.298380 0.017188 0.014352
0 0.459635 0.310417 0.017188 0.014352
0 0.459375 0.322454 0.017188 0.014352
0 0.459115 0.334954 0.017188 0.014352
0 0.458854 0.347454 0.017188 0.014352
0 0.458854 0.359491 0.017188 0.014352
0 0.458594 0.372454 0.017188 0.014352
0 0.458594 0.385417 0.017188 0.014352
0 0.458333 0.397917 0.017188 0.014352
0 0.458073 0.411343 0.017188 0.014352
0 0.457813 0.423843 0.017188 0.014352
0 0.457552 0.436806 0.017188 0.014352
0 0.457292 0.450694 0.017188 0.014352
0 0.457552 0.463657 0.017188 0.014352
0 0.476562 0.463194 0.017188 0.014352
0 0.477083 0.450231 0.017188 0.014352
0 0.477083 0.437269 0.017188 0.014352
0 0.477083 0.423843 0.017188 0.014352
0 0.477344 0.410417 0.017188 0.014352
0 0.477865 0.397917 0.017188 0.014352
0 0.477604 0.384954 0.017188 0.014352
0 0.477604 0.372917 0.017188 0.014352
0 0.478125 0.360417 0.017188 0.014352
0 0.477865 0.347454 0.017188 0.014352
0 0.478125 0.335417 0.017188 0.014352
0 0.478385 0.323380 0.017188 0.014352
0 0.478646 0.311343 0.017188 0.014352
0 0.478385 0.298843 0.017188 0.014352
0 0.478646 0.286806 0.017188 0.014352
0 0.478906 0.274306 0.017188 0.014352
0 0.494792 0.299306 0.017188 0.014352
0 0.494531 0.311343 0.017188 0.014352
0 0.494531 0.323843 0.017188 0.014352
0 0.494271 0.335880 0.017188 0.014352
0 0.494531 0.348380 0.017188 0.014352
0 0.494271 0.360417 0.017188 0.014352
0 0.494010 0.373380 0.017188 0.014352
0 0.494010 0.385880 0.017188 0.014352
0 0.494010 0.398380 0.017188 0.014352
0 0.493750 0.410880 0.017188 0.014352
0 0.493750 0.424769 0.017188 0.014352
0 0.493490 0.437269 0.017188 0.014352
0 0.493490 0.450694 0.017188 0.014352
0 0.493490 0.463657 0.017188 0.014352
0 0.516927 0.463657 0.017188 0.014352
0 0.516927 0.450231 0.017188 0.014352
0 0.516927 0.437731 0.017188 0.014352
0 0.516927 0.424306 0.017188 0.014352
0 0.516146 0.412269 0.017188 0.014352
0 0.517188 0.398843 0.017188 0.014352
0 0.516667 0.385880 0.017188 0.014352
0 0.516667 0.373843 0.017188 0.014352
0 0.516927 0.360880 0.017188 0.014352
0 0.516927 0.348380 0.017188 0.014352
0 0.516927 0.335880 0.017188 0.014352
0 0.516667 0.322917 0.017188 0.014352
0 0.516927 0.311806 0.017188 0.014352
0 0.516927 0.299769 0.017188 0.014352
0 0.516667 0.287269 0.017188 0.014352
0 0.516667 0.275231 0.017188 0.014352
0 0.534115 0.298843 0.017188 0.014352
0 0.534375 0.311343 0.017188 0.014352
0 0.534115 0.323843 0.017188 0.014352
0 0.534115 0.335880 0.017188 0.014352
0 0.534375 0.348380 0.017188 0.014352
0 0.534115 0.360880 0.017188 0.014352
0 0.534375 0.372917 0.017188 0.014352
0 0.534375 0.386343 0.017188 0.014352
0 0.534635 0.399306 0.017188 0.014352
0 0.534896 0.411343 0.017188 0.014352
0 0.534896 0.424769 0.017188 0.014352
0 0.534896 0.437731 0.017188 0.014352
0 0.535156 0.450694 0.017188 0.014352
0 0.535417 0.464120 0.017188 0.014352
0 0.557813 0.463194 0.017188 0.014352
0 0.558073 0.450231 0.017188 0.014352
0 0.557552 0.437269 0.017188 0.014352
0 0.557292 0.424306 0.017188 0.014352
0 0.557031 0.411806 0.017188 0.014352
0 0.557031 0.398380 0.017188 0.014352
0 0.556771 0.385417 0.017188 0.014352
0 0.556771 0.373380 0.017188 0.014352
0 0.556510 0.360417 0.017188 0.014352
0 0.556250 0.347454 0.017188 0.014352
0 0.556250 0.335417 0.017188 0.014352
0 0.555990 0.322917 0.017188 0.014352
0 0.555469 0.310880 0.017188 0.014352
0 0.555469 0.298843 0.017188 0.014352
0 0.554948 0.286806 0.017188 0.014352
0 0.554948 0.274769 0.017188 0.014352
0 0.554427 0.262731 0.017188 0.014352
0 0.554688 0.251620 0.017188 0.014352
0 0.554427 0.239583 0.017188 0.014352
0 0.554167 0.228009 0.017188 0.014352
0 0.553646 0.216435 0.017188 0.014352
0 0.553646 0.204861 0.017188 0.014352
0 0.553385 0.193287 0.017188 0.014352
0 0.553125 0.182176 0.016667 0.013426
0 0.568750 0.181250 0.017188 0.014352
0 0.569010 0.193750 0.017188 0.014352
0 0.569010 0.205324 0.017188 0.014352
0 0.569271 0.216898 0.017188 0.014352
0 0.570052 0.228472 0.017188 0.014352
0 0.570312 0.240046 0.017188 0.014352
0 0.570052 0.250231 0.017188 0.014352
0 0.570312 0.263657 0.017188 0.014352
0 0.570833 0.274306 0.017188 0.014352
0 0.571094 0.286806 0.017188 0.014352
0 0.571354 0.298843 0.017188 0.014352
0 0.571615 0.309954 0.017188 0.014352
0 0.571875 0.322917 0.017188 0.014352
0 0.572135 0.334954 0.017188 0.014352
0 0.572656 0.347454 0.017188 0.014352
0 0.572656 0.359954 0.017188 0.014352
0 0.573177 0.372917 0.017188 0.014352
0 0.573177 0.385417 0.017188 0.014352
0 0.573698 0.398380 0.017188 0.014352
0 0.573698 0.411343 0.017188 0.014352
0 0.573958 0.424769 0.017188 0.014352
0 0.574219 0.437269 0.017188 0.014352
0 0.574479 0.450231 0.017188 0.014352
0 0.575000 0.464583 0.017188 0.014352
0 0.591927 0.463657 0.017188 0.014352
0 0.591927 0.449769 0.017188 0.014352
0 0.591406 0.437269 0.017188 0.014352
0 0.590885 0.423843 0.017188 0.014352
0 0.590365 0.411343 0.017188 0.014352
0 0.590365 0.398380 0.017188 0.014352
0 0.590365 0.384954 0.017188 0.014352
0 0.589844 0.372917 0.017188 0.014352
0 0.589323 0.359954 0.017188 0.014352
0 0.588802 0.346991 0.017188 0.014352
0 0.588542 0.335417 0.017188 0.014352
0 0.588021 0.322454 0.017188 0.014352
0 0.588021 0.309954 0.017188 0.014352
0 0.587500 0.298380 0.017188 0.014352
0 0.586719 0.261806 0.017188 0.014352
0 0.586198 0.250694 0.017188 0.014352
0 0.585677 0.239120 0.017188 0.014352
0 0.585417 0.227546 0.017188 0.014352
0 0.585677 0.216435 0.017188 0.014352
0 0.585156 0.205324 0.017188 0.014352
0 0.585156 0.193287 0.017188 0.014352
0 0.584115 0.181481 0.016667 0.012963
0 0.602604 0.181944 0.016667 0.012963
0 0.602865 0.193519 0.016667 0.012963
0 0.603385 0.204630 0.016667 0.012963
0 0.603646 0.215741 0.016667 0.012963
0 0.604167 0.227315 0.016667 0.012963
0 0.604427 0.239352 0.016667 0.012963
0 0.604948 0.250463 0.016667 0.012963
0 0.605469 0.262037 0.016667 0.012963
0 0.606250 0.274074 0.016667 0.012963
0 0.606250 0.286111 0.016667 0.012963
0 0.606510 0.298148 0.016667 0.012963
0 0.607292 0.309722 0.016667 0.012963
0 0.607552 0.322222 0.016667 0.012963
0 0.608073 0.334259 0.016667 0.012963
0 0.608594 0.347222 0.016667 0.012963
0 0.608594 0.359722 0.016667 0.012963
0 0.609115 0.372685 0.016667 0.012963
0 0.609896 0.384722 0.016667 0.012963
0 0.610156 0.397222 0.016667 0.012963
0 0.610547 0.410417 0.017448 0.014352
0 0.611328 0.424306 0.017448 0.014352
0 0.611589 0.437269 0.017448 0.014352
0 0.612370 0.450694 0.017448 0.014352
0 0.612630 0.463657 0.017448 0.014352
0 0.630078 0.463657 0.017448 0.014352
0 0.629297 0.450231 0.017448 0.014352
0 0.628516 0.436806 0.017448 0.014352
0 0.627734 0.423843 0.017448 0.014352
0 0.627474 0.410417 0.017448 0.014352
0 0.626693 0.397917 0.017448 0.014352
0 0.626432 0.384954 0.017448 0.014352
0 0.625911 0.371991 0.017448 0.014352
0 0.625130 0.359028 0.017448 0.014352
0 0.625130 0.346991 0.017448 0.014352
0 0.624609 0.334028 0.017448 0.014352
0 0.624089 0.321991 0.017448 0.014352
0 0.623568 0.309954 0.017448 0.014352
0 0.623047 0.298380 0.017448 0.014352
0 0.622526 0.285880 0.017448 0.014352
0 0.622005 0.274306 0.017448 0.014352
0 0.621484 0.262269 0.017448 0.014352
0 0.620964 0.250694 0.017448 0.014352
0 0.620443 0.239120 0.017448 0.014352
0 0.619922 0.226620 0.017448 0.014352
0 0.619401 0.215278 0.016927 0.013889
0 0.618880 0.204167 0.016927 0.013889
0 0.618620 0.193056 0.016927 0.013889
0 0.617839 0.181481 0.016927 0.013889
0 0.636849 0.189815 0.016927 0.013889
0 0.636849 0.201389 0.016927 0.013889
0 0.637109 0.212963 0.016927 0.013889
0 0.637891 0.224537 0.016927 0.013889
0 0.638672 0.235648 0.016927 0.013889
0 0.638932 0.247222 0.016927 0.013889
0 0.639453 0.259259 0.016927 0.013889
0 0.639974 0.270833 0.016927 0.013889
0 0.640755 0.282407 0.016927 0.013889
0 0.641536 0.295370 0.016927 0.013889
0 0.642057 0.306481 0.016927 0.013889
0 0.642318 0.319444 0.016927 0.013889
0 0.642839 0.331481 0.016927 0.013889
0 0.643620 0.344444 0.016927 0.013889
0 0.644401 0.356481 0.016927 0.013889
0 0.644922 0.369444 0.016927 0.013889
0 0.645443 0.381944 0.016927 0.013889
0 0.646224 0.394444 0.016927 0.013889
0 0.647005 0.406944 0.016927 0.013889
0 0.647526 0.420370 0.016927 0.013889
0 0.648047 0.433333 0.016927 0.013889
0 0.648828 0.446759 0.016927 0.013889
0 0.649609 0.460185 0.017448 0.013889
0 0.650391 0.473611 0.017448 0.013889
0 0.650911 0.487500 0.017448 0.013889
0 0.651432 0.500926 0.017448 0.013889
0 0.669141 0.500694 0.017969 0.014352
0 0.668620 0.487731 0.017969 0.014352
0 0.667578 0.473380 0.017969 0.014352
0 0.667057 0.460417 0.017969 0.014352
0 0.666276 0.446528 0.017969 0.014352
0 0.665234 0.433565 0.017969 0.014352
0 0.664453 0.420139 0.017969 0.014352
0 0.664193 0.407176 0.017969 0.014352
0 0.663151 0.394676 0.017969 0.014352
0 0.662630 0.381250 0.017969 0.014352
0 0.661589 0.368750 0.017969 0.014352
0 0.660807 0.356713 0.017969 0.014352
0 0.660026 0.343287 0.017969 0.014352
0 0.659245 0.330787 0.017969 0.014352
0 0.659245 0.318287 0.017969 0.014352
0 0.657943 0.306713 0.017969 0.014352
0 0.657422 0.293750 0.017969 0.014352
0 0.656901 0.282639 0.017969 0.014352
0 0.656120 0.270139 0.017969 0.014352
0 0.655078 0.258565 0.017969 0.014352
0 0.655078 0.246528 0.017969 0.014352
0 0.654297 0.235880 0.017969 0.014352
0 0.654036 0.223843 0.017969 0.014352
0 0.652344 0.212269 0.017708 0.013426
0 0.652604 0.201620 0.017708 0.013426
0 0.651302 0.190046 0.017708 0.013426
0 0.669141 0.190278 0.015885 0.012037
0 0.669922 0.201389 0.015885 0.012037
0 0.670703 0.212963 0.015885 0.012037
0 0.671224 0.224074 0.015885 0.012037
0 0.672135 0.235648 0.016146 0.012037
0 0.672656 0.246759 0.016146 0.012037
0 0.673698 0.258796 0.016146 0.012037
0 0.674479 0.270370 0.016146 0.012037
0 0.675651 0.282176 0.016927 0.013426
0 0.676432 0.294676 0.016927 0.013426
0 0.677214 0.306250 0.016927 0.013426
0 0.677995 0.318750 0.016927 0.013426
0 0.679036 0.330787 0.016927 0.013426
0 0.679948 0.343519 0.017708 0.014815
0 0.680469 0.356019 0.017708 0.014815
0 0.681510 0.368519 0.017708 0.014815
0 0.682031 0.381481 0.017708 0.014815
0 0.683073 0.394444 0.017708 0.014815
0 0.684115 0.406944 0.017708 0.014815
0 0.685156 0.420370 0.017708 0.014815
0 0.685937 0.432870 0.017708 0.014815
0 0.686979 0.446759 0.017708 0.014815
0 0.688021 0.460648 0.017708 0.014815
0 0.688802 0.474074 0.017708 0.014815
0 0.689714 0.487500 0.018490 0.015741
0 0.690755 0.500926 0.018490 0.015741
0 0.275911 0.247222 0.017448 0.013889
0 0.276432 0.236111 0.017448 0.013889
0 0.277734 0.224537 0.017448 0.013889
0 0.278776 0.213889 0.017448 0.013889
0 0.279818 0.202778 0.017448 0.013889
0 0.280599 0.191667 0.017448 0.013889
0 0.281901 0.179398 0.017448 0.013426
0 0.282943 0.168750 0.017448 0.013426
0 0.283464 0.158565 0.017448 0.013426
0 0.283984 0.144676 0.017448 0.013426
0 0.284766 0.133565 0.017448 0.013426
0 0.286068 0.122917 0.017448 0.013426
0 0.301693 0.122917 0.017448 0.013426
0 0.300911 0.134491 0.017448 0.013426
0 0.299609 0.145139 0.017448 0.013426
0 0.299089 0.159028 0.017448 0.013426
0 0.297786 0.169676 0.017448 0.013426
0 0.297266 0.180324 0.017448 0.013426
0 0.296484 0.191898 0.017448 0.013426
0 0.295443 0.202546 0.017448 0.013426
0 0.294661 0.213194 0.017448 0.013426
0 0.293620 0.224769 0.017448 0.013426
0 0.292578 0.235880 0.017448 0.013426
0 0.291536 0.247917 0.017448 0.013426
0 0.310286 0.247917 0.017448 0.013426
0 0.311068 0.236806 0.017448 0.013426
0 0.311589 0.225231 0.017448 0.013426
0 0.312370 0.213657 0.017448 0.013426
0 0.313932 0.202546 0.017448 0.013426
0 0.314453 0.191898 0.017448 0.013426
0 0.315495 0.179861 0.017448 0.013426
0 0.316276 0.169213 0.017448 0.013426
0 0.317318 0.158565 0.017448 0.013426
0 0.318359 0.144676 0.017448 0.013426
0 0.319141 0.133565 0.017448 0.013426
0 0.320443 0.122917 0.017448 0.013426
0 0.335807 0.123380 0.017448 0.013426
0 0.335286 0.134491 0.017448 0.013426
0 0.334766 0.144676 0.017448 0.013426
0 0.332422 0.158565 0.017448 0.013426
0 0.331641 0.169213 0.017448 0.013426
0 0.330859 0.180324 0.017448 0.013426
0 0.330339 0.190972 0.017448 0.013426
0 0.329297 0.202546 0.017448 0.013426
0 0.328516 0.213657 0.017448 0.013426
0 0.327734 0.225231 0.017448 0.013426
0 0.326953 0.236806 0.017448 0.013426
0 0.326172 0.248380 0.017448 0.013426
0 0.344922 0.248380 0.017448 0.013426
0 0.345703 0.236806 0.017448 0.013426
0 0.346224 0.225694 0.017448 0.013426
0 0.347005 0.214120 0.017448 0.013426
0 0.347786 0.203009 0.017448 0.013426
0 0.348307 0.191435 0.017448 0.013426
0 0.349089 0.180324 0.017448 0.013426
0 0.350130 0.168750 0.017448 0.013426
0 0.350391 0.158565 0.017448 0.013426
0 0.350391 0.145139 0.017448 0.013426
0 0.350651 0.134028 0.017448 0.013426
0 0.351953 0.123380 0.017448 0.013426
0 0.367578 0.123843 0.017448 0.013426
0 0.366797 0.134491 0.017448 0.013426
0 0.366016 0.145602 0.017448 0.013426
0 0.366276 0.159491 0.017448 0.013426
0 0.364974 0.170139 0.017448 0.013426
0 0.364714 0.181250 0.017448 0.013426
0 0.364453 0.191898 0.017448 0.013426
0 0.363932 0.203472 0.017448 0.013426
0 0.362891 0.214583 0.017448 0.013426
0 0.362630 0.225694 0.017448 0.013426
0 0.361849 0.237269 0.017448 0.013426
0 0.360547 0.249306 0.017448 0.013426
0 0.379297 0.248843 0.017448 0.013426
0 0.380078 0.237731 0.017448 0.013426
0 0.380599 0.226157 0.017448 0.013426
0 0.380599 0.215046 0.017448 0.013426
0 0.380859 0.203935 0.017448 0.013426
0 0.382161 0.191435 0.017448 0.013426
0 0.382422 0.179861 0.017448 0.013426
0 0.382682 0.169676 0.017448 0.013426
0 0.383464 0.159491 0.017448 0.013426
0 0.382422 0.146065 0.017448 0.013426
0 0.382943 0.134491 0.017448 0.013426
0 0.383464 0.123380 0.017448 0.013426
0 0.399609 0.123380 0.017448 0.013426
0 0.399089 0.134491 0.017448 0.013426
0 0.398568 0.145139 0.017448 0.013426
0 0.398828 0.159491 0.017448 0.013426
0 0.398828 0.170139 0.017448 0.013426
0 0.397526 0.181250 0.017448 0.013426
0 0.397526 0.192361 0.017448 0.013426
0 0.396745 0.203472 0.017448 0.013426
0 0.396484 0.215046 0.017448 0.013426
0 0.396484 0.226620 0.017448 0.013426
0 0.395964 0.237731 0.017448 0.013426
0 0.395182 0.249306 0.017448 0.013426
0 0.410807 0.249769 0.017448 0.013426
0 0.411589 0.238194 0.017448 0.013426
0 0.412109 0.226620 0.017448 0.013426
0 0.412370 0.215046 0.017448 0.013426
0 0.412630 0.203935 0.017448 0.013426
0 0.412891 0.191898 0.017448 0.013426
0 0.412891 0.181250 0.017448 0.013426
0 0.413411 0.170602 0.017448 0.013426
0 0.414193 0.159491 0.017448 0.013426
0 0.414453 0.145602 0.017448 0.013426
0 0.414974 0.134028 0.017448 0.013426
0 0.415234 0.123380 0.017448 0.013426
0 0.430599 0.124769 0.017448 0.013426
0 0.430599 0.134954 0.017448 0.013426
0 0.430078 0.146065 0.017448 0.013426
0 0.429297 0.159954 0.017448 0.013426
0 0.429036 0.170602 0.017448 0.013426
0 0.429036 0.181713 0.017448 0.013426
0 0.428516 0.192824 0.017448 0.013426
0 0.428516 0.204398 0.017448 0.013426
0 0.427734 0.215509 0.017448 0.013426
0 0.427214 0.226620 0.017448 0.013426
0 0.426953 0.238657 0.017448 0.013426
0 0.426953 0.250694 0.017448 0.013426
0 0.445182 0.249769 0.017448 0.013426
0 0.445703 0.238194 0.017448 0.013426
0 0.445703 0.227546 0.017448 0.013426
0 0.445703 0.215509 0.017448 0.013426
0 0.445964 0.204398 0.017448 0.013426
0 0.446224 0.193287 0.017448 0.013426
0 0.446745 0.181713 0.017448 0.013426
0 0.446745 0.171065 0.017448 0.013426
0 0.447266 0.159954 0.017448 0.013426
0 0.446224 0.146065 0.017448 0.013426
0 0.446484 0.134954 0.017448 0.013426
0 0.446745 0.123843 0.017448 0.013426
0 0.462891 0.124306 0.017448 0.013426
0 0.462630 0.134954 0.017448 0.013426
0 0.462370 0.146528 0.017448 0.013426
0 0.462370 0.160417 0.017448 0.013426
0 0.462109 0.171065 0.017448 0.013426
0 0.462370 0.182176 0.017448 0.013426
0 0.461849 0.193750 0.017448 0.013426
0 0.461589 0.205324 0.017448 0.013426
0 0.461328 0.215972 0.017448 0.013426
0 0.461068 0.228009 0.017448 0.013426
0 0.460547 0.240046 0.017448 0.013426
0 0.461328 0.250231 0.017448 0.013426
0 0.479036 0.251157 0.017448 0.013426
0 0.479818 0.239120 0.017448 0.013426
0 0.479297 0.228009 0.017448 0.013426
0 0.480078 0.215972 0.017448 0.013426
0 0.479818 0.204861 0.017448 0.013426
0 0.480339 0.193750 0.017448 0.013426
0 0.480599 0.181713 0.017448 0.013426
0 0.480078 0.171065 0.017448 0.013426
0 0.480599 0.160417 0.017448 0.013426
0 0.479818 0.146991 0.017448 0.013426
0 0.480339 0.135417 0.017448 0.013426
0 0.480859 0.124306 0.017448 0.013426
0 0.496745 0.125231 0.017448 0.013426
0 0.496484 0.135880 0.017448 0.013426
0 0.496484 0.146991 0.017448 0.013426
0 0.495703 0.160880 0.017448 0.013426
0 0.495964 0.171991 0.017448 0.013426
0 0.495703 0.183102 0.017448 0.013426
0 0.495443 0.194676 0.017448 0.013426
0 0.495182 0.205324 0.017448 0.013426
0 0.494922 0.216898 0.017448 0.013426
0 0.494922 0.228009 0.017448 0.013426
0 0.495182 0.239120 0.017448 0.013426
0 0.495182 0.251157 0.017448 0.013426
0 0.516536 0.251157 0.017448 0.013426
0 0.516797 0.239583 0.017448 0.013426
0 0.516797 0.228009 0.017448 0.013426
0 0.516797 0.216898 0.017448 0.013426
0 0.516797 0.204861 0.017448 0.013426
0 0.516797 0.194213 0.017448 0.013426
0 0.517057 0.182639 0.017448 0.013426
0 0.517057 0.171065 0.017448 0.013426
0 0.517057 0.161343 0.017448 0.013426
0 0.516276 0.146991 0.017448 0.013426
0 0.515755 0.135880 0.017448 0.013426
0 0.515755 0.124769 0.017448 0.013426
0 0.531641 0.124306 0.017448 0.013426
0 0.532161 0.135417 0.017448 0.013426
0 0.531901 0.147454 0.017448 0.013426
0 0.532943 0.160880 0.017448 0.013426
0 0.532943 0.171065 0.017448 0.013426
0 0.533203 0.182639 0.017448 0.013426
0 0.532943 0.193750 0.017448 0.013426
0 0.532943 0.205324 0.017448 0.013426
0 0.532943 0.216435 0.017448 0.013426
0 0.532943 0.228009 0.017448 0.013426
0 0.533464 0.239583 0.017448 0.013426
0 0.533724 0.251620 0.017448 0.013426
0 0.249219 0.819444 0.019792 0.017593
0 0.248958 0.801852 0.019792 0.017593
0 0.250781 0.784259 0.019792 0.017593
0 0.695833 0.714815 0.019792 0.017593
