0 0.309115 0.219213 0.022917 0.054167
0 0.304948 0.270139 0.022917 0.054167
0 0.289844 0.447222 0.027083 0.062037
0 0.283594 0.513889 0.028125 0.065741
0 0.277734 0.579861 0.027344 0.068981
0 0.271094 0.655093 0.029687 0.072222
0 0.264583 0.729630 0.031250 0.080556
0 0.258594 0.814352 0.031250 0.080556
0 0.329818 0.170833 0.025260 0.056481
0 0.327474 0.219444 0.025260 0.056481
0 0.324349 0.272222 0.025260 0.056481
0 0.320182 0.326852 0.025260 0.056481
0 0.315234 0.387037 0.025260 0.056481
0 0.311068 0.446296 0.027865 0.060185
0 0.305469 0.512500 0.027083 0.065741
0 0.300260 0.579630 0.027083 0.065741
0 0.295182 0.653935 0.029427 0.076389
0 0.287891 0.728009 0.029427 0.076389
0 0.282161 0.815046 0.029948 0.081944
0 0.276562 0.899769 0.032292 0.093056
0 0.349609 0.170602 0.021615 0.055093
0 0.346875 0.219676 0.023958 0.055093
0 0.343490 0.272454 0.023958 0.055093
0 0.340495 0.324769 0.025260 0.058796
0 0.335286 0.387269 0.025260 0.056944
0 0.331380 0.445370 0.025260 0.061111
0 0.328125 0.514120 0.028125 0.066204
0 0.323177 0.578472 0.028125 0.069907
0 0.318620 0.652083 0.028906 0.074537
0 0.312109 0.726389 0.029948 0.081481
0 0.306641 0.812037 0.029948 0.081481
0 0.302865 0.898380 0.030208 0.088426
0 0.369271 0.171065 0.022396 0.051389
0 0.387240 0.170139 0.022396 0.051389
0 0.405729 0.169213 0.022396 0.051389
0 0.423698 0.169213 0.022396 0.051389
0 0.441927 0.168287 0.022396 0.051389
0 0.460938 0.166435 0.022396 0.051389
0 0.479297 0.167824 0.021094 0.054167
0 0.498047 0.166435 0.021094 0.054167
0 0.517578 0.168750 0.021094 0.054167
0 0.533984 0.164120 0.019010 0.048611
0 0.552474 0.166898 0.021094 0.054167
0 0.571484 0.166435 0.021094 0.054167
0 0.591016 0.164583 0.021094 0.054167
0 0.608724 0.162269 0.021094 0.054167
0 0.366406 0.218750 0.023958 0.055093
0 0.385677 0.219907 0.021875 0.054630
0 0.403385 0.219907 0.021875 0.054630
0 0.422396 0.219907 0.021875 0.054630
0 0.440625 0.219907 0.021875 0.054630
0 0.460677 0.218981 0.021875 0.054630
0 0.479427 0.219444 0.021875 0.054630
0 0.497135 0.217593 0.021875 0.054630
0 0.517188 0.217130 0.021875 0.054630
0 0.536979 0.215278 0.021875 0.054630
0 0.554948 0.214815 0.021875 0.054630
0 0.573958 0.216204 0.021875 0.054630
0 0.592708 0.213426 0.021875 0.054630
0 0.611719 0.212963 0.021875 0.054630
0 0.363021 0.271065 0.023438 0.054167
0 0.382943 0.271065 0.022656 0.056019
0 0.402214 0.270602 0.022656 0.056019
0 0.420182 0.271991 0.022656 0.056019
0 0.440234 0.271065 0.022656 0.056019
0 0.458724 0.270602 0.022656 0.056019
0 0.477474 0.270139 0.022656 0.056019
0 0.496745 0.269676 0.022656 0.056019
0 0.518229 0.267361 0.021354 0.056019
0 0.536458 0.267361 0.021354 0.056019
0 0.556771 0.268287 0.021354 0.056019
0 0.575521 0.266898 0.021354 0.056019
0 0.595833 0.265509 0.021354 0.056019
0 0.614062 0.265046 0.021354 0.056019
0 0.359766 0.326157 0.025260 0.058796
0 0.380469 0.325231 0.023438 0.061574
0 0.399609 0.325463 0.023177 0.056481
0 0.420182 0.325694 0.020573 0.056944
0 0.439714 0.324306 0.020573 0.056944
0 0.458984 0.325694 0.020573 0.056944
0 0.478776 0.323843 0.020573 0.056944
0 0.498828 0.324306 0.020573 0.056944
0 0.518620 0.322917 0.020573 0.056944
0 0.538672 0.322917 0.020573 0.056944
0 0.558464 0.321528 0.020573 0.056944
0 0.578385 0.322917 0.022917 0.056944
0 0.597396 0.321528 0.022917 0.056944
0 0.616927 0.320602 0.022917 0.056944
0 0.356641 0.385880 0.025260 0.056944
0 0.377083 0.385185 0.023438 0.057407
0 0.396875 0.385648 0.023438 0.057407
0 0.417187 0.386111 0.023438 0.057407
0 0.438542 0.385185 0.023438 0.057407
0 0.457422 0.385185 0.023177 0.061111
0 0.478776 0.383333 0.023177 0.061111
0 0.499089 0.383796 0.023177 0.061111
0 0.519141 0.381944 0.023177 0.061111
0 0.538411 0.381019 0.023177 0.061111
0 0.558464 0.381944 0.023177 0.061111
0 0.578776 0.378704 0.023177 0.061111
0 0.600651 0.379167 0.023177 0.061111
0 0.619922 0.378704 0.023177 0.061111
0 0.352995 0.446296 0.025260 0.061111
0 0.374870 0.445370 0.025260 0.061111
0 0.395443 0.444907 0.024219 0.061111
0 0.416276 0.444907 0.024219 0.061111
0 0.437109 0.443981 0.024219 0.061111
0 0.457422 0.444907 0.024219 0.061111
0 0.477734 0.443519 0.024219 0.061111
0 0.499609 0.443519 0.024219 0.061111
0 0.520443 0.440278 0.024219 0.061111
0 0.539714 0.441204 0.024219 0.061111
0 0.560807 0.441667 0.024219 0.061111
0 0.581641 0.439815 0.024219 0.061111
0 0.601693 0.438889 0.024219 0.061111
0 0.623307 0.439352 0.024219 0.061111
0 0.349479 0.510880 0.024479 0.064352
0 0.370573 0.511806 0.024479 0.064352
0 0.392708 0.511806 0.024479 0.064352
0 0.435156 0.508565 0.024479 0.064352
0 0.457292 0.509028 0.024479 0.064352
0 0.478906 0.508565 0.024479 0.064352
0 0.519531 0.506713 0.024479 0.064352
0 0.542188 0.505787 0.024479 0.064352
0 0.563542 0.505324 0.024479 0.064352
0 0.585156 0.505787 0.024479 0.064352
0 0.606250 0.503935 0.024479 0.064352
0 0.627344 0.505787 0.024479 0.064352
0 0.345833 0.579861 0.028125 0.069907
0 0.370052 0.576620 0.028125 0.069907
0 0.388672 0.575231 0.023698 0.071759
0 0.433464 0.574306 0.023698 0.068056
0 0.455859 0.572685 0.022656 0.071296
0 0.480078 0.570370 0.022656 0.071296
0 0.520443 0.570833 0.022656 0.071296
0 0.543620 0.569907 0.022656 0.071296
0 0.566016 0.570370 0.022656 0.071296
0 0.588672 0.568519 0.022656 0.071296
0 0.610286 0.568519 0.022656 0.071296
0 0.631641 0.568519 0.024740 0.070370
0 0.339453 0.648843 0.024740 0.073611
0 0.362891 0.649769 0.024740 0.073611
0 0.385547 0.647917 0.024740 0.073611
0 0.409245 0.645139 0.024740 0.073611
0 0.432422 0.645139 0.024740 0.073611
0 0.454557 0.643750 0.024740 0.073611
0 0.477734 0.644213 0.024740 0.073611
0 0.500651 0.643750 0.024740 0.073611
0 0.523568 0.642824 0.024740 0.073611
0 0.546484 0.641898 0.024740 0.073611
0 0.569141 0.640972 0.024740 0.073611
0 0.592578 0.641435 0.024740 0.073611
0 0.614453 0.640509 0.024740 0.073611
0 0.637500 0.643287 0.026042 0.074537
0 0.334766 0.723148 0.024740 0.080556
0 0.358203 0.722685 0.024740 0.080556
0 0.381901 0.720370 0.024740 0.080556
0 0.406120 0.720833 0.024740 0.080556
0 0.429818 0.717130 0.024740 0.080556
0 0.453516 0.716667 0.024740 0.080556
0 0.477734 0.715278 0.024740 0.080556
0 0.501953 0.713889 0.024740 0.080556
0 0.525130 0.714352 0.024740 0.080556
0 0.548047 0.714352 0.024740 0.080556
0 0.571484 0.715278 0.024740 0.080556
0 0.595703 0.713426 0.024740 0.080556
0 0.617839 0.716898 0.025781 0.076389
0 0.642188 0.717130 0.028125 0.075000
0 0.641667 0.716204 0.028125 0.075000
0 0.331771 0.812269 0.027083 0.080093
0 0.356250 0.811343 0.027083 0.080093
0 0.380208 0.810417 0.027083 0.080093
0 0.404427 0.809491 0.027083 0.080093
0 0.501823 0.807639 0.027083 0.080093
0 0.525521 0.806713 0.027083 0.080093
0 0.551302 0.803935 0.027083 0.080093
0 0.574740 0.803472 0.027083 0.080093
0 0.597917 0.803009 0.027083 0.080093
0 0.624740 0.802546 0.027083 0.080093
0 0.646484 0.803704 0.028385 0.081481
0 0.327344 0.896065 0.030208 0.088426
0 0.351042 0.894676 0.030208 0.088426
0 0.376302 0.893750 0.030208 0.088426
0 0.402083 0.892824 0.028646 0.088426
0 0.401562 0.891898 0.028646 0.088426
0 0.401042 0.890972 0.028646 0.088426
0 0.499740 0.887731 0.028646 0.088426
0 0.526563 0.887269 0.028646 0.088426
0 0.550781 0.889583 0.028646 0.088426
0 0.575521 0.888657 0.028646 0.088426
0 0.602083 0.890972 0.028646 0.088426
0 0.624479 0.888657 0.028646 0.088426
0 0.649740 0.887269 0.028646 0.088426
