0 0.353385 0.180787 0.015104 0.009722
0 0.352865 0.187731 0.015104 0.009722
0 0.352083 0.196065 0.015104 0.009722
0 0.350781 0.203472 0.015104 0.009722
0 0.349740 0.212269 0.015104 0.009722
0 0.348958 0.221065 0.015104 0.009722
0 0.348177 0.229398 0.015104 0.009722
0 0.346875 0.236806 0.015104 0.009722
0 0.345833 0.245602 0.015104 0.009722
0 0.344922 0.253241 0.015365 0.010185
0 0.370052 0.178472 0.015104 0.009722
0 0.369271 0.186806 0.015104 0.009722
0 0.368750 0.193750 0.015104 0.009722
0 0.367708 0.202083 0.015104 0.009722
0 0.366667 0.209954 0.015104 0.009722
0 0.365885 0.218287 0.015104 0.009722
0 0.364323 0.236806 0.015104 0.009722
0 0.363021 0.245139 0.015104 0.009722
0 0.362760 0.253935 0.015104 0.009722
0 0.384375 0.178472 0.015104 0.009722
0 0.383594 0.186343 0.015104 0.009722
0 0.382552 0.194213 0.015104 0.009722
0 0.381771 0.201157 0.015104 0.009722
0 0.381250 0.209028 0.015104 0.009722
0 0.378125 0.245139 0.015104 0.009722
0 0.380208 0.216898 0.015104 0.009722
0 0.378385 0.235880 0.015104 0.009722
0 0.377344 0.254398 0.015104 0.009722
0 0.398438 0.180556 0.015104 0.009259
0 0.397917 0.188194 0.015104 0.009722
0 0.397135 0.196528 0.015104 0.009722
0 0.396354 0.203935 0.015104 0.009722
0 0.395313 0.211806 0.015104 0.009722
0 0.395573 0.220602 0.015104 0.009722
0 0.394271 0.228472 0.015104 0.009722
0 0.393750 0.236806 0.015104 0.009722
0 0.393229 0.245139 0.015104 0.009722
0 0.392448 0.253935 0.015104 0.009722
0 0.414844 0.179861 0.015104 0.009722
0 0.414062 0.188657 0.015104 0.009722
0 0.413542 0.196065 0.015104 0.009722
0 0.413021 0.204398 0.015104 0.009722
0 0.412240 0.212731 0.015104 0.009722
0 0.411458 0.220602 0.015104 0.009722
0 0.411198 0.228935 0.015104 0.009722
0 0.410417 0.237731 0.015104 0.009722
0 0.409896 0.245602 0.015104 0.009722
0 0.409635 0.254398 0.015104 0.009722
0 0.428646 0.179861 0.015104 0.009722
0 0.428125 0.187731 0.015104 0.009722
0 0.427865 0.195602 0.015104 0.009722
0 0.427344 0.203472 0.015104 0.009722
0 0.427083 0.211343 0.015104 0.009722
0 0.426042 0.221065 0.015104 0.009722
0 0.425260 0.237731 0.015104 0.009722
0 0.424740 0.246065 0.015104 0.009722
0 0.424479 0.254398 0.015104 0.009722
0 0.443229 0.181250 0.015104 0.009722
0 0.442448 0.189120 0.015104 0.009722
0 0.442448 0.196991 0.015104 0.009722
0 0.442188 0.204398 0.015104 0.009722
0 0.441927 0.212731 0.015104 0.009722
0 0.441406 0.221065 0.015104 0.009722
0 0.440885 0.237269 0.015104 0.009722
0 0.440625 0.246065 0.015104 0.009722
0 0.440104 0.254861 0.015104 0.009722
0 0.457292 0.180787 0.015104 0.009722
0 0.457292 0.189120 0.015104 0.009722
0 0.457031 0.196991 0.015104 0.009722
0 0.456771 0.204861 0.015104 0.009722
0 0.456250 0.212731 0.015104 0.009722
0 0.455990 0.221528 0.015104 0.009722
0 0.455990 0.229398 0.015104 0.009722
0 0.455469 0.237269 0.015104 0.009722
0 0.455469 0.246528 0.015104 0.009722
0 0.455208 0.254861 0.015104 0.009722
0 0.472917 0.179861 0.015104 0.009722
0 0.472656 0.187731 0.015104 0.009722
0 0.472656 0.195602 0.015104 0.009722
0 0.472135 0.203935 0.015104 0.009722
0 0.471354 0.245602 0.015104 0.009722
0 0.471354 0.210417 0.015104 0.009722
0 0.471875 0.219213 0.015104 0.009722
0 0.471354 0.236806 0.015104 0.009722
0 0.470573 0.254861 0.015104 0.009722
0 0.486719 0.179861 0.015104 0.009722
0 0.486979 0.187731 0.015104 0.009722
0 0.486458 0.195602 0.015104 0.009722
0 0.486979 0.203009 0.015104 0.009722
0 0.486458 0.210880 0.015104 0.009722
0 0.486458 0.219676 0.015104 0.009722
0 0.486458 0.237731 0.015104 0.009722
0 0.486458 0.246528 0.015104 0.009722
0 0.485938 0.254398 0.015104 0.009722
0 0.501563 0.180787 0.015104 0.009722
0 0.501563 0.189120 0.015104 0.009722
0 0.501563 0.204398 0.015104 0.009722
0 0.501042 0.196528 0.015104 0.009722
0 0.501823 0.213194 0.015104 0.009722
0 0.501042 0.221065 0.015104 0.009722
0 0.501302 0.229398 0.015104 0.009722
0 0.501302 0.237731 0.015104 0.009722
0 0.501563 0.246065 0.015104 0.009722
0 0.501563 0.253935 0.015104 0.009722
0 0.515625 0.180787 0.015104 0.009722
0 0.516146 0.189120 0.015104 0.009722
0 0.515625 0.196991 0.015104 0.009722
0 0.515885 0.205324 0.015104 0.009722
0 0.516146 0.213194 0.015104 0.009722
0 0.515885 0.229398 0.015104 0.009722
0 0.516667 0.237269 0.015104 0.009722
0 0.516146 0.246065 0.015104 0.009722
0 0.516406 0.254861 0.015104 0.009722
0 0.531380 0.179630 0.014844 0.010185
0 0.531380 0.187500 0.014844 0.010185
0 0.531641 0.195370 0.014844 0.010185
0 0.531641 0.203241 0.014844 0.010185
0 0.532422 0.211574 0.014844 0.010185
0 0.532422 0.219444 0.014844 0.010185
0 0.532682 0.237500 0.014844 0.010185
0 0.532943 0.245833 0.014844 0.010185
0 0.532682 0.254630 0.014844 0.010185
0 0.545703 0.181019 0.014844 0.010185
0 0.561849 0.180556 0.014844 0.010185
0 0.545703 0.196759 0.014844 0.010185
0 0.546224 0.205556 0.014844 0.010185
0 0.546745 0.212963 0.014844 0.010185
0 0.546745 0.220833 0.014844 0.010185
0 0.547005 0.230093 0.014844 0.010185
0 0.547266 0.237500 0.014844 0.010185
0 0.547526 0.246296 0.014844 0.010185
0 0.547526 0.255093 0.014844 0.010185
0 0.545182 0.180093 0.014844 0.010185
0 0.561589 0.189352 0.014844 0.010185
0 0.561589 0.196759 0.014844 0.010185
0 0.561849 0.204630 0.014844 0.010185
0 0.562370 0.212500 0.014844 0.010185
0 0.562630 0.221296 0.014844 0.010185
0 0.562760 0.228704 0.015104 0.010185
0 0.564063 0.245833 0.015104 0.010185
0 0.562760 0.236574 0.015104 0.010185
0 0.563802 0.254630 0.015104 0.010185
0 0.575651 0.179167 0.014844 0.010185
0 0.575651 0.186574 0.014844 0.010185
0 0.576172 0.194444 0.014844 0.010185
0 0.576432 0.202315 0.014844 0.010185
0 0.576953 0.211111 0.014844 0.010185
0 0.577474 0.218981 0.014844 0.010185
0 0.578255 0.237037 0.014844 0.010185
0 0.578516 0.245833 0.014844 0.010185
0 0.579036 0.254398 0.015365 0.009722
0 0.590365 0.179167 0.014583 0.011111
0 0.590885 0.187037 0.014583 0.011111
0 0.591536 0.194444 0.014844 0.010185
0 0.592057 0.202315 0.014844 0.010185
0 0.592318 0.210185 0.014844 0.010185
0 0.592578 0.218519 0.015885 0.010185
0 0.594141 0.237037 0.015885 0.010185
0 0.594922 0.245833 0.015885 0.010185
0 0.595443 0.254630 0.015885 0.010185
0 0.605208 0.180556 0.014583 0.011111
0 0.605469 0.188889 0.014583 0.010185
0 0.606250 0.196296 0.014583 0.010185
0 0.606510 0.204630 0.014583 0.010185
0 0.607292 0.212037 0.014583 0.010185
0 0.607682 0.220833 0.015365 0.010185
0 0.608203 0.229167 0.015365 0.010185
0 0.609115 0.236806 0.015625 0.011574
0 0.609896 0.245139 0.015625 0.011574
0 0.610156 0.254398 0.015625 0.011574
0 0.620182 0.183796 0.014844 0.010185
0 0.620964 0.191667 0.014844 0.010185
0 0.621875 0.199537 0.015625 0.009259
0 0.622396 0.207407 0.016146 0.011111
0 0.623047 0.216204 0.015365 0.010185
0 0.625000 0.236574 0.016146 0.010185
0 0.625391 0.245139 0.016406 0.010648
0 0.626432 0.253472 0.016406 0.010648
0 0.634245 0.182870 0.015365 0.010185
0 0.635547 0.190741 0.015365 0.010185
0 0.636328 0.199074 0.015365 0.010185
0 0.637109 0.207407 0.015365 0.010185
0 0.637630 0.215046 0.015885 0.010648
0 0.639974 0.235880 0.015885 0.010648
0 0.641016 0.244213 0.015885 0.010648
0 0.641536 0.253472 0.015885 0.010648
0 0.650781 0.188194 0.015104 0.009722
0 0.651302 0.195139 0.015104 0.009722
0 0.652083 0.203472 0.015104 0.009722
0 0.653255 0.211343 0.015885 0.009722
0 0.654036 0.219213 0.015885 0.009722
0 0.655078 0.227083 0.015885 0.009722
0 0.656120 0.236343 0.015885 0.009722
0 0.656901 0.244676 0.015885 0.009722
0 0.658203 0.253009 0.015885 0.009722
0 0.663542 0.179861 0.015104 0.009722
0 0.664323 0.187269 0.015104 0.009722
0 0.665625 0.195602 0.015104 0.009722
0 0.666406 0.203009 0.015104 0.009722
0 0.667578 0.210880 0.015885 0.009722
0 0.668880 0.219213 0.015885 0.009722
0 0.669792 0.228241 0.015625 0.012037
0 0.670964 0.235417 0.015885 0.009722
0 0.672005 0.244213 0.016406 0.010648
0 0.672786 0.252546 0.016406 0.010648
0 0.344141 0.268981 0.015365 0.014815
0 0.360807 0.268519 0.016406 0.014815
0 0.343359 0.293519 0.015365 0.014815
0 0.342839 0.306944 0.016406 0.014815
0 0.343620 0.268056 0.015365 0.014815
0 0.360807 0.281481 0.016406 0.014815
0 0.360286 0.295833 0.016406 0.014815
0 0.341276 0.350463 0.016406 0.014815
0 0.340495 0.362963 0.016406 0.014815
0 0.340495 0.375463 0.016406 0.014815
0 0.339974 0.388889 0.016406 0.014815
0 0.359505 0.325463 0.016406 0.014815
0 0.359505 0.337500 0.016406 0.014815
0 0.358984 0.350463 0.016406 0.014815
0 0.358984 0.362963 0.016406 0.014815
0 0.358464 0.376852 0.016406 0.014815
0 0.358464 0.389352 0.016406 0.014815
0 0.376693 0.269444 0.016406 0.014815
0 0.391927 0.268750 0.016146 0.015278
0 0.375391 0.294907 0.016406 0.014815
0 0.375130 0.325000 0.016406 0.014815
0 0.374870 0.337963 0.016406 0.014815
0 0.374609 0.350463 0.016406 0.014815
0 0.374349 0.363426 0.016406 0.014815
0 0.374349 0.375926 0.016406 0.014815
0 0.373828 0.388889 0.016406 0.014815
0 0.376172 0.268519 0.016406 0.014815
0 0.391667 0.281713 0.016146 0.015278
0 0.390885 0.294676 0.016146 0.015278
0 0.390625 0.306713 0.016146 0.015278
0 0.390625 0.320139 0.016146 0.015278
0 0.390365 0.332176 0.016146 0.015278
0 0.389844 0.344676 0.016146 0.015278
0 0.389844 0.357639 0.016146 0.015278
0 0.390104 0.371065 0.016146 0.015278
0 0.389583 0.383102 0.016146 0.015278
0 0.407552 0.269676 0.016146 0.015278
0 0.407292 0.281250 0.016146 0.015278
0 0.407031 0.294213 0.016146 0.015278
0 0.407031 0.307176 0.016146 0.015278
0 0.406510 0.319676 0.016146 0.015278
0 0.406250 0.333565 0.016146 0.015278
0 0.407031 0.346065 0.016146 0.015278
0 0.406510 0.357639 0.016146 0.015278
0 0.405990 0.370602 0.016146 0.015278
0 0.405990 0.384491 0.016146 0.015278
0 0.423177 0.269676 0.016146 0.015278
0 0.423177 0.282639 0.016146 0.015278
0 0.422917 0.294676 0.016146 0.015278
0 0.422396 0.324769 0.016146 0.015278
0 0.421615 0.337269 0.016146 0.015278
0 0.421875 0.349306 0.016146 0.015278
0 0.421875 0.362731 0.016146 0.015278
0 0.421615 0.375694 0.016146 0.015278
0 0.421615 0.388657 0.016146 0.015278
0 0.438542 0.270139 0.016146 0.015278
0 0.439063 0.282639 0.016146 0.015278
0 0.438281 0.295139 0.016146 0.015278
0 0.438021 0.325231 0.016146 0.015278
0 0.438021 0.336806 0.016146 0.015278
0 0.437760 0.349306 0.016146 0.015278
0 0.437500 0.364120 0.016146 0.015278
0 0.437760 0.376620 0.016146 0.015278
0 0.437240 0.388194 0.016146 0.015278
0 0.453646 0.270139 0.016146 0.015278
0 0.453906 0.282176 0.016146 0.015278
0 0.453385 0.294676 0.016146 0.015278
0 0.453906 0.307639 0.016146 0.015278
0 0.453385 0.320139 0.016146 0.015278
0 0.453385 0.332639 0.016146 0.015278
0 0.453125 0.345602 0.016146 0.015278
0 0.453385 0.358102 0.016146 0.015278
0 0.453125 0.384491 0.015625 0.013426
0 0.452604 0.370602 0.016146 0.015278
0 0.470833 0.269676 0.016146 0.015278
0 0.470313 0.281713 0.016146 0.015278
0 0.470573 0.294676 0.016146 0.015278
0 0.471094 0.324769 0.016146 0.015278
0 0.470833 0.337269 0.016146 0.015278
0 0.471094 0.349306 0.016146 0.015278
0 0.470313 0.362731 0.016146 0.015278
0 0.470573 0.376157 0.016146 0.015278
0 0.470313 0.387731 0.016146 0.015278
0 0.485677 0.270139 0.016146 0.015278
0 0.485677 0.282639 0.016146 0.015278
0 0.486198 0.295139 0.016146 0.015278
0 0.485938 0.324769 0.016146 0.015278
0 0.486198 0.337269 0.016146 0.015278
0 0.485938 0.350694 0.016146 0.015278
0 0.485677 0.362269 0.016146 0.015278
0 0.485938 0.375231 0.016146 0.015278
0 0.485677 0.388194 0.016146 0.015278
0 0.501302 0.269676 0.016146 0.015278
0 0.501042 0.282176 0.016146 0.015278
0 0.501042 0.295139 0.016146 0.015278
0 0.500781 0.307639 0.016146 0.015278
0 0.501563 0.321065 0.016146 0.015278
0 0.501042 0.332639 0.016146 0.015278
0 0.501042 0.345602 0.016146 0.015278
0 0.501302 0.358565 0.016146 0.015278
0 0.501302 0.371528 0.016146 0.015278
0 0.501042 0.384028 0.016146 0.015278
0 0.515885 0.270139 0.016146 0.015278
0 0.515885 0.282639 0.016146 0.015278
0 0.515625 0.295602 0.016146 0.015278
0 0.515885 0.307176 0.016146 0.015278
0 0.516146 0.333565 0.016146 0.015278
0 0.516146 0.346065 0.016146 0.015278
0 0.516406 0.358565 0.016146 0.015278
0 0.516406 0.371991 0.016146 0.015278
0 0.516146 0.384028 0.016146 0.015278
0 0.533073 0.269907 0.015625 0.015741
0 0.533333 0.281944 0.015625 0.015741
0 0.533073 0.295833 0.015625 0.015741
0 0.533073 0.325463 0.015625 0.015741
0 0.533073 0.337963 0.016146 0.015741
0 0.533594 0.351389 0.016146 0.015741
0 0.533594 0.363426 0.016146 0.015741
0 0.533594 0.375926 0.016146 0.015741
0 0.533724 0.390046 0.015885 0.015278
0 0.548438 0.269907 0.015625 0.015741
0 0.548177 0.282407 0.015625 0.015741
0 0.548438 0.295370 0.015625 0.015741
0 0.548698 0.306944 0.015625 0.015741
0 0.548698 0.320370 0.015625 0.015741
0 0.548568 0.333102 0.015885 0.015278
0 0.549089 0.346065 0.015885 0.015278
0 0.548828 0.359028 0.015885 0.015278
0 0.549349 0.371528 0.015885 0.015278
0 0.549870 0.384491 0.015885 0.015278
0 0.563802 0.268981 0.015625 0.015741
0 0.564063 0.281944 0.015625 0.015741
0 0.564323 0.294907 0.015625 0.015741
0 0.563802 0.307870 0.015625 0.015741
0 0.564583 0.319444 0.015625 0.015741
0 0.564323 0.332407 0.015625 0.015741
0 0.564583 0.346296 0.015625 0.015741
0 0.564844 0.358333 0.015625 0.015741
0 0.564844 0.370833 0.015625 0.015741
0 0.565365 0.383796 0.015625 0.015741
0 0.579557 0.269907 0.015365 0.013889
0 0.579427 0.281481 0.016667 0.015741
0 0.579297 0.294444 0.015885 0.014815
0 0.580078 0.325000 0.015885 0.014815
0 0.579818 0.337963 0.015885 0.014815
0 0.580469 0.349306 0.016146 0.016204
0 0.580208 0.363194 0.016146 0.016204
0 0.580729 0.377083 0.016146 0.016204
0 0.580469 0.389120 0.016146 0.016204
0 0.595964 0.268519 0.015365 0.013889
0 0.595703 0.281481 0.015885 0.014815
0 0.596224 0.294444 0.015885 0.014815
0 0.596745 0.322685 0.015885 0.014815
0 0.597005 0.335648 0.015885 0.014815
0 0.597526 0.347685 0.015885 0.014815
0 0.597266 0.361111 0.015885 0.014815
0 0.597786 0.373611 0.015885 0.014815
0 0.597786 0.387500 0.015885 0.014815
0 0.610807 0.268056 0.015365 0.013889
0 0.610938 0.281481 0.016146 0.013889
0 0.611719 0.294444 0.016146 0.013889
0 0.611719 0.306944 0.016146 0.013889
0 0.612109 0.319907 0.016406 0.015741
0 0.612630 0.332407 0.016406 0.015741
0 0.612630 0.345370 0.016406 0.015741
0 0.613151 0.358333 0.016406 0.015741
0 0.613672 0.371296 0.016406 0.015741
0 0.613802 0.384259 0.015625 0.014815
0 0.626953 0.268056 0.015365 0.013889
0 0.627214 0.281944 0.015365 0.013889
0 0.627474 0.293981 0.015365 0.013889
0 0.628255 0.322685 0.016406 0.013889
0 0.627995 0.335185 0.016406 0.013889
0 0.629036 0.346759 0.016406 0.013889
0 0.629557 0.360185 0.016406 0.013889
0 0.629818 0.372685 0.016406 0.013889
0 0.630078 0.385648 0.016406 0.013889
0 0.642578 0.268056 0.015365 0.013889
0 0.642578 0.281019 0.015365 0.013889
0 0.643099 0.292593 0.015365 0.013889
0 0.643620 0.322685 0.015365 0.013889
0 0.644141 0.335648 0.015365 0.013889
0 0.644271 0.348611 0.016146 0.013889
0 0.644792 0.361111 0.016146 0.013889
0 0.645052 0.375000 0.016146 0.013889
0 0.645833 0.387037 0.016146 0.013889
0 0.658984 0.267593 0.015365 0.013889
0 0.658984 0.280556 0.015365 0.013889
0 0.659505 0.293056 0.015365 0.013889
0 0.659766 0.306019 0.015365 0.013889
0 0.660547 0.318519 0.015365 0.013889
0 0.660937 0.331481 0.015625 0.014815
0 0.661328 0.344213 0.016406 0.014352
0 0.661849 0.357176 0.016406 0.014352
0 0.662109 0.370139 0.016406 0.014352
0 0.674089 0.268287 0.016406 0.014352
0 0.674609 0.279861 0.016406 0.014352
0 0.674609 0.292824 0.016406 0.014352
0 0.675391 0.305324 0.016406 0.014352
0 0.675911 0.318750 0.016406 0.014352
0 0.676693 0.331250 0.016406 0.014352
0 0.676953 0.343750 0.016406 0.014352
0 0.677214 0.356713 0.016406 0.014352
0 0.677995 0.369676 0.016406 0.014352
0 0.678255 0.383102 0.016406 0.014352
0 0.340495 0.409259 0.017448 0.012963
0 0.339323 0.419907 0.017708 0.012037
0 0.338281 0.429861 0.017708 0.013426
0 0.337240 0.440972 0.017708 0.013426
0 0.336198 0.451620 0.017708 0.013426
0 0.335156 0.461806 0.017708 0.013426
0 0.334115 0.473148 0.018229 0.012963
0 0.333594 0.483796 0.018229 0.012963
0 0.332031 0.495833 0.018229 0.012963
0 0.330990 0.507407 0.018229 0.012963
0 0.329948 0.518056 0.018229 0.012963
0 0.328906 0.530324 0.018750 0.013426
0 0.327604 0.542824 0.018750 0.013426
0 0.356120 0.408796 0.017448 0.012963
0 0.355078 0.418981 0.017448 0.012963
0 0.354036 0.430093 0.017448 0.012963
0 0.353255 0.439815 0.017448 0.012963
0 0.352474 0.450926 0.017448 0.012963
0 0.351693 0.462963 0.017448 0.012963
0 0.350391 0.473611 0.017448 0.012963
0 0.349349 0.484259 0.017448 0.012963
0 0.348828 0.494444 0.017448 0.012963
0 0.347786 0.506944 0.017448 0.012963
0 0.346484 0.518056 0.017448 0.012963
0 0.345573 0.530093 0.018229 0.012963
0 0.344531 0.541204 0.018229 0.012963
0 0.372526 0.409722 0.017448 0.012963
0 0.371745 0.418981 0.017448 0.012963
0 0.371745 0.430093 0.017448 0.012963
0 0.370703 0.440741 0.017448 0.012963
0 0.369661 0.450926 0.017448 0.012963
0 0.368880 0.462500 0.017448 0.012963
0 0.368359 0.473148 0.017448 0.012963
0 0.367318 0.483333 0.017448 0.012963
0 0.366016 0.494907 0.017448 0.012963
0 0.365495 0.506713 0.017448 0.013426
0 0.364714 0.518750 0.017448 0.013426
0 0.363932 0.529861 0.017969 0.014352
0 0.362891 0.540972 0.017969 0.014352
0 0.388411 0.408796 0.017448 0.012963
0 0.387891 0.420370 0.017448 0.012963
0 0.387109 0.430093 0.017448 0.012963
0 0.386328 0.440741 0.017448 0.012963
0 0.385807 0.451389 0.017448 0.012963
0 0.384766 0.461111 0.017448 0.012963
0 0.383984 0.473148 0.017448 0.012963
0 0.383203 0.483796 0.017448 0.012963
0 0.382682 0.495833 0.017448 0.012963
0 0.381641 0.506944 0.017448 0.012963
0 0.381120 0.518056 0.017448 0.012963
0 0.380078 0.529167 0.017448 0.012963
0 0.379557 0.541204 0.017448 0.012963
0 0.405339 0.408796 0.017448 0.012963
0 0.404557 0.419444 0.017448 0.012963
0 0.404036 0.430093 0.017448 0.012963
0 0.403516 0.439815 0.017448 0.012963
0 0.402734 0.450463 0.017448 0.012963
0 0.402474 0.462500 0.017448 0.012963
0 0.401432 0.472685 0.017448 0.012963
0 0.400651 0.484259 0.017448 0.012963
0 0.400130 0.495833 0.017448 0.012963
0 0.399870 0.506019 0.017448 0.012963
0 0.398828 0.518056 0.017448 0.012963
0 0.398047 0.530093 0.017448 0.012963
0 0.398047 0.542130 0.017448 0.012963
0 0.421484 0.408796 0.017448 0.012963
0 0.420703 0.418519 0.017448 0.012963
0 0.420052 0.429861 0.017188 0.012500
0 0.419531 0.440972 0.017188 0.012500
0 0.419271 0.452083 0.017188 0.012500
0 0.418229 0.461806 0.017188 0.012500
0 0.417969 0.473843 0.017188 0.012500
0 0.417708 0.483565 0.017188 0.012500
0 0.416406 0.494676 0.017188 0.012500
0 0.416406 0.506250 0.017188 0.012500
0 0.415625 0.517824 0.017188 0.012500
0 0.414844 0.529630 0.017708 0.012963
0 0.414453 0.542130 0.017448 0.012037
0 0.437500 0.408565 0.017188 0.013426
0 0.437500 0.419907 0.017188 0.012037
0 0.436979 0.430093 0.017188 0.012037
0 0.436458 0.440278 0.017188 0.012037
0 0.435677 0.450463 0.017188 0.012037
0 0.435937 0.462037 0.017188 0.012037
0 0.435417 0.472685 0.017188 0.012037
0 0.435156 0.484259 0.017188 0.012037
0 0.434635 0.495370 0.017188 0.012037
0 0.434375 0.506019 0.017188 0.012037
0 0.433594 0.517593 0.017188 0.012037
0 0.433203 0.530093 0.017448 0.012963
0 0.433203 0.541204 0.017448 0.012963
0 0.452604 0.409491 0.017188 0.013426
0 0.452604 0.419676 0.017188 0.013426
0 0.452083 0.429861 0.017188 0.013426
0 0.452604 0.440509 0.017188 0.013426
0 0.451562 0.451157 0.017188 0.013426
0 0.451302 0.461806 0.017188 0.013426
0 0.450781 0.472454 0.017188 0.013426
0 0.451042 0.483565 0.017188 0.013426
0 0.450781 0.494676 0.017188 0.013426
0 0.450260 0.505787 0.017188 0.013426
0 0.450000 0.517824 0.017188 0.013426
0 0.449219 0.529398 0.017188 0.013426
0 0.449479 0.541435 0.017188 0.013426
0 0.470313 0.409028 0.017188 0.013426
0 0.470313 0.418750 0.017188 0.013426
0 0.469792 0.429861 0.017188 0.013426
0 0.469271 0.439583 0.017188 0.013426
0 0.469531 0.450694 0.017188 0.013426
0 0.469271 0.461806 0.017188 0.013426
0 0.469271 0.472917 0.017188 0.013426
0 0.468750 0.483565 0.017188 0.013426
0 0.468490 0.494676 0.017188 0.013426
0 0.468229 0.505787 0.017188 0.013426
0 0.468229 0.517361 0.017188 0.013426
0 0.467969 0.529398 0.017188 0.013426
0 0.467708 0.540046 0.017188 0.013426
0 0.485417 0.409491 0.017188 0.013426
0 0.485677 0.418981 0.016667 0.013889
0 0.485156 0.429630 0.016667 0.013889
0 0.485156 0.440278 0.016667 0.013889
0 0.484635 0.450463 0.016667 0.013889
0 0.485156 0.461574 0.016667 0.013889
0 0.484635 0.473148 0.016667 0.013889
0 0.484635 0.484259 0.016667 0.013889
0 0.484375 0.493519 0.016667 0.013889
0 0.484635 0.506481 0.016667 0.013889
0 0.484635 0.517593 0.016667 0.013889
0 0.484115 0.529167 0.016667 0.013889
0 0.484375 0.540278 0.016667 0.013889
0 0.502344 0.409259 0.016667 0.012963
0 0.501563 0.418056 0.016667 0.012963
0 0.502083 0.429167 0.016667 0.012963
0 0.502344 0.440278 0.016667 0.012963
0 0.501823 0.450000 0.016667 0.012963
0 0.502344 0.461574 0.016667 0.012963
0 0.502604 0.471296 0.016667 0.012963
0 0.502344 0.483796 0.016667 0.012963
0 0.502083 0.493981 0.016667 0.012963
0 0.502083 0.506019 0.016667 0.012963
0 0.502214 0.516898 0.017448 0.013426
0 0.502214 0.529167 0.017448 0.012963
0 0.502474 0.539815 0.017448 0.012963
0 0.517708 0.408796 0.016667 0.012963
0 0.517969 0.418981 0.016667 0.012963
0 0.517448 0.429630 0.016667 0.012963
0 0.517448 0.439815 0.016667 0.012963
0 0.517708 0.450463 0.016667 0.012963
0 0.518490 0.461574 0.016667 0.012963
0 0.518490 0.472222 0.016667 0.012963
0 0.518490 0.482407 0.016667 0.012963
0 0.518229 0.493981 0.016667 0.012963
0 0.518490 0.505556 0.016667 0.012963
0 0.518490 0.516667 0.016667 0.012963
0 0.518750 0.528704 0.016667 0.012963
0 0.518750 0.540741 0.016667 0.012963
0 0.534896 0.407407 0.016667 0.012963
0 0.534635 0.418056 0.016667 0.012963
0 0.535156 0.429167 0.016667 0.012963
0 0.535156 0.439352 0.016667 0.012963
0 0.535417 0.450000 0.016667 0.012963
0 0.535677 0.460185 0.016667 0.012963
0 0.535937 0.471759 0.016667 0.012963
0 0.536198 0.483333 0.016667 0.012963
0 0.536458 0.494444 0.016667 0.012963
0 0.536458 0.505093 0.016667 0.012963
0 0.536979 0.516204 0.016667 0.012963
0 0.537240 0.528241 0.016667 0.012963
0 0.537240 0.539815 0.016667 0.012963
0 0.550000 0.408333 0.016667 0.012963
0 0.550781 0.417593 0.016667 0.012963
0 0.550781 0.429167 0.016667 0.012963
0 0.550781 0.438889 0.016667 0.012963
0 0.551302 0.450000 0.016667 0.012963
0 0.551823 0.460648 0.016667 0.012963
0 0.551823 0.471759 0.016667 0.012963
0 0.552344 0.482407 0.016667 0.012963
0 0.552865 0.493519 0.016667 0.012963
0 0.552995 0.505093 0.017448 0.012037
0 0.553776 0.516898 0.018490 0.015278
0 0.554297 0.528935 0.018490 0.015278
0 0.554948 0.540278 0.018229 0.013889
0 0.566667 0.407407 0.016667 0.012963
0 0.566667 0.418056 0.016667 0.012963
0 0.567708 0.429167 0.016667 0.012963
0 0.567187 0.439352 0.016667 0.012963
0 0.568490 0.448611 0.016667 0.012963
0 0.568490 0.460648 0.016667 0.012963
0 0.568750 0.471759 0.016667 0.012963
0 0.569531 0.482407 0.016667 0.012963
0 0.570052 0.494444 0.016667 0.012963
0 0.570312 0.504630 0.016667 0.012963
0 0.571224 0.516435 0.017969 0.013426
0 0.571745 0.529398 0.017969 0.013426
0 0.572266 0.540972 0.017969 0.013426
0 0.581771 0.407407 0.016667 0.012963
0 0.582292 0.418519 0.016667 0.012963
0 0.582812 0.429167 0.016667 0.012963
0 0.583594 0.441204 0.016667 0.012963
0 0.583854 0.450000 0.016667 0.012963
0 0.584375 0.460185 0.016667 0.012963
0 0.585156 0.471065 0.017188 0.013426
0 0.585677 0.482639 0.017188 0.013426
0 0.586198 0.493287 0.017188 0.013426
0 0.586719 0.504398 0.017188 0.013426
0 0.587240 0.517361 0.017708 0.013426
0 0.588021 0.528009 0.017188 0.013426
0 0.588542 0.540046 0.017188 0.013426
0 0.598437 0.407407 0.016667 0.012963
0 0.599479 0.417593 0.016667 0.012963
0 0.599609 0.428241 0.017448 0.013889
0 0.600651 0.439352 0.017448 0.013889
0 0.601172 0.448611 0.017448 0.013889
0 0.602214 0.460185 0.017448 0.013889
0 0.602474 0.471296 0.017448 0.013889
0 0.602995 0.481944 0.017448 0.013889
0 0.603776 0.493981 0.017448 0.013889
0 0.604297 0.504630 0.017448 0.013889
0 0.605078 0.516204 0.017448 0.013889
0 0.605599 0.528009 0.018490 0.015278
0 0.606120 0.540046 0.018490 0.015278
0 0.614323 0.406481 0.016667 0.012963
0 0.614583 0.417593 0.016667 0.012963
0 0.615365 0.427778 0.016667 0.012963
0 0.616146 0.439815 0.016667 0.012963
0 0.616927 0.450000 0.016667 0.012963
0 0.617448 0.460185 0.016667 0.012963
0 0.619010 0.470833 0.016667 0.012963
0 0.619271 0.482870 0.016667 0.012963
0 0.620313 0.494213 0.017708 0.013426
0 0.620573 0.504861 0.017708 0.013426
0 0.621875 0.516435 0.017708 0.013426
0 0.622917 0.527083 0.017708 0.013426
0 0.624089 0.540278 0.018490 0.013889
0 0.631510 0.406944 0.016667 0.012963
0 0.632031 0.417130 0.017188 0.012037
0 0.633073 0.427778 0.017188 0.012037
0 0.633984 0.438657 0.017448 0.012500
0 0.634245 0.447917 0.017448 0.012500
0 0.635547 0.459722 0.017969 0.013889
0 0.636068 0.470370 0.017969 0.013889
0 0.637109 0.481481 0.017969 0.013889
0 0.638151 0.493519 0.017969 0.013889
0 0.638672 0.504167 0.017969 0.013889
0 0.640234 0.516204 0.017969 0.013889
0 0.640755 0.528704 0.017969 0.013889
0 0.641797 0.540741 0.017969 0.013889
0 0.647396 0.406944 0.016667 0.012963
0 0.647917 0.416667 0.016667 0.012963
0 0.648958 0.427315 0.016667 0.012963
0 0.650000 0.437963 0.016667 0.012963
0 0.650521 0.449537 0.016667 0.012963
0 0.651823 0.459259 0.018229 0.012963
0 0.652865 0.470370 0.018229 0.012963
0 0.653646 0.481019 0.018229 0.012963
0 0.654687 0.492593 0.018229 0.012963
0 0.655990 0.504167 0.018229 0.012963
0 0.656510 0.516667 0.018229 0.012963
0 0.657813 0.528704 0.018229 0.013889
0 0.658854 0.540278 0.018229 0.013889
0 0.664323 0.406019 0.017188 0.012963
0 0.665365 0.417130 0.017188 0.012963
0 0.666146 0.427315 0.017188 0.012963
0 0.667188 0.437963 0.017188 0.012963
0 0.668750 0.448148 0.017708 0.012963
0 0.670312 0.458796 0.017708 0.012963
0 0.670833 0.470370 0.017708 0.012963
0 0.671875 0.481250 0.018750 0.014352
0 0.673438 0.493287 0.018750 0.014352
0 0.674219 0.503935 0.018750 0.014352
0 0.675521 0.516435 0.018750 0.014352
0 0.676562 0.526620 0.018750 0.014352
0 0.677865 0.540046 0.018750 0.014352
0 0.679948 0.406019 0.017188 0.012963
0 0.680729 0.416204 0.017188 0.012963
0 0.682552 0.426852 0.017188 0.012963
0 0.683464 0.437037 0.017969 0.013889
0 0.684766 0.448611 0.017969 0.013889
0 0.686068 0.459259 0.017969 0.013889
0 0.686849 0.470370 0.017969 0.013889
0 0.688411 0.481481 0.017969 0.013889
0 0.689193 0.493056 0.017969 0.013889
0 0.690755 0.504167 0.017969 0.013889
0 0.691797 0.515972 0.019010 0.014352
0 0.693359 0.527546 0.019010 0.014352
0 0.694401 0.539583 0.019010 0.014352
0 0.326432 0.567130 0.019010 0.015741
0 0.325391 0.581481 0.019010 0.015741
0 0.324479 0.595833 0.019271 0.017593
0 0.324479 0.611574 0.019271 0.017593
0 0.323437 0.626852 0.019271 0.017593
0 0.322656 0.641204 0.019271 0.017593
0 0.321875 0.656481 0.019271 0.017593
0 0.321094 0.672222 0.019271 0.017593
0 0.320573 0.686574 0.019271 0.017593
0 0.319531 0.703241 0.019271 0.017593
0 0.319010 0.718056 0.019271 0.017593
0 0.318490 0.733333 0.019271 0.017593
0 0.317969 0.749074 0.019271 0.017593
0 0.316667 0.764352 0.019271 0.017593
0 0.316406 0.780556 0.019271 0.017593
0 0.316146 0.797685 0.019271 0.017593
0 0.315365 0.813426 0.019271 0.017593
0 0.314844 0.829630 0.019271 0.017593
0 0.342839 0.567130 0.019010 0.015741
0 0.342839 0.581481 0.019010 0.015741
0 0.341536 0.595833 0.019010 0.015741
0 0.341536 0.611111 0.019010 0.015741
0 0.340495 0.626157 0.019010 0.017130
0 0.339974 0.640972 0.019010 0.017130
0 0.339193 0.656250 0.019010 0.017130
0 0.338281 0.671296 0.019792 0.017593
0 0.338281 0.686111 0.019792 0.017593
0 0.337240 0.701852 0.019792 0.017593
0 0.336979 0.718056 0.019792 0.017593
0 0.336458 0.732407 0.019792 0.017593
0 0.335417 0.749074 0.019792 0.017593
0 0.334896 0.765278 0.019792 0.017593
0 0.334115 0.782407 0.019792 0.017593
0 0.333594 0.798148 0.019792 0.017593
0 0.333333 0.813889 0.019792 0.017593
0 0.332552 0.830093 0.019792 0.017593
0 0.362630 0.566667 0.019010 0.015741
0 0.362109 0.581019 0.019010 0.015741
0 0.360547 0.596759 0.019010 0.015741
0 0.360547 0.610648 0.019010 0.015741
0 0.359766 0.625000 0.019010 0.015741
0 0.359635 0.640278 0.018750 0.016667
0 0.358333 0.655093 0.018750 0.016667
0 0.358333 0.671296 0.018750 0.016667
0 0.357552 0.686574 0.018750 0.016667
0 0.357292 0.702778 0.018750 0.016667
0 0.356250 0.718056 0.018750 0.016667
0 0.355729 0.732870 0.018750 0.016667
0 0.355469 0.749769 0.018750 0.018056
0 0.354948 0.765509 0.018750 0.018056
0 0.354167 0.780787 0.018750 0.018056
0 0.353646 0.797917 0.018750 0.018056
0 0.352604 0.812731 0.018750 0.018056
0 0.352083 0.830324 0.018750 0.018056
0 0.379297 0.566667 0.019010 0.015741
0 0.379036 0.580556 0.019010 0.015741
0 0.378516 0.595833 0.019010 0.015741
0 0.378255 0.610185 0.019010 0.015741
0 0.377214 0.625926 0.019010 0.015741
0 0.376693 0.640741 0.019010 0.015741
0 0.376172 0.655556 0.019010 0.015741
0 0.375911 0.671759 0.019010 0.015741
0 0.375130 0.687037 0.019010 0.015741
0 0.374870 0.701389 0.019010 0.015741
0 0.373828 0.717130 0.019010 0.017593
0 0.373568 0.732870 0.019010 0.017593
0 0.373307 0.749537 0.019010 0.017593
0 0.372526 0.764352 0.019010 0.017593
0 0.372005 0.781019 0.019010 0.017593
0 0.371484 0.796759 0.019010 0.017593
0 0.370443 0.813889 0.019010 0.017593
0 0.370703 0.830093 0.019010 0.017593
0 0.397917 0.566898 0.018229 0.015278
0 0.397396 0.581019 0.018229 0.017593
0 0.396615 0.595370 0.018229 0.017593
0 0.396615 0.610648 0.018229 0.017593
0 0.395573 0.625463 0.018229 0.017593
0 0.395833 0.640741 0.018229 0.017593
0 0.394531 0.655093 0.018229 0.017593
0 0.394271 0.670833 0.018229 0.017593
0 0.393750 0.686111 0.018229 0.017593
0 0.393229 0.702315 0.018229 0.017593
0 0.393490 0.717130 0.018229 0.017593
0 0.392448 0.732870 0.018229 0.017593
0 0.392448 0.749537 0.019271 0.017593
0 0.391927 0.764815 0.019271 0.017593
0 0.391667 0.781019 0.019271 0.017593
0 0.390885 0.798148 0.019271 0.017593
0 0.390104 0.812500 0.019271 0.017593
0 0.390625 0.830093 0.019271 0.017593
0 0.414323 0.566435 0.018229 0.015278
0 0.414062 0.580787 0.018229 0.015278
0 0.414323 0.595602 0.018229 0.015278
0 0.413281 0.610880 0.018229 0.015278
0 0.413021 0.625231 0.018229 0.015278
0 0.412240 0.639120 0.018229 0.015278
0 0.412370 0.655556 0.019010 0.015741
0 0.411458 0.669907 0.019271 0.016667
0 0.411719 0.685648 0.019271 0.016667
0 0.411198 0.701389 0.019271 0.016667
0 0.410938 0.716667 0.019271 0.016667
0 0.410417 0.732407 0.019271 0.016667
0 0.409896 0.747222 0.019271 0.016667
0 0.410156 0.764815 0.019271 0.016667
0 0.409635 0.780556 0.019271 0.016667
0 0.409115 0.797222 0.019271 0.016667
0 0.408854 0.812963 0.019271 0.016667
0 0.408464 0.829630 0.019010 0.017593
0 0.433073 0.565972 0.018229 0.015278
0 0.432552 0.580324 0.018229 0.015278
0 0.432292 0.594676 0.018229 0.015278
0 0.431771 0.609028 0.018229 0.015278
0 0.431380 0.624306 0.017969 0.017130
0 0.431380 0.639583 0.017969 0.017130
0 0.430599 0.654861 0.017969 0.017130
0 0.430599 0.670139 0.017969 0.017130
0 0.430078 0.685880 0.017969 0.017130
0 0.429818 0.701620 0.017969 0.017130
0 0.429818 0.716435 0.017969 0.017130
0 0.429297 0.731944 0.018490 0.017593
0 0.429036 0.748611 0.018490 0.017593
0 0.428776 0.763889 0.018490 0.017593
0 0.428516 0.780556 0.018490 0.017593
0 0.427995 0.796759 0.018490 0.017593
0 0.428255 0.813889 0.018490 0.017593
0 0.427734 0.830093 0.018490 0.017593
0 0.449479 0.565509 0.018229 0.015278
0 0.448958 0.579861 0.018229 0.015278
0 0.448958 0.595602 0.018229 0.015278
0 0.448958 0.609491 0.018229 0.015278
0 0.448437 0.625231 0.018229 0.015278
0 0.448437 0.640972 0.018229 0.015278
0 0.448437 0.655324 0.018229 0.015278
0 0.447917 0.669213 0.018229 0.015278
0 0.447396 0.685417 0.018229 0.015278
0 0.447135 0.700694 0.018229 0.015278
0 0.446615 0.715972 0.018229 0.015278
0 0.446745 0.732639 0.018490 0.017130
0 0.446484 0.747917 0.018490 0.017130
0 0.446484 0.763657 0.018490 0.017130
0 0.446224 0.780324 0.018490 0.017130
0 0.445964 0.796528 0.018490 0.017130
0 0.445443 0.813889 0.018490 0.019444
0 0.445443 0.830093 0.018490 0.018519
0 0.468229 0.566898 0.018229 0.015278
0 0.467708 0.580324 0.018229 0.016204
0 0.467708 0.595139 0.018229 0.016204
0 0.467187 0.608565 0.018229 0.016204
0 0.467448 0.624769 0.018229 0.016204
0 0.467187 0.639120 0.018229 0.016204
0 0.466927 0.654398 0.018229 0.016204
0 0.466927 0.668750 0.018229 0.016204
0 0.466667 0.685417 0.018229 0.016204
0 0.466927 0.700694 0.018229 0.016204
0 0.466667 0.715509 0.018229 0.016204
0 0.466667 0.731250 0.018229 0.016204
0 0.465885 0.747917 0.018229 0.016204
0 0.465365 0.764815 0.019271 0.018519
0 0.466146 0.780093 0.019271 0.018519
0 0.465885 0.796296 0.019271 0.018519
0 0.465365 0.812963 0.019271 0.018519
0 0.465365 0.831019 0.019271 0.018519
0 0.484375 0.565509 0.018229 0.015278
0 0.484375 0.580787 0.018229 0.015278
0 0.484896 0.594213 0.018229 0.015278
0 0.484375 0.609491 0.018229 0.015278
0 0.483854 0.624306 0.018229 0.015278
0 0.484375 0.638657 0.018229 0.015278
0 0.484375 0.654398 0.018229 0.015278
0 0.483984 0.669676 0.018490 0.017130
0 0.484245 0.684954 0.018490 0.017130
0 0.483724 0.700231 0.018490 0.017130
0 0.484245 0.716435 0.018490 0.017130
0 0.483724 0.732639 0.018490 0.017130
0 0.483984 0.747454 0.018490 0.017130
0 0.483333 0.764120 0.018750 0.018981
0 0.483594 0.781713 0.018750 0.018981
0 0.483333 0.796528 0.018750 0.018981
0 0.483333 0.813657 0.018750 0.018981
0 0.483073 0.829398 0.018750 0.018981
0 0.503125 0.566435 0.018229 0.015278
0 0.503125 0.579861 0.018229 0.015278
0 0.502604 0.594676 0.018229 0.015278
0 0.503385 0.609954 0.018229 0.015278
0 0.502865 0.624306 0.018229 0.015278
0 0.502474 0.639352 0.018490 0.017593
0 0.502995 0.653704 0.018490 0.017593
0 0.502474 0.669907 0.018490 0.017593
0 0.502995 0.684722 0.018490 0.017593
0 0.502995 0.700463 0.018490 0.017593
0 0.502734 0.715741 0.018490 0.017593
0 0.503255 0.731481 0.018490 0.017593
0 0.502474 0.747222 0.018490 0.017593
0 0.502734 0.764815 0.018490 0.017593
0 0.503125 0.780093 0.018229 0.018519
0 0.503125 0.796296 0.019271 0.019444
0 0.503125 0.814352 0.019271 0.019444
0 0.503646 0.830093 0.019271 0.019444
0 0.519531 0.565046 0.018229 0.015278
0 0.520052 0.580787 0.018229 0.015278
0 0.520052 0.594213 0.018229 0.015278
0 0.519531 0.609954 0.018229 0.015278
0 0.520573 0.624769 0.018229 0.015278
0 0.520312 0.639583 0.018229 0.015278
0 0.520573 0.654861 0.018229 0.015278
0 0.520312 0.669213 0.018229 0.018056
0 0.520312 0.685880 0.018229 0.018056
0 0.520052 0.700694 0.018229 0.018056
0 0.520312 0.716435 0.018229 0.018056
0 0.520573 0.732176 0.018229 0.018056
0 0.520833 0.748380 0.018229 0.018056
0 0.521094 0.763194 0.018229 0.018056
0 0.521094 0.780787 0.018229 0.018056
0 0.521354 0.796991 0.018229 0.018056
0 0.521615 0.812731 0.018229 0.018056
0 0.521094 0.829861 0.018750 0.018056
0 0.536719 0.565509 0.018229 0.015278
0 0.536719 0.579398 0.018229 0.015278
0 0.536979 0.595139 0.018229 0.015278
0 0.537240 0.610880 0.018229 0.015278
0 0.537240 0.624769 0.018750 0.016204
0 0.537240 0.639583 0.018750 0.016204
0 0.537760 0.653935 0.018750 0.016204
0 0.537500 0.670602 0.018750 0.016204
0 0.537760 0.684491 0.018750 0.016204
0 0.538281 0.700694 0.018750 0.016204
0 0.538021 0.716435 0.018750 0.016204
0 0.538542 0.732176 0.018750 0.016204
0 0.538672 0.748148 0.019010 0.018519
0 0.538932 0.765278 0.019010 0.018519
0 0.538672 0.780556 0.019010 0.018519
0 0.539193 0.797222 0.019010 0.018519
0 0.539714 0.813426 0.019010 0.018519
0 0.539453 0.830556 0.019010 0.018519
0 0.553646 0.565046 0.018229 0.015278
0 0.553646 0.579861 0.018229 0.015278
0 0.554167 0.594676 0.018229 0.015278
0 0.553906 0.609954 0.018229 0.015278
0 0.554427 0.624306 0.018229 0.015278
0 0.554297 0.639352 0.018490 0.017593
0 0.554557 0.654630 0.018490 0.017593
0 0.554818 0.669907 0.018490 0.017593
0 0.554818 0.685185 0.018490 0.017593
0 0.555339 0.701389 0.018490 0.017593
0 0.555599 0.716667 0.018490 0.017593
0 0.555859 0.731019 0.018490 0.017593
0 0.556120 0.748148 0.018490 0.017593
0 0.556641 0.764352 0.018490 0.017593
0 0.556641 0.780093 0.018490 0.017593
0 0.557292 0.797222 0.018750 0.019444
0 0.557031 0.812963 0.018750 0.019444
0 0.557552 0.830556 0.018750 0.019444
0 0.571875 0.565046 0.018229 0.015278
0 0.572135 0.579630 0.018750 0.017593
0 0.572656 0.594444 0.018750 0.017593
0 0.573438 0.608796 0.018750 0.017593
0 0.572396 0.624537 0.018750 0.017593
0 0.574219 0.638426 0.018750 0.017593
0 0.574219 0.654167 0.018750 0.017593
0 0.574479 0.669444 0.018750 0.017593
0 0.575000 0.685185 0.018750 0.017593
0 0.575260 0.700926 0.018750 0.017593
0 0.576042 0.716204 0.018750 0.017593
0 0.576302 0.733333 0.018750 0.017593
0 0.577083 0.747685 0.018750 0.017593
0 0.577083 0.765278 0.018750 0.017593
0 0.577083 0.780556 0.018750 0.017593
0 0.578125 0.796759 0.018750 0.017593
0 0.578255 0.812963 0.019531 0.018519
0 0.579036 0.830093 0.019531 0.018519
0 0.588802 0.565046 0.018229 0.015278
0 0.589323 0.579861 0.018229 0.015278
0 0.589583 0.594676 0.018229 0.015278
0 0.590365 0.609028 0.018229 0.015278
0 0.590365 0.624769 0.018229 0.015278
0 0.590885 0.638657 0.018750 0.016204
0 0.591406 0.654398 0.018750 0.016204
0 0.591667 0.670139 0.018750 0.016204
0 0.591927 0.685880 0.018750 0.016204
0 0.592969 0.701157 0.018750 0.016204
0 0.593229 0.716898 0.019271 0.017130
0 0.593750 0.732639 0.019271 0.017130
0 0.594531 0.747454 0.019271 0.017130
0 0.594792 0.764120 0.019271 0.017130
0 0.595313 0.780787 0.019271 0.017130
0 0.596094 0.796991 0.019271 0.017130
0 0.596615 0.812731 0.019271 0.017130
0 0.596875 0.829398 0.019271 0.017130
0 0.608073 0.565509 0.018229 0.015278
0 0.608594 0.579861 0.018229 0.015278
0 0.608854 0.593750 0.018229 0.015278
0 0.609375 0.609028 0.018229 0.015278
0 0.609635 0.623380 0.018229 0.015278
0 0.610026 0.639120 0.018490 0.017130
0 0.610547 0.654861 0.018490 0.017130
0 0.611328 0.669213 0.018490 0.017130
0 0.611589 0.684491 0.018490 0.017130
0 0.611979 0.700463 0.019271 0.018519
0 0.613021 0.716204 0.019271 0.018519
0 0.613281 0.732407 0.019271 0.018519
0 0.613802 0.748148 0.019271 0.018519
0 0.614583 0.764352 0.019271 0.018519
0 0.614844 0.780093 0.019271 0.018519
0 0.615625 0.797222 0.019271 0.018519
0 0.615625 0.811574 0.019271 0.018519
0 0.615625 0.830093 0.019271 0.018519
0 0.624479 0.565509 0.018229 0.015278
0 0.625521 0.578935 0.018229 0.015278
0 0.625521 0.593750 0.018229 0.015278
0 0.626302 0.609028 0.018229 0.015278
0 0.627344 0.624769 0.018229 0.015278
0 0.627734 0.638889 0.018490 0.016667
0 0.627995 0.654630 0.018490 0.016667
0 0.628516 0.669444 0.018490 0.016667
0 0.628776 0.685185 0.018490 0.016667
0 0.629297 0.700463 0.018490 0.016667
0 0.630078 0.716204 0.018490 0.016667
0 0.631120 0.732407 0.018490 0.016667
0 0.631380 0.749074 0.018490 0.016667
0 0.631380 0.764352 0.018490 0.016667
0 0.632422 0.781019 0.018490 0.016667
0 0.633203 0.796296 0.018490 0.016667
0 0.634245 0.812037 0.018490 0.016667
0 0.634245 0.829167 0.018490 0.016667
0 0.644531 0.565046 0.018229 0.015278
0 0.644792 0.580324 0.018229 0.015278
0 0.645312 0.595139 0.018229 0.015278
0 0.645833 0.608565 0.018229 0.015278
0 0.646354 0.624306 0.018229 0.015278
0 0.647266 0.640046 0.018490 0.017130
0 0.647786 0.653935 0.018490 0.017130
0 0.648307 0.669213 0.018490 0.017130
0 0.648568 0.684954 0.018490 0.017130
0 0.649609 0.701620 0.018490 0.017130
0 0.650391 0.716435 0.018490 0.017130
0 0.650911 0.732639 0.018490 0.017130
0 0.651172 0.748611 0.019531 0.016667
0 0.652474 0.764352 0.019531 0.016667
0 0.652734 0.781481 0.019531 0.016667
0 0.653255 0.797454 0.019531 0.018056
0 0.654297 0.813194 0.019531 0.018056
0 0.654557 0.830324 0.019531 0.018056
0 0.661198 0.565509 0.018229 0.015278
0 0.662240 0.579861 0.018229 0.015278
0 0.662760 0.594676 0.018229 0.015278
0 0.663802 0.609491 0.018229 0.015278
0 0.664062 0.624769 0.018229 0.015278
0 0.664323 0.640046 0.018229 0.015278
0 0.664844 0.654861 0.018229 0.015278
0 0.665365 0.669676 0.018229 0.015278
0 0.666146 0.684954 0.018229 0.015278
0 0.666927 0.700231 0.018229 0.015278
0 0.668099 0.717361 0.018490 0.017130
0 0.668359 0.733102 0.018490 0.017130
0 0.669141 0.748843 0.018490 0.017130
0 0.669661 0.763657 0.018490 0.017130
0 0.670443 0.780787 0.018490 0.017130
0 0.671484 0.796991 0.018490 0.017130
0 0.671484 0.812731 0.018490 0.017130
0 0.672135 0.830093 0.018750 0.017593
0 0.680208 0.565509 0.018229 0.015278
0 0.680729 0.580324 0.018229 0.015278
0 0.681771 0.594213 0.018229 0.015278
0 0.682552 0.609028 0.018229 0.015278
0 0.682682 0.624306 0.019531 0.016204
0 0.683724 0.640509 0.019531 0.016204
0 0.684766 0.655324 0.019531 0.016204
0 0.685807 0.670139 0.019531 0.016204
0 0.686589 0.685417 0.019531 0.016204
0 0.686849 0.701157 0.019531 0.016204
0 0.688151 0.717824 0.019531 0.016204
0 0.688411 0.733565 0.019531 0.016204
0 0.689193 0.748380 0.019531 0.016204
0 0.689974 0.763657 0.019531 0.016204
0 0.691016 0.780324 0.019531 0.016204
0 0.691797 0.797454 0.019531 0.016204
0 0.692578 0.812963 0.019531 0.017593
0 0.692839 0.829630 0.019531 0.017593
0 0.697135 0.565046 0.018229 0.015278
0 0.697917 0.580787 0.018229 0.015278
0 0.698698 0.594676 0.018229 0.015278
0 0.699219 0.609491 0.018750 0.017130
0 0.700000 0.625231 0.018750 0.017130
0 0.701042 0.639120 0.018750 0.017130
0 0.701823 0.654861 0.018750 0.017130
0 0.702604 0.670602 0.018750 0.017130
0 0.703646 0.686806 0.018750 0.017130
0 0.704427 0.701157 0.018750 0.017130
0 0.704948 0.716435 0.018750 0.017130
0 0.706250 0.733565 0.018750 0.017130
0 0.706901 0.749074 0.019531 0.017593
0 0.707682 0.764352 0.019531 0.017593
0 0.708724 0.781481 0.019531 0.017593
0 0.709245 0.796759 0.019531 0.017593
0 0.710547 0.813889 0.019531 0.017593
0 0.711328 0.829630 0.019531 0.017593
0 0.276042 0.135417 0.008333 0.019907
0 0.282031 0.134491 0.008333 0.019907
0 0.289323 0.134954 0.008333 0.019907
0 0.295833 0.133565 0.008333 0.019907
0 0.302344 0.132639 0.008333 0.019907
0 0.309115 0.132639 0.008333 0.019907
0 0.315365 0.131713 0.008333 0.019907
0 0.322135 0.130787 0.008333 0.019907
0 0.329167 0.129398 0.008333 0.019907
0 0.273958 0.154398 0.008854 0.020833
0 0.280729 0.153009 0.008854 0.020833
0 0.287500 0.153009 0.008854 0.020833
0 0.294531 0.152083 0.008854 0.020833
0 0.301823 0.151620 0.008854 0.020833
0 0.308854 0.151157 0.008854 0.020833
0 0.315365 0.150694 0.008854 0.020833
0 0.322396 0.149769 0.008854 0.020833
0 0.328906 0.149306 0.008854 0.020833
0 0.271615 0.179398 0.008854 0.022685
0 0.278385 0.178472 0.009375 0.023611
0 0.285677 0.179398 0.008854 0.021759
0 0.292448 0.178935 0.008854 0.021759
0 0.299479 0.178009 0.008854 0.021759
0 0.306510 0.177546 0.008854 0.021759
0 0.313542 0.176620 0.008854 0.021759
0 0.320833 0.175231 0.008854 0.021759
0 0.327734 0.175231 0.008073 0.021759
0 0.269531 0.200231 0.008854 0.022685
0 0.276693 0.198380 0.009635 0.021759
0 0.284245 0.198380 0.009635 0.021759
0 0.290495 0.197917 0.009635 0.021759
0 0.297786 0.197917 0.009635 0.021759
0 0.305599 0.196528 0.009635 0.021759
0 0.312370 0.196528 0.009635 0.021759
0 0.319141 0.196065 0.009635 0.021759
0 0.326302 0.195139 0.008854 0.021759
