0 0.258594 0.884028 0.018750 0.017130
0 0.258854 0.867361 0.018750 0.017130
0 0.260156 0.850231 0.018750 0.017130
0 0.260417 0.832639 0.018750 0.017130
0 0.261198 0.816435 0.018750 0.017130
0 0.261979 0.798843 0.018750 0.017130
0 0.262500 0.782176 0.018750 0.017130
0 0.262760 0.765509 0.018750 0.017130
0 0.263281 0.749306 0.018750 0.017130
0 0.281771 0.748380 0.018750 0.017130
0 0.281250 0.765509 0.018750 0.017130
0 0.280729 0.782176 0.018750 0.017130
0 0.279948 0.798380 0.018750 0.017130
0 0.279427 0.815046 0.018750 0.017130
0 0.278646 0.832176 0.018750 0.017130
0 0.278385 0.849769 0.018750 0.017130
0 0.277604 0.866898 0.018750 0.017130
0 0.276823 0.884028 0.018750 0.017130
0 0.298698 0.883565 0.018750 0.017130
0 0.298698 0.865972 0.018750 0.017130
0 0.299479 0.848843 0.018750 0.017130
0 0.300000 0.832176 0.018750 0.017130
0 0.300781 0.815046 0.018750 0.017130
0 0.301302 0.798380 0.018750 0.017130
0 0.301563 0.781250 0.018750 0.017130
0 0.302083 0.765509 0.018750 0.017130
0 0.302865 0.748843 0.018750 0.017130
0 0.320833 0.747917 0.018750 0.017130
0 0.320312 0.764583 0.018750 0.017130
0 0.319531 0.781713 0.018750 0.017130
0 0.319271 0.797917 0.018750 0.017130
0 0.319271 0.815046 0.018750 0.017130
0 0.318490 0.831713 0.018750 0.017130
0 0.317708 0.848843 0.018750 0.017130
0 0.317708 0.865972 0.018750 0.017130
0 0.317448 0.883102 0.018750 0.017130
0 0.337760 0.883102 0.018750 0.017130
0 0.338021 0.865509 0.018750 0.017130
0 0.338542 0.848380 0.018750 0.017130
0 0.339062 0.831713 0.018750 0.017130
0 0.338802 0.814583 0.018750 0.017130
0 0.339583 0.797454 0.018750 0.017130
0 0.339844 0.781250 0.018750 0.017130
0 0.340365 0.764583 0.018750 0.017130
0 0.340885 0.747917 0.018750 0.017130
0 0.359375 0.747454 0.018750 0.017130
0 0.358594 0.763657 0.018750 0.017130
0 0.358594 0.780787 0.018750 0.017130
0 0.357812 0.797454 0.018750 0.017130
0 0.357552 0.814120 0.018750 0.017130
0 0.356510 0.848380 0.018750 0.017130
0 0.356510 0.830324 0.018750 0.017130
0 0.356510 0.865972 0.018750 0.017130
0 0.356250 0.883102 0.018750 0.017130
0 0.377344 0.882639 0.018750 0.017130
0 0.377604 0.865046 0.018750 0.017130
0 0.377865 0.847917 0.018750 0.017130
0 0.378125 0.830787 0.018750 0.017130
0 0.378385 0.814120 0.018750 0.017130
0 0.378906 0.797917 0.018750 0.017130
0 0.379167 0.780324 0.018750 0.017130
0 0.379427 0.763194 0.018750 0.017130
0 0.379688 0.746528 0.018750 0.017130
0 0.398177 0.746528 0.018750 0.017130
0 0.397656 0.762731 0.018750 0.017130
0 0.397396 0.779398 0.018750 0.017130
0 0.396875 0.796528 0.018750 0.017130
0 0.396875 0.814120 0.018750 0.017130
0 0.396615 0.830787 0.018750 0.017130
0 0.396354 0.848380 0.018750 0.017130
0 0.396354 0.865046 0.018750 0.017130
0 0.396354 0.883102 0.018750 0.017130
0 0.417448 0.882176 0.018750 0.017130
0 0.417448 0.865046 0.018750 0.017130
0 0.417708 0.847454 0.018750 0.017130
0 0.417708 0.830787 0.018750 0.017130
0 0.417969 0.813657 0.018750 0.017130
0 0.417969 0.796991 0.018750 0.017130
0 0.418229 0.779398 0.018750 0.017130
0 0.418490 0.762731 0.018750 0.017130
0 0.418490 0.746065 0.018750 0.017130
0 0.436719 0.746065 0.018750 0.017130
0 0.436719 0.762731 0.018750 0.017130
0 0.436719 0.779398 0.018750 0.017130
0 0.436458 0.796528 0.018750 0.017130
0 0.436458 0.813194 0.018750 0.017130
0 0.436458 0.830324 0.018750 0.017130
0 0.435937 0.846991 0.018750 0.017130
0 0.435677 0.864120 0.018750 0.017130
0 0.435937 0.882176 0.018750 0.017130
0 0.454948 0.881250 0.018750 0.017130
0 0.455208 0.864583 0.018750 0.017130
0 0.455208 0.846528 0.018750 0.017130
0 0.455208 0.829861 0.018750 0.017130
0 0.453906 0.797454 0.018750 0.017130
0 0.453906 0.781250 0.018750 0.017130
0 0.454167 0.764120 0.018750 0.017130
0 0.453906 0.747917 0.018750 0.017130
0 0.472135 0.746528 0.018750 0.017130
0 0.472396 0.763194 0.018750 0.017130
0 0.472135 0.780787 0.018750 0.017130
0 0.472396 0.797917 0.018750 0.017130
0 0.473958 0.829861 0.018750 0.017130
0 0.473958 0.846528 0.018750 0.017130
0 0.473438 0.864583 0.018750 0.017130
0 0.473438 0.881713 0.018750 0.017130
0 0.492448 0.881713 0.018750 0.017130
0 0.491927 0.864120 0.018750 0.017130
0 0.492448 0.846991 0.018750 0.017130
0 0.492448 0.828935 0.018750 0.017130
0 0.490365 0.797917 0.018750 0.017130
0 0.490625 0.779861 0.018750 0.017130
0 0.490625 0.763657 0.018750 0.017130
0 0.490365 0.746528 0.018750 0.017130
0 0.515885 0.744676 0.018750 0.017130
0 0.516146 0.760880 0.018750 0.017130
0 0.516146 0.778009 0.018750 0.017130
0 0.516146 0.795139 0.018750 0.017130
0 0.516146 0.812731 0.018750 0.017130
0 0.516146 0.830324 0.018750 0.017130
0 0.516406 0.847454 0.018750 0.017130
0 0.516667 0.864583 0.018750 0.017130
0 0.516927 0.881250 0.018750 0.017130
0 0.538281 0.882176 0.018750 0.017130
0 0.538021 0.864120 0.018750 0.017130
0 0.538021 0.846528 0.018750 0.017130
0 0.537240 0.829861 0.018750 0.017130
0 0.536979 0.812269 0.018750 0.017130
0 0.537240 0.794676 0.018750 0.017130
0 0.536979 0.778472 0.018750 0.017130
0 0.536719 0.761343 0.018750 0.017130
0 0.536458 0.744676 0.018750 0.017130
0 0.554688 0.744213 0.018750 0.017130
0 0.554948 0.761343 0.018750 0.017130
0 0.555208 0.778009 0.018750 0.017130
0 0.555469 0.795602 0.018750 0.017130
0 0.555990 0.812269 0.018750 0.017130
0 0.555990 0.830324 0.018750 0.017130
0 0.556250 0.846991 0.018750 0.017130
0 0.556771 0.864583 0.018750 0.017130
0 0.556771 0.881250 0.018750 0.017130
0 0.577865 0.880787 0.018750 0.017130
0 0.577604 0.864120 0.018750 0.017130
0 0.577344 0.846991 0.018750 0.017130
0 0.577083 0.829861 0.018750 0.017130
0 0.576823 0.812731 0.018750 0.017130
0 0.576562 0.795139 0.018750 0.017130
0 0.575781 0.778472 0.018750 0.017130
0 0.575521 0.761343 0.018750 0.017130
0 0.575260 0.745139 0.018750 0.017130
0 0.593750 0.744213 0.018750 0.017130
0 0.594271 0.760880 0.018750 0.017130
0 0.594531 0.778009 0.018750 0.017130
0 0.594792 0.795139 0.018750 0.017130
0 0.594792 0.812269 0.018750 0.017130
0 0.595313 0.829398 0.018750 0.017130
0 0.595833 0.846065 0.018750 0.017130
0 0.595833 0.863194 0.018750 0.017130
0 0.596615 0.880787 0.018750 0.017130
0 0.619271 0.880787 0.018750 0.017130
0 0.618750 0.863657 0.018750 0.017130
0 0.618490 0.846528 0.018750 0.017130
0 0.617969 0.828935 0.018750 0.017130
0 0.617448 0.812731 0.018750 0.017130
0 0.617188 0.795139 0.018750 0.017130
0 0.616667 0.778009 0.018750 0.017130
0 0.616406 0.761343 0.018750 0.017130
0 0.615885 0.745139 0.018750 0.017130
0 0.633854 0.744676 0.018750 0.017130
0 0.634635 0.761343 0.018750 0.017130
0 0.634896 0.778472 0.018750 0.017130
0 0.635156 0.795602 0.018750 0.017130
0 0.636198 0.812731 0.018750 0.017130
0 0.635938 0.829398 0.018750 0.017130
0 0.636979 0.846528 0.018750 0.017130
0 0.637500 0.864120 0.018750 0.017130
0 0.638021 0.880787 0.018750 0.017130
0 0.659115 0.880787 0.018750 0.017130
0 0.658333 0.863194 0.018750 0.017130
0 0.657292 0.830324 0.018750 0.017130
0 0.657552 0.845139 0.018750 0.017130
0 0.657031 0.811806 0.018750 0.017130
0 0.656250 0.795602 0.018750 0.017130
0 0.655729 0.778935 0.018750 0.017130
0 0.655208 0.761806 0.018750 0.017130
0 0.654427 0.746065 0.018750 0.017130
0 0.672917 0.745139 0.018750 0.017130
0 0.673177 0.762269 0.018750 0.017130
0 0.673698 0.778009 0.018750 0.017130
0 0.674479 0.795139 0.018750 0.017130
0 0.675000 0.812269 0.018750 0.017130
0 0.675521 0.829398 0.018750 0.017130
0 0.676042 0.845602 0.018750 0.017130
0 0.676823 0.862731 0.018750 0.017130
0 0.677604 0.880324 0.018750 0.017130
0 0.698438 0.886343 0.018750 0.017130
0 0.698177 0.868750 0.018750 0.017130
0 0.697396 0.851620 0.018750 0.017130
0 0.696615 0.834954 0.018750 0.017130
0 0.695833 0.817361 0.018750 0.017130
0 0.695312 0.800694 0.018750 0.017130
0 0.694792 0.784028 0.018750 0.017130
0 0.694010 0.766435 0.018750 0.017130
0 0.693229 0.750231 0.018750 0.017130
0 0.692969 0.733102 0.018750 0.017130
0 0.692448 0.718287 0.018750 0.017130
0 0.691667 0.701620 0.018750 0.017130
0 0.691146 0.684954 0.018750 0.017130
0 0.690365 0.668750 0.018750 0.017130
0 0.689583 0.652083 0.018750 0.017130
0 0.688802 0.636343 0.018750 0.017130
0 0.688281 0.620602 0.018750 0.017130
0 0.688021 0.604861 0.018750 0.017130
0 0.687500 0.589583 0.018750 0.017130
0 0.686979 0.574306 0.018750 0.017130
0 0.686458 0.559954 0.018750 0.017130
0 0.685937 0.545602 0.018750 0.017130
0 0.685417 0.530787 0.018750 0.017130
0 0.684896 0.516435 0.018750 0.017130
0 0.684375 0.501620 0.018750 0.017130
0 0.683854 0.487731 0.018750 0.017130
0 0.663542 0.490278 0.018229 0.016667
0 0.663542 0.505093 0.018229 0.016667
0 0.664062 0.520370 0.018229 0.016667
0 0.664583 0.534722 0.018229 0.016667
0 0.665104 0.549074 0.018229 0.016667
0 0.665625 0.563426 0.018229 0.016667
0 0.666146 0.578241 0.018229 0.016667
0 0.666667 0.593056 0.018229 0.016667
0 0.667188 0.608333 0.018229 0.016667
0 0.668229 0.625463 0.018229 0.016667
0 0.668750 0.641204 0.018229 0.016667
0 0.669531 0.657407 0.018229 0.016667
0 0.669792 0.672685 0.018229 0.016667
0 0.670312 0.689352 0.018229 0.016667
0 0.671094 0.705093 0.018229 0.016667
0 0.671615 0.721759 0.018229 0.016667
0 0.653906 0.722222 0.018229 0.016667
0 0.653125 0.706019 0.018229 0.016667
0 0.652604 0.689815 0.018229 0.016667
0 0.652083 0.673148 0.018229 0.016667
0 0.651823 0.656944 0.018229 0.016667
0 0.651042 0.641667 0.018229 0.016667
0 0.650260 0.625000 0.018229 0.016667
0 0.649219 0.608333 0.018229 0.016667
0 0.648698 0.592130 0.018229 0.016667
0 0.648177 0.577315 0.018229 0.016667
0 0.647656 0.562037 0.018229 0.016667
0 0.647135 0.546759 0.018229 0.016667
0 0.646615 0.531481 0.018229 0.016667
0 0.646354 0.514815 0.018229 0.016667
0 0.627865 0.531019 0.018229 0.016667
0 0.627865 0.545833 0.018229 0.016667
0 0.628646 0.561574 0.018229 0.016667
0 0.629167 0.577778 0.018229 0.016667
0 0.629687 0.593056 0.018229 0.016667
0 0.630208 0.608796 0.018229 0.016667
0 0.630729 0.625000 0.018229 0.016667
0 0.631250 0.640278 0.018229 0.016667
0 0.631250 0.656944 0.018229 0.016667
0 0.631771 0.672222 0.018229 0.016667
0 0.632552 0.688426 0.018229 0.016667
0 0.633333 0.705093 0.018229 0.016667
0 0.633594 0.722222 0.018229 0.016667
0 0.615365 0.722222 0.018229 0.016667
0 0.614844 0.705556 0.018229 0.016667
0 0.614583 0.688426 0.018229 0.016667
0 0.613802 0.672685 0.018229 0.016667
0 0.613542 0.656944 0.018229 0.016667
0 0.613021 0.640278 0.018229 0.016667
0 0.612760 0.625000 0.018229 0.016667
0 0.612500 0.608333 0.018229 0.016667
0 0.611719 0.593056 0.018229 0.016667
0 0.611458 0.576852 0.018229 0.016667
0 0.611198 0.562037 0.018229 0.016667
0 0.610677 0.546296 0.018229 0.016667
0 0.610417 0.531481 0.018229 0.016667
0 0.589063 0.532407 0.018229 0.016667
0 0.588802 0.546759 0.018229 0.016667
0 0.588802 0.563426 0.018229 0.016667
0 0.589583 0.578241 0.018229 0.016667
0 0.590104 0.593519 0.018229 0.016667
0 0.590625 0.609722 0.018229 0.016667
0 0.590625 0.625463 0.018229 0.016667
0 0.591406 0.641667 0.018229 0.016667
0 0.591667 0.657407 0.018229 0.016667
0 0.592187 0.673148 0.018229 0.016667
0 0.592448 0.689815 0.018229 0.016667
0 0.592969 0.706019 0.018229 0.016667
0 0.593229 0.722685 0.018229 0.016667
0 0.575000 0.722685 0.018229 0.016667
0 0.574479 0.706944 0.018229 0.016667
0 0.573958 0.689815 0.018229 0.016667
0 0.573958 0.673148 0.018229 0.016667
0 0.573958 0.656944 0.018229 0.016667
0 0.573177 0.641204 0.018229 0.016667
0 0.573177 0.625000 0.018229 0.016667
0 0.572656 0.610648 0.018229 0.016667
0 0.572656 0.593981 0.018229 0.016667
0 0.572135 0.577778 0.018229 0.016667
0 0.571875 0.563426 0.018229 0.016667
0 0.571615 0.548148 0.018229 0.016667
0 0.571615 0.532407 0.018229 0.016667
0 0.551302 0.532870 0.018229 0.016667
0 0.552083 0.547685 0.018229 0.016667
0 0.551823 0.562963 0.018229 0.016667
0 0.552344 0.578704 0.018229 0.016667
0 0.551823 0.594907 0.018229 0.016667
0 0.552344 0.609259 0.018229 0.016667
0 0.552865 0.625926 0.018229 0.016667
0 0.552865 0.641204 0.018229 0.016667
0 0.553125 0.657407 0.018229 0.016667
0 0.553125 0.673611 0.018229 0.016667
0 0.553385 0.690278 0.018229 0.016667
0 0.553906 0.706019 0.018229 0.016667
0 0.554167 0.722685 0.018229 0.016667
0 0.536198 0.723148 0.018229 0.016667
0 0.535937 0.706481 0.018229 0.016667
0 0.535937 0.689815 0.018229 0.016667
0 0.535417 0.674074 0.018229 0.016667
0 0.535417 0.657870 0.018229 0.016667
0 0.535156 0.641204 0.018229 0.016667
0 0.534896 0.625463 0.018229 0.016667
0 0.535417 0.610648 0.018229 0.016667
0 0.535156 0.594907 0.018229 0.016667
0 0.534635 0.578704 0.018229 0.016667
0 0.534635 0.564352 0.018229 0.016667
0 0.534635 0.548148 0.018229 0.016667
0 0.534375 0.532407 0.018229 0.016667
0 0.514844 0.532870 0.018229 0.016667
0 0.514323 0.548611 0.018229 0.016667
0 0.514583 0.563889 0.018229 0.016667
0 0.514844 0.579167 0.018229 0.016667
0 0.514844 0.593981 0.018229 0.016667
0 0.514583 0.610185 0.018229 0.016667
0 0.515104 0.625000 0.018229 0.016667
0 0.515104 0.642130 0.018229 0.016667
0 0.515104 0.656944 0.018229 0.016667
0 0.515365 0.673148 0.018229 0.016667
0 0.514844 0.690278 0.018229 0.016667
0 0.515365 0.705556 0.018229 0.016667
0 0.515365 0.721759 0.018229 0.016667
0 0.497396 0.705556 0.018229 0.016667
0 0.497656 0.688889 0.018229 0.016667
0 0.497656 0.673611 0.018229 0.016667
0 0.497135 0.657870 0.018229 0.016667
0 0.497396 0.640741 0.018229 0.016667
0 0.497396 0.625926 0.018229 0.016667
0 0.497656 0.609722 0.018229 0.016667
0 0.497135 0.594444 0.018229 0.016667
0 0.496875 0.579167 0.018229 0.016667
0 0.497396 0.563426 0.018229 0.016667
0 0.497656 0.547685 0.018229 0.016667
0 0.497396 0.532870 0.018229 0.016667
0 0.477344 0.532870 0.018229 0.016667
0 0.477083 0.547685 0.018229 0.016667
0 0.477083 0.563889 0.018229 0.016667
0 0.477083 0.578704 0.018229 0.016667
0 0.477083 0.594444 0.018229 0.016667
0 0.476823 0.610185 0.018229 0.016667
0 0.476823 0.625000 0.018229 0.016667
0 0.477083 0.641204 0.018229 0.016667
0 0.476823 0.656481 0.018229 0.016667
0 0.476562 0.672222 0.018229 0.016667
0 0.476823 0.689352 0.018229 0.016667
0 0.476562 0.705556 0.018229 0.016667
0 0.458854 0.705556 0.018229 0.016667
0 0.459115 0.688889 0.018229 0.016667
0 0.459115 0.674074 0.018229 0.016667
0 0.459375 0.657407 0.018229 0.016667
0 0.459635 0.641667 0.018229 0.016667
0 0.459375 0.625926 0.018229 0.016667
0 0.459635 0.610185 0.018229 0.016667
0 0.459635 0.594444 0.018229 0.016667
0 0.459896 0.578704 0.018229 0.016667
0 0.459896 0.563889 0.018229 0.016667
0 0.459896 0.547685 0.018229 0.016667
0 0.460156 0.532870 0.018229 0.016667
0 0.439063 0.533796 0.018229 0.016667
0 0.439063 0.548148 0.018229 0.016667
0 0.438802 0.563426 0.018229 0.016667
0 0.438542 0.578241 0.018229 0.016667
0 0.438542 0.593981 0.018229 0.016667
0 0.438281 0.609722 0.018229 0.016667
0 0.438021 0.625926 0.018229 0.016667
0 0.437760 0.641667 0.018229 0.016667
0 0.437500 0.656944 0.018229 0.016667
0 0.437500 0.673611 0.018229 0.016667
0 0.437240 0.688889 0.018229 0.016667
0 0.437240 0.706019 0.018229 0.016667
0 0.437240 0.721759 0.018229 0.016667
0 0.419271 0.722685 0.018229 0.016667
0 0.419271 0.706019 0.018229 0.016667
0 0.419531 0.689352 0.018229 0.016667
0 0.419792 0.673611 0.018229 0.016667
0 0.420052 0.656944 0.018229 0.016667
0 0.420573 0.641667 0.018229 0.016667
0 0.420573 0.625926 0.018229 0.016667
0 0.420833 0.610185 0.018229 0.016667
0 0.420312 0.595370 0.018229 0.016667
0 0.420833 0.579630 0.018229 0.016667
0 0.421354 0.608333 0.018229 0.016667
0 0.421354 0.548611 0.018229 0.016667
0 0.421615 0.534259 0.018229 0.016667
0 0.401823 0.533796 0.018229 0.016667
0 0.401042 0.549074 0.018229 0.016667
0 0.400781 0.564352 0.018229 0.016667
0 0.400781 0.579630 0.018229 0.016667
0 0.400521 0.594907 0.018229 0.016667
0 0.400521 0.608796 0.018229 0.016667
0 0.383073 0.610185 0.018229 0.016667
0 0.383073 0.594444 0.018229 0.016667
0 0.383073 0.580556 0.018229 0.016667
0 0.383594 0.564352 0.018229 0.016667
0 0.384115 0.549537 0.018229 0.016667
0 0.384115 0.533796 0.018229 0.016667
0 0.364323 0.534259 0.018229 0.016667
0 0.363802 0.549537 0.018229 0.016667
0 0.363281 0.563889 0.018229 0.016667
0 0.363021 0.580556 0.018229 0.016667
0 0.362500 0.595370 0.018229 0.016667
0 0.362240 0.611111 0.018229 0.016667
0 0.361719 0.626389 0.018229 0.016667
0 0.361458 0.641667 0.018229 0.016667
0 0.361198 0.658333 0.018229 0.016667
0 0.360938 0.674537 0.018229 0.016667
0 0.360156 0.690278 0.018229 0.016667
0 0.360156 0.706019 0.018229 0.016667
0 0.359375 0.723148 0.018229 0.016667
0 0.380469 0.723148 0.018229 0.016667
0 0.380990 0.706944 0.018229 0.016667
0 0.381250 0.690741 0.018229 0.016667
0 0.382031 0.674074 0.018229 0.016667
0 0.399740 0.673611 0.018229 0.016667
0 0.398958 0.690741 0.018229 0.016667
0 0.399219 0.705556 0.018229 0.016667
0 0.398438 0.723148 0.018229 0.016667
0 0.341667 0.724074 0.018229 0.016667
0 0.341667 0.707870 0.018229 0.016667
0 0.342708 0.690741 0.018229 0.016667
0 0.343229 0.674074 0.018229 0.016667
0 0.343490 0.658796 0.018229 0.016667
0 0.343490 0.642593 0.018229 0.016667
0 0.344010 0.626852 0.018229 0.016667
0 0.344531 0.611574 0.018229 0.016667
0 0.344792 0.595833 0.018229 0.016667
0 0.344792 0.580093 0.018229 0.016667
0 0.346094 0.564352 0.018229 0.016667
0 0.346615 0.549074 0.018229 0.016667
0 0.346615 0.534259 0.018229 0.016667
0 0.326823 0.533796 0.018229 0.016667
0 0.326562 0.549537 0.018229 0.016667
0 0.326042 0.565278 0.018229 0.016667
0 0.325781 0.581481 0.018229 0.016667
0 0.325260 0.595833 0.018229 0.016667
0 0.324740 0.611574 0.018229 0.016667
0 0.323958 0.626852 0.018229 0.016667
0 0.323698 0.642593 0.018229 0.016667
0 0.323177 0.659259 0.018229 0.016667
0 0.322917 0.675000 0.018229 0.016667
0 0.322396 0.691204 0.018229 0.016667
0 0.322135 0.706944 0.018229 0.016667
0 0.321354 0.723611 0.018229 0.016667
0 0.303646 0.724074 0.018229 0.016667
0 0.303646 0.707870 0.018229 0.016667
0 0.304688 0.692130 0.018229 0.016667
0 0.304427 0.675000 0.018229 0.016667
0 0.305469 0.659722 0.018229 0.016667
0 0.305990 0.643981 0.018229 0.016667
0 0.306771 0.626852 0.018229 0.016667
0 0.307031 0.611574 0.018229 0.016667
0 0.307292 0.595833 0.018229 0.016667
0 0.307812 0.581019 0.018229 0.016667
0 0.308333 0.565278 0.018229 0.016667
0 0.308854 0.550000 0.018229 0.016667
0 0.309375 0.535185 0.018229 0.016667
0 0.289062 0.534722 0.018229 0.016667
0 0.288281 0.550000 0.018229 0.016667
0 0.288021 0.564815 0.018229 0.016667
0 0.287760 0.581481 0.018229 0.016667
0 0.287240 0.596759 0.018229 0.016667
0 0.286458 0.612037 0.018229 0.016667
0 0.285938 0.628241 0.018229 0.016667
0 0.285417 0.643981 0.018229 0.016667
0 0.284635 0.660185 0.018229 0.016667
0 0.283854 0.675926 0.018229 0.016667
0 0.283594 0.692593 0.018229 0.016667
0 0.283073 0.708333 0.018229 0.016667
0 0.282552 0.724074 0.018229 0.016667
0 0.264844 0.725000 0.018229 0.016667
0 0.265104 0.708796 0.018229 0.016667
0 0.265885 0.691667 0.018229 0.016667
0 0.266406 0.675463 0.018229 0.016667
0 0.266927 0.660185 0.018229 0.016667
0 0.267708 0.643981 0.018229 0.016667
0 0.268229 0.627315 0.018229 0.016667
0 0.268750 0.612037 0.018229 0.016667
0 0.269271 0.596759 0.018229 0.016667
0 0.270052 0.580556 0.018229 0.016667
0 0.270313 0.566204 0.018229 0.016667
0 0.270833 0.550463 0.018229 0.016667
0 0.271354 0.536574 0.018229 0.016667
0 0.272396 0.515741 0.018229 0.016667
0 0.273177 0.500463 0.018229 0.016667
0 0.290885 0.500463 0.018229 0.016667
0 0.289844 0.516204 0.018229 0.016667
0 0.309896 0.515278 0.018229 0.016667
0 0.310677 0.500000 0.018229 0.016667
0 0.367188 0.485185 0.018229 0.016667
0 0.367969 0.465509 0.017708 0.013426
0 0.368229 0.453472 0.017708 0.013426
0 0.386979 0.454398 0.017708 0.013426
0 0.386458 0.466435 0.017708 0.013426
0 0.386198 0.484954 0.017708 0.013426
0 0.404167 0.485417 0.017708 0.013426
0 0.404427 0.465972 0.017708 0.013426
0 0.404948 0.453472 0.017708 0.013426
0 0.423438 0.453935 0.017708 0.013426
0 0.422917 0.465509 0.017708 0.013426
0 0.422396 0.482176 0.017708 0.015278
0 0.422917 0.496528 0.017708 0.015278
0 0.440625 0.496528 0.017708 0.015278
0 0.441146 0.483102 0.017708 0.015278
0 0.441536 0.465278 0.016927 0.013889
0 0.441276 0.453704 0.016927 0.013889
0 0.460286 0.453241 0.016927 0.013889
0 0.460547 0.465278 0.016927 0.013889
0 0.460026 0.482639 0.016927 0.015278
0 0.460286 0.496528 0.016927 0.015278
0 0.476953 0.496528 0.016927 0.015278
0 0.476432 0.481713 0.016927 0.015278
0 0.477083 0.464815 0.017188 0.013889
0 0.477083 0.453241 0.017188 0.013889
0 0.495573 0.452778 0.017188 0.013889
0 0.496094 0.465741 0.017188 0.013889
0 0.496224 0.482407 0.017448 0.015741
0 0.495964 0.496759 0.017448 0.015741
0 0.513411 0.497222 0.017448 0.015741
0 0.513151 0.482407 0.017448 0.015741
0 0.513932 0.464815 0.017448 0.015741
0 0.513542 0.452083 0.017708 0.015278
0 0.532292 0.453009 0.017708 0.015278
0 0.532292 0.465046 0.017708 0.015278
0 0.533333 0.482176 0.017708 0.015278
0 0.532292 0.496065 0.017708 0.015278
0 0.551042 0.496528 0.017708 0.015278
0 0.550781 0.482176 0.017708 0.015278
0 0.550651 0.463889 0.017969 0.013889
0 0.550130 0.453241 0.017969 0.013889
0 0.569401 0.451852 0.017969 0.013889
0 0.569401 0.463889 0.017969 0.013889
0 0.569922 0.482407 0.017969 0.013889
0 0.570443 0.496296 0.017969 0.013889
0 0.587630 0.495833 0.017969 0.013889
0 0.587630 0.481481 0.017969 0.013889
0 0.586849 0.463889 0.017969 0.013889
0 0.586068 0.450926 0.017969 0.013889
0 0.267578 0.464815 0.019010 0.013889
0 0.268359 0.452315 0.019010 0.013889
0 0.269922 0.439120 0.018490 0.013426
0 0.270703 0.427083 0.018490 0.013426
0 0.272005 0.414120 0.018490 0.013426
0 0.273047 0.401620 0.018490 0.013426
0 0.274349 0.389583 0.018490 0.013426
0 0.275391 0.377546 0.018490 0.013426
0 0.276432 0.365509 0.018490 0.013426
0 0.277995 0.353009 0.018490 0.013426
0 0.279818 0.330324 0.018490 0.013426
0 0.277995 0.340509 0.018490 0.013426
0 0.281641 0.319676 0.018490 0.013426
0 0.282682 0.307870 0.017969 0.012963
0 0.283203 0.297685 0.017969 0.012963
0 0.284896 0.286806 0.017188 0.011574
0 0.299479 0.286806 0.017188 0.011574
0 0.298958 0.297917 0.017188 0.011574
0 0.297917 0.308102 0.017188 0.011574
0 0.296615 0.319213 0.017188 0.011574
0 0.296094 0.330324 0.017188 0.011574
0 0.294271 0.341435 0.017188 0.011574
0 0.294010 0.352546 0.017188 0.011574
0 0.292969 0.364120 0.017188 0.011574
0 0.292187 0.375694 0.017188 0.011574
0 0.291146 0.386806 0.017188 0.011574
0 0.290365 0.398380 0.017188 0.011574
0 0.288802 0.410880 0.017188 0.011574
0 0.288021 0.421991 0.017188 0.011574
0 0.286719 0.434491 0.017188 0.011574
0 0.285938 0.446065 0.017188 0.011574
0 0.285156 0.458565 0.018229 0.013426
0 0.284115 0.471065 0.018229 0.013426
0 0.303385 0.471991 0.018229 0.013426
0 0.304427 0.458565 0.018229 0.013426
0 0.305469 0.445370 0.017708 0.013889
0 0.306250 0.433333 0.017708 0.013889
0 0.307031 0.421759 0.017708 0.013889
0 0.307812 0.409259 0.017708 0.013889
0 0.309115 0.397454 0.017188 0.012500
0 0.309375 0.386343 0.017188 0.012500
0 0.310417 0.375231 0.017188 0.012500
0 0.311458 0.363657 0.017188 0.012500
0 0.312240 0.352546 0.017188 0.012500
0 0.313021 0.340972 0.017188 0.012500
0 0.314063 0.330324 0.017188 0.012500
0 0.314583 0.319213 0.017188 0.012500
0 0.315625 0.308102 0.017188 0.012500
0 0.316406 0.297917 0.017188 0.012500
0 0.316927 0.286806 0.017188 0.012500
0 0.332813 0.286806 0.017188 0.012500
0 0.331510 0.297917 0.017188 0.012500
0 0.330469 0.308102 0.017188 0.012500
0 0.330208 0.319213 0.017188 0.012500
0 0.329167 0.330324 0.017188 0.012500
0 0.328906 0.340972 0.017188 0.012500
0 0.327865 0.351620 0.017188 0.012500
0 0.327344 0.363657 0.017188 0.012500
0 0.326302 0.374769 0.017188 0.012500
0 0.325521 0.386343 0.017188 0.012500
0 0.324740 0.397917 0.017188 0.012500
0 0.323958 0.409954 0.017188 0.012500
0 0.323177 0.421528 0.017188 0.012500
0 0.322396 0.433565 0.017188 0.012500
0 0.321615 0.446065 0.017188 0.012500
0 0.322266 0.458102 0.018490 0.013426
0 0.320703 0.471065 0.018490 0.013426
0 0.340885 0.444907 0.017188 0.013889
0 0.341667 0.432870 0.017188 0.013889
0 0.342187 0.421296 0.017188 0.013889
0 0.343229 0.408796 0.017188 0.013889
0 0.343750 0.397685 0.017188 0.013889
0 0.344531 0.387037 0.017188 0.013889
0 0.345313 0.375463 0.017188 0.013889
0 0.345573 0.363426 0.017188 0.013889
0 0.346615 0.352315 0.017188 0.013889
0 0.346615 0.341667 0.017188 0.013889
0 0.347396 0.330093 0.017188 0.013889
0 0.347656 0.319444 0.017188 0.013889
0 0.348958 0.307407 0.017188 0.013889
0 0.350000 0.297222 0.017188 0.013889
0 0.350260 0.286111 0.017188 0.013889
0 0.365365 0.285880 0.016146 0.012500
0 0.365104 0.296991 0.016146 0.012500
0 0.364323 0.307639 0.016146 0.012500
0 0.363802 0.318750 0.016146 0.012500
0 0.363542 0.329398 0.016146 0.012500
0 0.362500 0.340509 0.016146 0.012500
0 0.362240 0.352083 0.016146 0.012500
0 0.361458 0.363194 0.016146 0.012500
0 0.360938 0.374769 0.016146 0.012500
0 0.360417 0.386343 0.016146 0.012500
0 0.360156 0.397454 0.016146 0.012500
0 0.359375 0.409028 0.016146 0.012500
0 0.358333 0.420602 0.016146 0.012500
0 0.358073 0.433102 0.016146 0.012500
0 0.357292 0.445602 0.016146 0.012500
0 0.376823 0.445139 0.016146 0.012500
0 0.377083 0.431713 0.016146 0.012500
0 0.377865 0.420139 0.016146 0.012500
0 0.377865 0.409028 0.016146 0.012500
0 0.378906 0.396528 0.016146 0.012500
0 0.379167 0.384954 0.016146 0.012500
0 0.379167 0.374306 0.016146 0.012500
0 0.379948 0.362731 0.016146 0.012500
0 0.380208 0.352083 0.016146 0.012500
0 0.380729 0.340509 0.016146 0.012500
0 0.380990 0.329398 0.016146 0.012500
0 0.381771 0.318287 0.016146 0.012500
0 0.382292 0.307639 0.016146 0.012500
0 0.382552 0.296991 0.016146 0.012500
0 0.398698 0.275231 0.016146 0.012500
0 0.398438 0.285417 0.016146 0.012500
0 0.398177 0.295602 0.016146 0.012500
0 0.397917 0.306250 0.016146 0.012500
0 0.397396 0.317361 0.016146 0.012500
0 0.396875 0.328009 0.016146 0.012500
0 0.396094 0.352083 0.016146 0.012500
0 0.396875 0.339583 0.016146 0.012500
0 0.395833 0.362269 0.016146 0.012500
0 0.395313 0.374306 0.016146 0.012500
0 0.395052 0.384954 0.016146 0.012500
0 0.394271 0.396991 0.016146 0.012500
0 0.394271 0.409028 0.016146 0.012500
0 0.393750 0.420602 0.016146 0.012500
0 0.393229 0.432176 0.016146 0.012500
0 0.392969 0.444213 0.016146 0.012500
0 0.409115 0.443750 0.016146 0.012500
0 0.409115 0.431713 0.016146 0.012500
0 0.409896 0.419676 0.016146 0.012500
0 0.410156 0.408102 0.016146 0.012500
0 0.410417 0.396528 0.016146 0.012500
0 0.410938 0.384954 0.016146 0.012500
0 0.410938 0.373843 0.016146 0.012500
0 0.411198 0.361806 0.016146 0.012500
0 0.411719 0.350694 0.016146 0.012500
0 0.411719 0.340046 0.016146 0.012500
0 0.412240 0.328935 0.016146 0.012500
0 0.412760 0.317824 0.016146 0.012500
0 0.413021 0.306713 0.016146 0.012500
0 0.413021 0.296065 0.016146 0.012500
0 0.413021 0.284954 0.016146 0.012500
0 0.413672 0.273843 0.016406 0.012500
0 0.427995 0.296991 0.016406 0.012500
0 0.427995 0.306713 0.016406 0.012500
0 0.427995 0.317824 0.016406 0.012500
0 0.427734 0.328935 0.016406 0.012500
0 0.427474 0.340046 0.016406 0.012500
0 0.427474 0.350231 0.016406 0.012500
0 0.427214 0.361343 0.016406 0.012500
0 0.426953 0.373843 0.016406 0.012500
0 0.425911 0.384491 0.016406 0.012500
0 0.426693 0.396065 0.016406 0.012500
0 0.426172 0.407639 0.016406 0.012500
0 0.425911 0.419213 0.016406 0.012500
0 0.425911 0.431250 0.016406 0.012500
0 0.425130 0.443750 0.016406 0.012500
0 0.444141 0.443287 0.016406 0.012500
0 0.443880 0.430787 0.016406 0.012500
0 0.444401 0.419213 0.016406 0.012500
0 0.444661 0.407176 0.016406 0.012500
0 0.444661 0.395602 0.016406 0.012500
0 0.444661 0.384028 0.016406 0.012500
0 0.444922 0.372454 0.016406 0.012500
0 0.445182 0.362269 0.016406 0.012500
0 0.445182 0.350231 0.016406 0.012500
0 0.444922 0.339583 0.016406 0.012500
0 0.445182 0.328935 0.016406 0.012500
0 0.445182 0.316898 0.016406 0.012500
0 0.445703 0.306250 0.016406 0.012500
0 0.445703 0.295602 0.016406 0.012500
0 0.445964 0.285880 0.016406 0.012500
0 0.460807 0.284954 0.016406 0.012500
0 0.461068 0.296065 0.016406 0.012500
0 0.460547 0.306250 0.016406 0.012500
0 0.460807 0.316898 0.016406 0.012500
0 0.460807 0.328472 0.016406 0.012500
0 0.460547 0.339120 0.016406 0.012500
0 0.460807 0.350231 0.016406 0.012500
0 0.460547 0.361806 0.016406 0.012500
0 0.460547 0.372917 0.016406 0.012500
0 0.460286 0.384491 0.016406 0.012500
0 0.460286 0.395602 0.016406 0.012500
0 0.460286 0.406713 0.016406 0.012500
0 0.460026 0.418287 0.016406 0.012500
0 0.460026 0.430324 0.016406 0.012500
0 0.460286 0.443287 0.016406 0.012500
0 0.477995 0.442361 0.016406 0.012500
0 0.478776 0.430324 0.016406 0.012500
0 0.478255 0.418750 0.016406 0.012500
0 0.478516 0.406713 0.016406 0.012500
0 0.478255 0.395139 0.016406 0.012500
0 0.478776 0.383565 0.016406 0.012500
0 0.478516 0.371528 0.016406 0.012500
0 0.478255 0.361343 0.016406 0.012500
0 0.478776 0.349306 0.016406 0.012500
0 0.478516 0.339120 0.016406 0.012500
0 0.478255 0.328009 0.016406 0.012500
0 0.478516 0.316898 0.016406 0.012500
0 0.478255 0.305787 0.016406 0.012500
0 0.478776 0.295602 0.016406 0.012500
0 0.478776 0.284954 0.016406 0.012500
0 0.479036 0.274769 0.016406 0.012500
0 0.493880 0.295602 0.016406 0.012500
0 0.493880 0.306250 0.016406 0.012500
0 0.493620 0.317361 0.016406 0.012500
0 0.493620 0.328472 0.016406 0.012500
0 0.493880 0.339120 0.016406 0.012500
0 0.493880 0.349769 0.016406 0.012500
0 0.494141 0.361343 0.016406 0.012500
0 0.494141 0.372454 0.016406 0.012500
0 0.494141 0.383565 0.016406 0.012500
0 0.494401 0.406713 0.016406 0.012500
0 0.493620 0.393750 0.016406 0.012500
0 0.494141 0.418750 0.016406 0.012500
0 0.494661 0.430324 0.016406 0.012500
0 0.494661 0.442361 0.016406 0.012500
0 0.516276 0.441435 0.016406 0.012500
0 0.516536 0.429861 0.016406 0.012500
0 0.516016 0.417824 0.016406 0.012500
0 0.515755 0.405787 0.016406 0.012500
0 0.515755 0.394676 0.016406 0.012500
0 0.515495 0.383565 0.016406 0.012500
0 0.515234 0.371991 0.016406 0.012500
0 0.515234 0.360417 0.016406 0.012500
0 0.515495 0.349306 0.016406 0.012500
0 0.514714 0.338194 0.016406 0.012500
0 0.514714 0.327546 0.016406 0.012500
0 0.514193 0.315972 0.016406 0.012500
0 0.514714 0.305787 0.016406 0.012500
0 0.514453 0.294676 0.016406 0.012500
0 0.513932 0.284028 0.016406 0.012500
0 0.514193 0.273843 0.016406 0.012500
0 0.531120 0.294676 0.016406 0.012500
0 0.530599 0.305787 0.016406 0.012500
0 0.530859 0.315972 0.016406 0.012500
0 0.531120 0.326620 0.016406 0.012500
0 0.531380 0.338657 0.016406 0.012500
0 0.531380 0.349306 0.016406 0.012500
0 0.531901 0.360417 0.016406 0.012500
0 0.532682 0.371065 0.016406 0.012500
0 0.532422 0.383102 0.016406 0.012500
0 0.532943 0.394676 0.016406 0.012500
0 0.532943 0.406713 0.016406 0.012500
0 0.533203 0.418287 0.016406 0.012500
0 0.533464 0.429861 0.016406 0.012500
0 0.533724 0.441435 0.016406 0.012500
0 0.554818 0.440509 0.016406 0.012500
0 0.554818 0.428472 0.016406 0.012500
0 0.554557 0.416435 0.016406 0.012500
0 0.554036 0.405324 0.016406 0.012500
0 0.553776 0.393287 0.016406 0.012500
0 0.553255 0.382176 0.016406 0.012500
0 0.552995 0.370139 0.016406 0.012500
0 0.552734 0.358565 0.016406 0.012500
0 0.552214 0.349306 0.016406 0.012500
0 0.551953 0.337269 0.016406 0.012500
0 0.551432 0.326620 0.016406 0.012500
0 0.551172 0.315972 0.016406 0.012500
0 0.551172 0.304398 0.016406 0.012500
0 0.550911 0.293750 0.016406 0.012500
0 0.550130 0.282639 0.016406 0.012500
0 0.549609 0.272917 0.016406 0.012500
0 0.549349 0.262269 0.016406 0.012500
0 0.549609 0.251620 0.016406 0.012500
0 0.548828 0.241435 0.016406 0.012500
0 0.548307 0.230787 0.016406 0.012500
0 0.548307 0.220602 0.016406 0.012500
0 0.548047 0.210880 0.016406 0.012500
0 0.547266 0.200231 0.016406 0.012500
0 0.547005 0.191898 0.016406 0.012500
0 0.562370 0.189583 0.016406 0.012500
0 0.562370 0.200231 0.016406 0.012500
0 0.562630 0.210880 0.016406 0.012500
0 0.562891 0.220139 0.016406 0.012500
0 0.563411 0.230787 0.016406 0.012500
0 0.563672 0.241898 0.016406 0.012500
0 0.564193 0.250694 0.016406 0.012500
0 0.564453 0.261343 0.016406 0.012500
0 0.564974 0.271991 0.016406 0.012500
0 0.565495 0.282639 0.016406 0.012500
0 0.565755 0.293287 0.016406 0.012500
0 0.566276 0.303935 0.016406 0.012500
0 0.566276 0.314583 0.016406 0.012500
0 0.566536 0.326157 0.016406 0.012500
0 0.567318 0.336806 0.016406 0.012500
0 0.568099 0.347454 0.016406 0.012500
0 0.567839 0.358565 0.016406 0.012500
0 0.568359 0.370139 0.016406 0.012500
0 0.569401 0.381713 0.016406 0.012500
0 0.569661 0.393287 0.016406 0.012500
0 0.570182 0.404861 0.016406 0.012500
0 0.570443 0.416435 0.016406 0.012500
0 0.570443 0.428935 0.016406 0.012500
0 0.571484 0.440046 0.016406 0.012500
0 0.587630 0.439583 0.016406 0.012500
0 0.587370 0.427083 0.016406 0.012500
0 0.585807 0.403935 0.016406 0.012500
0 0.585807 0.414120 0.016406 0.012500
0 0.585807 0.391435 0.016406 0.012500
0 0.585286 0.380787 0.016406 0.012500
0 0.583984 0.369676 0.016406 0.012500
0 0.583984 0.358102 0.016406 0.012500
0 0.582943 0.346991 0.016406 0.012500
0 0.582943 0.335880 0.016406 0.012500
0 0.582422 0.324769 0.016406 0.012500
0 0.582161 0.314120 0.016406 0.012500
0 0.581120 0.302546 0.016406 0.012500
0 0.581120 0.292824 0.016406 0.012500
0 0.579818 0.259954 0.016406 0.012500
0 0.578516 0.250231 0.016406 0.012500
0 0.579036 0.239583 0.016406 0.012500
0 0.578255 0.230787 0.016406 0.012500
0 0.577734 0.220139 0.016406 0.012500
0 0.577474 0.210417 0.016406 0.012500
0 0.576693 0.199769 0.016406 0.012500
0 0.576172 0.190046 0.016406 0.012500
0 0.593359 0.188889 0.015365 0.011111
0 0.593620 0.199537 0.015365 0.011111
0 0.594141 0.209722 0.015365 0.011111
0 0.594922 0.219444 0.015365 0.011111
0 0.595703 0.229630 0.015365 0.011111
0 0.595964 0.239815 0.015365 0.011111
0 0.596484 0.250463 0.015365 0.011111
0 0.597005 0.259722 0.015365 0.011111
0 0.598047 0.270833 0.015365 0.011111
0 0.598307 0.281019 0.015365 0.011111
0 0.599089 0.292130 0.015365 0.011111
0 0.599349 0.302315 0.015365 0.011111
0 0.599870 0.313426 0.015365 0.011111
0 0.600391 0.324074 0.015365 0.011111
0 0.600911 0.335185 0.015365 0.011111
0 0.601432 0.346296 0.015365 0.011111
0 0.602474 0.357870 0.015365 0.011111
0 0.602734 0.368981 0.015365 0.011111
0 0.603255 0.380093 0.015365 0.011111
0 0.603776 0.391667 0.015365 0.011111
0 0.604948 0.403472 0.016146 0.012500
0 0.605469 0.415046 0.016146 0.012500
0 0.605990 0.426620 0.016146 0.012500
0 0.606771 0.438657 0.016146 0.012500
0 0.622526 0.438426 0.015885 0.012037
0 0.622005 0.426389 0.015885 0.012037
0 0.621224 0.414352 0.015885 0.012037
0 0.620703 0.403241 0.015885 0.012037
0 0.619922 0.391204 0.015885 0.012037
0 0.618880 0.379630 0.015885 0.012037
0 0.618880 0.368981 0.015885 0.012037
0 0.618099 0.356944 0.015885 0.012037
0 0.617578 0.346296 0.015885 0.012037
0 0.616536 0.334722 0.015885 0.012037
0 0.616016 0.323148 0.015885 0.012037
0 0.615234 0.312500 0.015885 0.012037
0 0.614714 0.301389 0.015885 0.012037
0 0.613672 0.291204 0.015885 0.012037
0 0.613411 0.280556 0.015885 0.012037
0 0.612891 0.269907 0.015885 0.012037
0 0.612630 0.259259 0.015885 0.012037
0 0.611589 0.249074 0.015885 0.012037
0 0.611068 0.238889 0.015885 0.012037
0 0.610286 0.228241 0.015885 0.012037
0 0.609505 0.218519 0.015885 0.012037
0 0.609245 0.208333 0.015885 0.012037
0 0.607682 0.188426 0.015885 0.012037
0 0.608203 0.197222 0.015885 0.012037
0 0.625130 0.195370 0.015885 0.012037
0 0.625651 0.206019 0.015885 0.012037
0 0.626432 0.215741 0.015885 0.012037
0 0.627214 0.225000 0.015885 0.012037
0 0.627995 0.236111 0.015885 0.012037
0 0.628776 0.245833 0.015885 0.012037
0 0.629036 0.256481 0.015885 0.012037
0 0.630078 0.267593 0.015885 0.012037
0 0.630859 0.278241 0.015885 0.012037
0 0.631120 0.287500 0.015885 0.012037
0 0.632161 0.299074 0.015885 0.012037
0 0.632682 0.309259 0.015885 0.012037
0 0.633724 0.320370 0.015885 0.012037
0 0.634245 0.331944 0.015885 0.012037
0 0.635286 0.342130 0.015885 0.012037
0 0.635807 0.353241 0.015885 0.012037
0 0.636589 0.365278 0.015885 0.012037
0 0.637109 0.376389 0.015885 0.012037
0 0.638151 0.387963 0.015885 0.012037
0 0.638932 0.399074 0.015885 0.012037
0 0.639714 0.411111 0.016927 0.012963
0 0.640495 0.423148 0.016927 0.012963
0 0.641797 0.434722 0.016927 0.012963
0 0.642839 0.446296 0.016927 0.012963
0 0.643359 0.459259 0.016927 0.012963
0 0.644401 0.471296 0.016927 0.012963
0 0.660807 0.470833 0.016927 0.012963
0 0.660026 0.457870 0.016927 0.012963
0 0.658724 0.445833 0.016927 0.012963
0 0.657943 0.433333 0.016927 0.012963
0 0.656901 0.422222 0.016927 0.012963
0 0.655859 0.410185 0.016927 0.012963
0 0.655078 0.399074 0.016927 0.012963
0 0.653776 0.387037 0.016927 0.012963
0 0.652995 0.375000 0.016927 0.012963
0 0.652474 0.364352 0.016927 0.012963
0 0.651432 0.353241 0.016927 0.012963
0 0.650911 0.341204 0.016927 0.012963
0 0.650130 0.331019 0.016927 0.012963
0 0.648828 0.320370 0.016927 0.012963
0 0.648307 0.309259 0.016927 0.012963
0 0.647266 0.298611 0.016927 0.012963
0 0.646745 0.287500 0.016927 0.012963
0 0.645703 0.276852 0.016927 0.012963
0 0.644922 0.266667 0.016927 0.012963
0 0.645182 0.257870 0.016927 0.012963
0 0.643099 0.245833 0.016927 0.012963
0 0.642578 0.235185 0.016927 0.012963
0 0.642318 0.225000 0.016927 0.012963
0 0.641276 0.215741 0.016927 0.012963
0 0.640755 0.205556 0.016927 0.012963
0 0.639974 0.194907 0.016927 0.012963
0 0.655859 0.194907 0.015885 0.012963
0 0.656641 0.205093 0.015885 0.012963
0 0.657943 0.214815 0.015885 0.012963
0 0.657943 0.225000 0.015885 0.012963
0 0.659245 0.235185 0.015885 0.012963
0 0.660286 0.245833 0.015885 0.012963
0 0.661328 0.255556 0.015885 0.012963
0 0.662370 0.265278 0.015885 0.012963
0 0.663151 0.276389 0.015885 0.012963
0 0.664193 0.286574 0.015885 0.012963
0 0.665234 0.297222 0.015885 0.012963
0 0.666016 0.308333 0.015885 0.012963
0 0.667057 0.319444 0.015885 0.012963
0 0.668099 0.329630 0.015885 0.012963
0 0.668880 0.341204 0.015885 0.012963
0 0.669922 0.351852 0.015885 0.012963
0 0.670964 0.363426 0.015885 0.012963
0 0.672266 0.374537 0.016406 0.012963
0 0.673047 0.386574 0.016406 0.012963
0 0.674089 0.397685 0.016406 0.012963
0 0.675391 0.409259 0.016406 0.012963
0 0.676432 0.421296 0.016406 0.012963
0 0.677474 0.433796 0.016406 0.012963
0 0.678906 0.446065 0.017708 0.013426
0 0.680208 0.457639 0.017708 0.013426
0 0.680990 0.469676 0.017708 0.013426
0 0.287370 0.254630 0.016406 0.011111
0 0.287891 0.244907 0.016406 0.011111
0 0.289193 0.234722 0.016406 0.011111
0 0.289974 0.225463 0.016406 0.011111
0 0.291016 0.214815 0.016406 0.011111
0 0.292057 0.204167 0.016406 0.011111
0 0.292578 0.195370 0.016406 0.011111
0 0.293880 0.185648 0.016406 0.011111
0 0.294401 0.175463 0.016406 0.011111
0 0.294401 0.162963 0.016406 0.011111
0 0.295182 0.154167 0.016406 0.011111
0 0.295964 0.143981 0.016406 0.011111
0 0.311068 0.144444 0.016406 0.011111
0 0.310286 0.154167 0.016406 0.011111
0 0.308984 0.163889 0.016406 0.011111
0 0.309245 0.175926 0.016406 0.011111
0 0.307943 0.184722 0.016406 0.011111
0 0.307161 0.194444 0.016406 0.011111
0 0.306120 0.204630 0.016406 0.011111
0 0.305599 0.214815 0.016406 0.011111
0 0.304818 0.225000 0.016406 0.011111
0 0.304036 0.234722 0.016406 0.011111
0 0.302734 0.244444 0.016406 0.011111
0 0.301953 0.254630 0.016406 0.011111
0 0.319661 0.254167 0.016406 0.011111
0 0.320443 0.244444 0.016406 0.011111
0 0.321224 0.233796 0.016406 0.011111
0 0.322005 0.224537 0.016406 0.011111
0 0.322526 0.214352 0.016406 0.011111
0 0.323568 0.204630 0.016406 0.011111
0 0.324349 0.194444 0.016406 0.011111
0 0.325391 0.184722 0.016406 0.011111
0 0.325911 0.175463 0.016406 0.011111
0 0.326693 0.162963 0.016406 0.011111
0 0.327734 0.153704 0.016406 0.011111
0 0.328255 0.143519 0.016406 0.011111
0 0.343099 0.144444 0.016406 0.011111
0 0.342578 0.153241 0.016406 0.011111
0 0.342318 0.162963 0.016406 0.011111
0 0.340755 0.175463 0.016406 0.011111
0 0.339453 0.184722 0.016406 0.011111
0 0.338672 0.194444 0.016406 0.011111
0 0.338411 0.204630 0.016406 0.011111
0 0.337891 0.213426 0.016406 0.011111
0 0.335547 0.243981 0.016406 0.011111
0 0.336328 0.223148 0.016406 0.011111
0 0.335547 0.233333 0.016406 0.011111
0 0.334766 0.254630 0.016406 0.011111
0 0.351953 0.254167 0.016406 0.011111
0 0.353255 0.244444 0.016406 0.011111
0 0.353776 0.234722 0.016406 0.011111
0 0.354297 0.223148 0.016406 0.011111
0 0.355339 0.203704 0.016406 0.011111
0 0.354297 0.212963 0.016406 0.011111
0 0.355859 0.193981 0.016406 0.011111
0 0.357161 0.184722 0.016406 0.011111
0 0.357161 0.175000 0.016406 0.011111
0 0.356641 0.162963 0.016406 0.011111
0 0.358203 0.152778 0.016406 0.011111
0 0.357943 0.143056 0.016406 0.011111
0 0.373047 0.143056 0.016406 0.011111
0 0.372526 0.153241 0.016406 0.011111
0 0.371745 0.162963 0.016406 0.011111
0 0.371745 0.174074 0.016406 0.011111
0 0.371484 0.183796 0.016406 0.011111
0 0.370443 0.193981 0.016406 0.011111
0 0.370182 0.203704 0.016406 0.011111
0 0.369922 0.213426 0.016406 0.011111
0 0.369661 0.223148 0.016406 0.011111
0 0.368880 0.233333 0.016406 0.011111
0 0.368099 0.243519 0.016406 0.011111
0 0.367318 0.253241 0.016406 0.011111
0 0.384505 0.253704 0.016406 0.011111
0 0.385547 0.243519 0.016406 0.011111
0 0.386068 0.232870 0.016406 0.011111
0 0.386068 0.223611 0.016406 0.011111
0 0.386589 0.213426 0.016406 0.011111
0 0.386589 0.203704 0.016406 0.011111
0 0.386589 0.193519 0.016406 0.011111
0 0.387630 0.184259 0.016406 0.011111
0 0.388151 0.174074 0.016406 0.011111
0 0.386589 0.162037 0.016406 0.011111
0 0.387109 0.152315 0.016406 0.011111
0 0.387891 0.143056 0.016406 0.011111
0 0.402214 0.143056 0.016406 0.011111
0 0.401953 0.151852 0.016406 0.011111
0 0.401953 0.162037 0.016406 0.011111
0 0.402474 0.174074 0.016406 0.011111
0 0.401953 0.183796 0.016406 0.011111
0 0.401432 0.193519 0.016406 0.011111
0 0.401432 0.204167 0.016406 0.011111
0 0.401693 0.213426 0.016406 0.011111
0 0.400911 0.223611 0.016406 0.011111
0 0.400651 0.233796 0.016406 0.011111
0 0.400391 0.243981 0.016406 0.011111
0 0.399609 0.252778 0.016406 0.011111
0 0.414714 0.253704 0.016406 0.011111
0 0.415234 0.243519 0.016406 0.011111
0 0.415234 0.232870 0.016406 0.011111
0 0.415234 0.223148 0.016406 0.011111
0 0.415755 0.212500 0.016406 0.011111
0 0.416276 0.203241 0.016406 0.011111
0 0.416016 0.193519 0.016406 0.011111
0 0.416276 0.183333 0.016406 0.011111
0 0.416797 0.173611 0.016406 0.011111
0 0.416536 0.161574 0.016406 0.011111
0 0.417318 0.151852 0.016406 0.011111
0 0.417578 0.142130 0.016406 0.011111
0 0.432422 0.142130 0.016406 0.011111
0 0.431901 0.152315 0.016406 0.011111
0 0.432161 0.161111 0.016406 0.011111
0 0.431120 0.173611 0.016406 0.011111
0 0.431120 0.183333 0.016406 0.011111
0 0.431380 0.192593 0.016406 0.011111
0 0.430859 0.202315 0.016406 0.011111
0 0.430859 0.212500 0.016406 0.011111
0 0.430339 0.223148 0.016406 0.011111
0 0.430078 0.232870 0.016406 0.011111
0 0.430078 0.243519 0.016406 0.011111
0 0.430078 0.253704 0.016406 0.011111
0 0.446224 0.253704 0.016406 0.011111
0 0.446745 0.243056 0.016406 0.011111
0 0.447005 0.233333 0.016406 0.011111
0 0.447005 0.222685 0.016406 0.011111
0 0.447526 0.212500 0.016406 0.011111
0 0.447526 0.202778 0.016406 0.011111
0 0.447526 0.193056 0.016406 0.011111
0 0.447526 0.183796 0.016406 0.011111
0 0.447786 0.173611 0.016406 0.011111
0 0.447266 0.162500 0.016406 0.011111
0 0.447266 0.151389 0.016406 0.011111
0 0.447266 0.142130 0.016406 0.011111
0 0.462370 0.142593 0.016406 0.011111
0 0.462370 0.151852 0.016406 0.011111
0 0.462109 0.161574 0.016406 0.011111
0 0.462630 0.174074 0.016406 0.011111
0 0.462370 0.183333 0.016406 0.011111
0 0.462109 0.192593 0.016406 0.011111
0 0.462370 0.203241 0.016406 0.011111
0 0.462109 0.212963 0.016406 0.011111
0 0.462370 0.222685 0.016406 0.011111
0 0.461589 0.232407 0.016406 0.011111
0 0.461589 0.242593 0.016406 0.011111
0 0.461328 0.253241 0.016406 0.011111
0 0.478516 0.253704 0.016406 0.011111
0 0.478516 0.242593 0.016406 0.011111
0 0.478516 0.232407 0.016406 0.011111
0 0.478776 0.221296 0.016406 0.011111
0 0.478776 0.212500 0.016406 0.011111
0 0.479036 0.203241 0.016406 0.011111
0 0.479036 0.192130 0.016406 0.011111
0 0.479036 0.183333 0.016406 0.011111
0 0.479297 0.173611 0.016406 0.011111
0 0.478516 0.161574 0.016406 0.011111
0 0.478776 0.150926 0.016406 0.011111
0 0.478255 0.142130 0.016406 0.011111
0 0.493099 0.142130 0.016406 0.011111
0 0.493620 0.150926 0.016406 0.011111
0 0.493359 0.161111 0.016406 0.011111
0 0.493099 0.173148 0.016406 0.011111
0 0.493099 0.182870 0.016406 0.011111
0 0.493620 0.192130 0.016406 0.011111
0 0.493620 0.201852 0.016406 0.011111
0 0.493620 0.212037 0.016406 0.011111
0 0.493359 0.221759 0.016406 0.011111
0 0.493620 0.232870 0.016406 0.011111
0 0.493099 0.243056 0.016406 0.011111
0 0.492839 0.252778 0.016406 0.011111
0 0.513672 0.252778 0.016406 0.011111
0 0.514193 0.242130 0.016406 0.011111
0 0.514193 0.231481 0.016406 0.011111
0 0.513672 0.221759 0.016406 0.011111
0 0.513411 0.212037 0.016406 0.011111
0 0.513411 0.201852 0.016406 0.011111
0 0.513411 0.192593 0.016406 0.011111
0 0.512891 0.182407 0.016406 0.011111
0 0.512891 0.172685 0.016406 0.011111
0 0.511589 0.160648 0.016406 0.011111
0 0.511589 0.150926 0.016406 0.011111
0 0.511849 0.140741 0.016406 0.011111
0 0.526172 0.140741 0.016406 0.011111
0 0.526693 0.150463 0.016406 0.011111
0 0.526953 0.160185 0.016406 0.011111
0 0.527995 0.171759 0.016406 0.011111
0 0.528255 0.181944 0.016406 0.011111
0 0.528516 0.191667 0.016406 0.011111
0 0.528776 0.201389 0.016406 0.011111
0 0.528776 0.211574 0.016406 0.011111
0 0.529036 0.220833 0.016406 0.011111
0 0.529557 0.231944 0.016406 0.011111
0 0.529557 0.241667 0.016406 0.011111
0 0.529818 0.251852 0.016406 0.011111
