0 0.238411 0.381481 0.042448 0.080556
0 0.223177 0.459028 0.045833 0.083796
0 0.208203 0.545602 0.047656 0.092130
0 0.190365 0.639352 0.051562 0.099074
0 0.173307 0.742593 0.051302 0.105556
0 0.265885 0.384028 0.041667 0.081019
0 0.295312 0.384954 0.040104 0.075463
0 0.322786 0.386574 0.039844 0.077778
0 0.351693 0.390278 0.039323 0.078704
0 0.380469 0.391898 0.037500 0.075463
0 0.408854 0.395602 0.037500 0.075463
0 0.436849 0.396528 0.034115 0.077315
0 0.465365 0.397917 0.033854 0.081019
0 0.492708 0.400000 0.032292 0.078704
0 0.521094 0.403241 0.032292 0.078704
0 0.549609 0.405093 0.030990 0.078704
0 0.578255 0.406481 0.030990 0.078704
0 0.607292 0.408565 0.031771 0.081944
0 0.635938 0.410648 0.033854 0.085185
0 0.664193 0.412037 0.033073 0.082407
0 0.695312 0.415741 0.036979 0.082407
0 0.722917 0.415741 0.036979 0.082407
0 0.751563 0.420833 0.036979 0.082407
0 0.779687 0.421759 0.036979 0.082407
0 0.808594 0.425463 0.041146 0.082407
0 0.838932 0.426620 0.042448 0.082870
0 0.253646 0.462269 0.044271 0.084722
0 0.240104 0.548148 0.046875 0.089815
0 0.222786 0.642130 0.048698 0.101852
0 0.206641 0.744213 0.053906 0.107870
0 0.283594 0.465046 0.041146 0.081944
0 0.270313 0.549769 0.044792 0.089352
0 0.255208 0.643981 0.047917 0.099074
0 0.239453 0.746528 0.050781 0.107870
0 0.313802 0.465741 0.040625 0.083333
0 0.301563 0.551852 0.044271 0.087963
0 0.286849 0.646528 0.044531 0.099537
0 0.272656 0.749769 0.048438 0.108796
0 0.342187 0.468750 0.038542 0.081944
0 0.320573 0.646759 0.046354 0.102778
0 0.307682 0.750231 0.047656 0.109722
0 0.371745 0.468981 0.041406 0.084259
0 0.352995 0.649074 0.046094 0.101852
0 0.343490 0.751852 0.050521 0.111111
0 0.404297 0.470602 0.040885 0.085648
0 0.384635 0.649537 0.043229 0.101852
0 0.376823 0.755556 0.047396 0.110185
0 0.431641 0.475000 0.038281 0.080556
0 0.418229 0.653009 0.041667 0.099537
0 0.409635 0.756019 0.044271 0.111111
0 0.459505 0.477315 0.035156 0.084259
0 0.450000 0.654398 0.039062 0.100463
0 0.444661 0.757407 0.042448 0.114815
0 0.489844 0.478935 0.033854 0.085648
0 0.482161 0.657639 0.037240 0.106019
0 0.477865 0.760880 0.040104 0.113426
0 0.519792 0.480093 0.032292 0.083333
0 0.515234 0.659722 0.035677 0.102778
0 0.511849 0.763889 0.037760 0.114815
0 0.549089 0.484028 0.032031 0.087500
0 0.547396 0.664815 0.034896 0.104630
0 0.546484 0.769213 0.036719 0.116204
0 0.579427 0.487269 0.032292 0.082870
0 0.580599 0.666204 0.034635 0.104630
0 0.580990 0.772917 0.034896 0.117130
0 0.608854 0.488194 0.033854 0.086574
0 0.613021 0.673380 0.038542 0.106019
0 0.615365 0.777083 0.038542 0.116204
0 0.638802 0.490509 0.036458 0.084722
0 0.646094 0.676157 0.036979 0.103241
0 0.650521 0.781944 0.040625 0.114815
0 0.668750 0.493981 0.037500 0.086111
0 0.680208 0.679167 0.039062 0.105556
0 0.684505 0.783796 0.041927 0.116667
0 0.699740 0.496296 0.038021 0.087037
0 0.712370 0.681481 0.043490 0.103704
0 0.720052 0.787037 0.044271 0.114815
0 0.729818 0.496991 0.038802 0.086574
0 0.746094 0.684491 0.042708 0.102315
0 0.753646 0.792361 0.045833 0.115278
0 0.760677 0.501620 0.040625 0.087500
0 0.768750 0.588426 0.042708 0.096296
0 0.777604 0.682639 0.043229 0.102315
0 0.789453 0.794676 0.048177 0.116204
0 0.791276 0.504398 0.041406 0.089352
0 0.800781 0.590509 0.043750 0.098611
0 0.811328 0.689120 0.046094 0.103241
0 0.824219 0.797685 0.047917 0.113889
0 0.820833 0.505787 0.042188 0.084722
0 0.832682 0.596296 0.044010 0.094444
0 0.845703 0.691667 0.047135 0.104630
0 0.859375 0.801620 0.051042 0.113426
0 0.850781 0.509259 0.044792 0.086111
0 0.864974 0.596759 0.046615 0.094444
0 0.878776 0.695139 0.049740 0.104167
0 0.894010 0.801852 0.051562 0.117593
