0 0.280599 0.301620 0.025260 0.019907
0 0.278776 0.314583 0.025260 0.019907
0 0.276432 0.326157 0.025260 0.019907
0 0.274089 0.339583 0.025260 0.019907
0 0.270964 0.351620 0.025260 0.019907
0 0.301693 0.306250 0.025260 0.019907
0 0.300391 0.317361 0.025260 0.019907
0 0.297786 0.330787 0.025260 0.019907
0 0.295443 0.342361 0.025260 0.019907
0 0.293620 0.356250 0.025260 0.019907
0 0.341016 0.286574 0.023698 0.018519
0 0.338932 0.298611 0.023698 0.018519
0 0.337500 0.308565 0.023958 0.013426
0 0.397135 0.180324 0.037500 0.031944
0 0.395313 0.197917 0.037500 0.031944
0 0.392969 0.215972 0.037500 0.031944
0 0.390885 0.237269 0.037500 0.031944
0 0.388802 0.257639 0.037500 0.031944
0 0.386198 0.275694 0.037500 0.031944
0 0.385026 0.296991 0.039323 0.033796
0 0.382161 0.317361 0.039323 0.033796
0 0.379167 0.339583 0.040625 0.033796
0 0.376953 0.363426 0.042448 0.036111
0 0.374609 0.387500 0.042448 0.036111
0 0.371615 0.411806 0.044792 0.036574
0 0.368750 0.437269 0.043229 0.040278
0 0.365234 0.465972 0.046094 0.039352
0 0.360677 0.492130 0.047917 0.041667
0 0.357812 0.518056 0.047917 0.041667
0 0.354427 0.548611 0.047917 0.041667
0 0.350781 0.578704 0.047917 0.041667
0 0.347005 0.611111 0.049219 0.047222
0 0.342318 0.643056 0.049219 0.047222
0 0.342969 0.643056 0.051562 0.049074
0 0.338281 0.678009 0.054167 0.050463
0 0.334896 0.713657 0.054167 0.050463
0 0.430990 0.193750 0.037500 0.031944
0 0.428906 0.210880 0.037500 0.031944
0 0.427083 0.227546 0.037500 0.031944
0 0.426042 0.248148 0.039062 0.035185
0 0.425000 0.268519 0.039062 0.035185
0 0.423177 0.289815 0.039062 0.035185
0 0.420312 0.308796 0.039062 0.035185
0 0.419401 0.330556 0.040885 0.037963
0 0.417969 0.353241 0.040625 0.037037
0 0.415365 0.375463 0.040625 0.037037
0 0.413542 0.401157 0.042188 0.039352
0 0.410677 0.422454 0.042188 0.039352
0 0.408594 0.450231 0.042188 0.039352
0 0.406250 0.476157 0.044792 0.040278
0 0.403906 0.501157 0.044792 0.040278
0 0.401172 0.531713 0.046615 0.043056
0 0.398177 0.560880 0.048438 0.046759
0 0.396094 0.591898 0.048438 0.046759
0 0.392708 0.621991 0.048438 0.046759
0 0.389453 0.656481 0.051823 0.049074
0 0.386589 0.690278 0.051823 0.049074
0 0.383203 0.725463 0.051823 0.049074
0 0.463281 0.203935 0.037500 0.031944
0 0.461198 0.223380 0.037500 0.031944
0 0.460677 0.242361 0.037500 0.031944
0 0.461458 0.260417 0.037500 0.031944
0 0.437109 0.635185 0.050781 0.047222
0 0.436328 0.667130 0.050781 0.047222
0 0.433724 0.701389 0.050781 0.047222
0 0.431380 0.740278 0.050781 0.047222
0 0.495052 0.216898 0.037500 0.031944
0 0.495833 0.234954 0.037500 0.031944
0 0.495573 0.254398 0.037500 0.031944
0 0.494531 0.270602 0.037500 0.031944
0 0.494271 0.290972 0.037500 0.031944
0 0.493229 0.312731 0.037500 0.031944
0 0.492969 0.333102 0.037500 0.031944
0 0.492708 0.353935 0.037500 0.031944
0 0.491797 0.376620 0.039323 0.037500
0 0.490495 0.398843 0.039323 0.037500
0 0.489714 0.421528 0.039323 0.037500
0 0.489193 0.446759 0.040885 0.037963
0 0.488021 0.471991 0.042188 0.041204
0 0.486979 0.498148 0.042708 0.045370
0 0.486458 0.526852 0.042708 0.045370
0 0.484635 0.554167 0.042708 0.045370
0 0.484115 0.582870 0.044271 0.046296
0 0.482812 0.613426 0.044271 0.046296
0 0.482161 0.646991 0.046094 0.046759
0 0.480339 0.678009 0.046094 0.046759
0 0.479818 0.714583 0.048698 0.050463
0 0.477995 0.750231 0.051302 0.053241
0 0.527344 0.227546 0.037500 0.031944
0 0.528125 0.243750 0.037500 0.031944
0 0.527995 0.264120 0.036719 0.032870
0 0.527995 0.283102 0.036719 0.032870
0 0.527474 0.303472 0.036719 0.032870
0 0.528516 0.324306 0.036719 0.032870
0 0.528255 0.346528 0.036719 0.032870
0 0.527734 0.366898 0.036719 0.032870
0 0.527214 0.387731 0.036719 0.032870
0 0.527083 0.409722 0.038021 0.034259
0 0.526563 0.433333 0.038021 0.034259
0 0.526172 0.460417 0.038802 0.036574
0 0.525911 0.484954 0.038802 0.036574
0 0.525521 0.509722 0.041667 0.042593
0 0.526042 0.537037 0.041667 0.042593
0 0.525521 0.564352 0.041667 0.042593
0 0.525260 0.594444 0.043229 0.047222
0 0.525781 0.625000 0.043229 0.047222
0 0.525260 0.659259 0.043229 0.047222
0 0.525000 0.693287 0.045833 0.048611
0 0.524479 0.726620 0.045833 0.048611
0 0.524219 0.762269 0.045833 0.048611
