0 0.206510 0.593981 0.051042 0.120370
0 0.243229 0.596759 0.051042 0.120370
0 0.279427 0.596528 0.050000 0.118981
0 0.315625 0.601620 0.050000 0.118981
0 0.350000 0.600463 0.046354 0.122222
0 0.386589 0.606250 0.045573 0.115278
0 0.422005 0.609028 0.045573 0.115278
0 0.454557 0.611111 0.040885 0.114815
0 0.187760 0.741435 0.053125 0.124537
0 0.225651 0.746528 0.051302 0.123611
0 0.264714 0.749306 0.051302 0.123611
0 0.302083 0.750231 0.048438 0.121759
0 0.339062 0.753009 0.048438 0.121759
0 0.377604 0.753935 0.048438 0.121759
0 0.412500 0.754167 0.044271 0.119444
0 0.449479 0.756944 0.040104 0.121296
0 0.541667 0.429630 0.065104 0.060185
0 0.541406 0.478241 0.065104 0.060185
0 0.540885 0.530556 0.065104 0.060185
0 0.540755 0.584954 0.067969 0.060648
0 0.542057 0.638657 0.069531 0.067130
0 0.541406 0.693056 0.070833 0.074074
0 0.540365 0.756019 0.070833 0.074074
0 0.540104 0.825926 0.070833 0.074074
0 0.540365 0.888657 0.073958 0.077315
0 0.607682 0.441898 0.063802 0.057870
0 0.606901 0.489583 0.063802 0.057870
0 0.607422 0.541898 0.063802 0.057870
0 0.608464 0.595139 0.066406 0.060648
0 0.609896 0.649306 0.068229 0.064352
0 0.611198 0.705093 0.069271 0.068519
0 0.612240 0.767593 0.071354 0.069444
0 0.613411 0.832639 0.074740 0.074537
0 0.615104 0.900231 0.075521 0.074537
