0 0.213021 0.451620 0.071875 0.054167
0 0.207031 0.499769 0.071875 0.054167
0 0.201432 0.550000 0.073177 0.057407
0 0.193490 0.603472 0.073438 0.060648
0 0.186589 0.660880 0.075781 0.065278
0 0.178906 0.720602 0.079687 0.068056
0 0.170703 0.781250 0.080469 0.070833
0 0.160807 0.847454 0.084115 0.072685
0 0.150911 0.917593 0.088802 0.075000
0 0.276562 0.443981 0.068229 0.055556
0 0.272526 0.492130 0.070573 0.056481
0 0.266797 0.543287 0.071615 0.060648
0 0.262240 0.596065 0.075000 0.061574
0 0.256771 0.652315 0.077083 0.063889
0 0.251693 0.711806 0.079948 0.066204
0 0.244401 0.775926 0.082552 0.069444
0 0.237760 0.840741 0.083333 0.075926
0 0.231380 0.912037 0.087760 0.076852
0 0.358464 0.573148 0.038281 0.107407
0 0.394401 0.568981 0.038281 0.107407
0 0.429297 0.562500 0.037760 0.107407
0 0.462370 0.556019 0.037760 0.107407
0 0.497917 0.551157 0.038021 0.108796
0 0.532292 0.544213 0.041667 0.104167
0 0.566667 0.539583 0.041667 0.104167
0 0.601172 0.534954 0.044531 0.102315
0 0.600651 0.534028 0.044531 0.102315
0 0.351172 0.714120 0.040365 0.120833
0 0.388411 0.709491 0.040365 0.120833
0 0.426953 0.702083 0.040365 0.120833
0 0.463932 0.694676 0.040365 0.120833
0 0.500911 0.692361 0.040365 0.120833
0 0.538021 0.686111 0.042188 0.118519
0 0.575000 0.682176 0.046354 0.118056
0 0.612891 0.678009 0.048177 0.118981
