0 0.288542 0.584491 0.041146 0.095833
0 0.317969 0.587269 0.041146 0.095833
0 0.348698 0.590509 0.040625 0.094907
0 0.378906 0.594907 0.038021 0.095370
0 0.408854 0.598611 0.038021 0.095370
0 0.439974 0.601157 0.037760 0.093056
0 0.468880 0.605787 0.037760 0.093056
0 0.499609 0.607639 0.037760 0.093056
0 0.272396 0.708333 0.043750 0.104630
0 0.303776 0.711574 0.043490 0.102778
0 0.335807 0.716435 0.042969 0.101389
0 0.367708 0.717824 0.041667 0.101389
0 0.400781 0.721065 0.041667 0.101389
0 0.429948 0.724074 0.038021 0.100926
0 0.462240 0.727315 0.038021 0.100926
0 0.491406 0.731019 0.036458 0.101852
0 0.572786 0.459028 0.058594 0.056944
0 0.572266 0.503009 0.058594 0.056944
0 0.572266 0.543750 0.058594 0.056944
0 0.571224 0.587731 0.058594 0.056944
0 0.570443 0.634028 0.059635 0.059722
0 0.571224 0.683565 0.059635 0.059722
0 0.570833 0.732870 0.061458 0.062963
0 0.569792 0.786111 0.061458 0.062963
0 0.569661 0.841204 0.064323 0.066667
0 0.628646 0.471991 0.056771 0.053241
0 0.628385 0.513426 0.057292 0.053704
0 0.628646 0.556481 0.057292 0.053704
0 0.629427 0.600463 0.057292 0.053704
0 0.630078 0.645370 0.058073 0.058333
0 0.630990 0.693981 0.059375 0.057407
0 0.632682 0.744444 0.062240 0.061111
0 0.632422 0.796759 0.062240 0.061111
0 0.634245 0.853009 0.063802 0.064352
