0 0.306120 0.302778 0.022135 0.015741
0 0.302734 0.312963 0.022135 0.015741
0 0.301693 0.323611 0.022135 0.015741
0 0.299219 0.334722 0.023438 0.016667
0 0.297005 0.345370 0.022135 0.015741
0 0.324870 0.306481 0.022135 0.015741
0 0.322526 0.318056 0.022135 0.015741
0 0.321224 0.329630 0.022135 0.015741
0 0.319401 0.340278 0.022135 0.015741
0 0.317578 0.352778 0.022135 0.015741
0 0.361198 0.289120 0.021875 0.018056
0 0.359375 0.300231 0.021875 0.018056
0 0.357812 0.307639 0.022396 0.010648
0 0.384505 0.293750 0.004427 0.012500
0 0.382422 0.307176 0.004427 0.012500
0 0.381380 0.315046 0.004427 0.012500
0 0.416016 0.171528 0.032031 0.025463
0 0.415365 0.186343 0.032292 0.028241
0 0.413021 0.201157 0.032813 0.024537
0 0.411719 0.215509 0.034375 0.028241
0 0.410677 0.232639 0.034375 0.028241
0 0.408594 0.247454 0.034375 0.028241
0 0.406250 0.265046 0.034375 0.028241
0 0.404167 0.282407 0.035417 0.031481
0 0.401562 0.300926 0.035417 0.031481
0 0.399219 0.317593 0.036458 0.034259
0 0.397396 0.339815 0.036458 0.034259
0 0.394792 0.360185 0.037500 0.034259
0 0.392057 0.377778 0.039323 0.033333
0 0.390755 0.400000 0.039323 0.033333
0 0.387370 0.421065 0.039844 0.039352
0 0.384766 0.441435 0.039844 0.039352
0 0.381120 0.467593 0.042448 0.037963
0 0.378385 0.489815 0.043750 0.037963
0 0.374740 0.514815 0.043750 0.037963
0 0.372396 0.538426 0.043750 0.037963
0 0.369141 0.567130 0.045573 0.043519
0 0.365234 0.595370 0.045573 0.043519
0 0.446354 0.182407 0.033333 0.025926
0 0.445052 0.196759 0.033333 0.025926
0 0.443750 0.211574 0.033333 0.025926
0 0.442188 0.227778 0.033333 0.025926
0 0.440365 0.243287 0.035417 0.029167
0 0.439063 0.259028 0.035417 0.029167
0 0.438281 0.276157 0.035417 0.029167
0 0.435937 0.294213 0.035417 0.029167
0 0.435677 0.311806 0.035417 0.029167
0 0.433984 0.330787 0.036198 0.032870
0 0.431380 0.349306 0.036198 0.032870
0 0.429557 0.369213 0.036198 0.032870
0 0.427865 0.391204 0.038021 0.031481
0 0.426042 0.411806 0.038021 0.031019
0 0.423828 0.433565 0.039844 0.034722
0 0.422266 0.455787 0.039844 0.034722
0 0.418620 0.477546 0.039844 0.034722
0 0.416797 0.503009 0.039844 0.034722
0 0.414323 0.526157 0.042188 0.037500
0 0.413021 0.552083 0.042188 0.037500
0 0.409766 0.577083 0.045052 0.039352
0 0.407682 0.606019 0.046094 0.042593
0 0.476042 0.193981 0.033333 0.025926
0 0.504687 0.202315 0.033333 0.025926
0 0.474219 0.223148 0.033333 0.025926
0 0.473177 0.237963 0.033333 0.025926
0 0.452734 0.537731 0.043490 0.037500
0 0.451693 0.562269 0.043490 0.037500
0 0.448568 0.589583 0.046094 0.040278
0 0.447786 0.618750 0.044531 0.042130
0 0.475521 0.193056 0.033333 0.025926
0 0.504687 0.218519 0.033333 0.025926
0 0.504297 0.233102 0.033594 0.028241
0 0.503255 0.248380 0.033594 0.028241
0 0.502474 0.264583 0.033594 0.028241
0 0.501953 0.282176 0.033594 0.028241
0 0.501432 0.298843 0.033594 0.028241
0 0.500911 0.317361 0.033594 0.028241
0 0.499089 0.333565 0.033594 0.028241
0 0.499479 0.352546 0.034896 0.031019
0 0.498437 0.371065 0.034896 0.031019
0 0.496615 0.391898 0.034896 0.031019
0 0.496875 0.411574 0.036458 0.032407
0 0.495833 0.433333 0.036458 0.032407
0 0.495312 0.454167 0.036458 0.032407
0 0.494271 0.476852 0.038542 0.037037
0 0.494010 0.500926 0.038542 0.037037
0 0.492448 0.524074 0.038542 0.037037
0 0.490625 0.547685 0.038542 0.037037
0 0.489974 0.574769 0.040365 0.036574
0 0.488932 0.600231 0.042448 0.039352
0 0.487240 0.629398 0.042188 0.042130
0 0.533073 0.212500 0.029687 0.025000
0 0.532943 0.227083 0.030469 0.026389
0 0.532422 0.243287 0.030469 0.026389
0 0.532422 0.259491 0.030469 0.026389
0 0.532161 0.275231 0.030469 0.026389
0 0.531901 0.291435 0.030469 0.026389
0 0.532161 0.308102 0.030469 0.026389
0 0.531510 0.326389 0.031771 0.026852
0 0.531250 0.343981 0.031771 0.026852
0 0.531510 0.363194 0.034375 0.031019
0 0.531250 0.382639 0.033333 0.031944
0 0.530469 0.402546 0.033333 0.031944
0 0.529948 0.421759 0.034375 0.030556
0 0.529948 0.443981 0.034375 0.030556
0 0.529427 0.465741 0.034375 0.030556
0 0.529818 0.489120 0.036198 0.035648
0 0.529297 0.511806 0.036198 0.035648
0 0.528776 0.536111 0.037760 0.036111
0 0.528516 0.559722 0.037760 0.036111
0 0.528385 0.585648 0.039583 0.037963
0 0.527865 0.612963 0.039583 0.037963
0 0.528125 0.640972 0.040625 0.039352
