0 0.316667 0.431713 0.021875 0.018981
0 0.315365 0.442824 0.021875 0.018981
0 0.312760 0.451157 0.021875 0.018981
0 0.310156 0.463657 0.021875 0.018981
0 0.308333 0.475231 0.021875 0.018981
0 0.335938 0.434954 0.021875 0.018981
0 0.333594 0.446528 0.021875 0.018981
0 0.331250 0.456250 0.021875 0.018981
0 0.329948 0.469213 0.021875 0.018981
0 0.327865 0.479861 0.021875 0.018981
0 0.370964 0.419213 0.020573 0.016204
0 0.369010 0.429861 0.021875 0.015278
0 0.368229 0.439120 0.021875 0.015278
0 0.395573 0.424074 0.011458 0.012963
0 0.394271 0.434722 0.011458 0.012963
0 0.392969 0.446296 0.011458 0.012963
0 0.425130 0.331481 0.031510 0.025926
0 0.422786 0.346296 0.031510 0.025926
0 0.421745 0.361111 0.031510 0.025926
0 0.419922 0.375926 0.031510 0.025926
0 0.418880 0.391667 0.031510 0.025926
0 0.417187 0.408333 0.032813 0.027778
0 0.415885 0.423611 0.032813 0.027778
0 0.413281 0.441667 0.032813 0.027778
0 0.410807 0.459722 0.034635 0.029630
0 0.409245 0.476852 0.034635 0.029630
0 0.406120 0.496759 0.034635 0.029630
0 0.403906 0.516204 0.035937 0.031481
0 0.402083 0.537037 0.035937 0.031481
0 0.399089 0.558102 0.038281 0.034722
0 0.397266 0.578472 0.038281 0.034722
0 0.393359 0.601620 0.038281 0.034722
0 0.391016 0.624769 0.038281 0.034722
0 0.388021 0.648611 0.041667 0.035185
0 0.385547 0.672685 0.041927 0.037037
0 0.382031 0.699537 0.040625 0.037037
0 0.378906 0.724537 0.042708 0.040741
0 0.375260 0.753704 0.042708 0.040741
0 0.453255 0.341435 0.030469 0.026389
0 0.451953 0.354861 0.030469 0.026389
0 0.449870 0.371065 0.030469 0.026389
0 0.448568 0.386806 0.030469 0.026389
0 0.447266 0.401157 0.030469 0.026389
0 0.447005 0.418750 0.031510 0.029167
0 0.444792 0.435185 0.032813 0.029630
0 0.443750 0.453472 0.032813 0.030093
0 0.442188 0.470602 0.032813 0.030093
0 0.440885 0.488657 0.032813 0.030093
0 0.438281 0.507176 0.032813 0.030093
0 0.436979 0.526157 0.033854 0.031019
0 0.434896 0.546991 0.035937 0.031944
0 0.432552 0.568287 0.035937 0.031944
0 0.430469 0.589815 0.037500 0.030556
0 0.428776 0.612500 0.037760 0.035185
0 0.426953 0.634259 0.037760 0.035185
0 0.423568 0.659259 0.037760 0.035185
0 0.423047 0.658333 0.037760 0.035185
0 0.421745 0.684954 0.039323 0.038426
0 0.419141 0.711343 0.039323 0.038426
0 0.417187 0.737037 0.041146 0.038889
0 0.414714 0.765509 0.041927 0.040278
0 0.480599 0.350694 0.030469 0.026389
0 0.478516 0.366898 0.030469 0.026389
0 0.478516 0.380324 0.030469 0.026389
0 0.477734 0.396065 0.030469 0.026389
0 0.458073 0.694907 0.040104 0.039815
0 0.455729 0.720833 0.040104 0.039815
0 0.453385 0.746759 0.040104 0.039815
0 0.451953 0.775231 0.040885 0.042130
0 0.507292 0.360185 0.028646 0.026852
0 0.506641 0.375231 0.030469 0.026389
0 0.505599 0.390509 0.030469 0.026389
0 0.505599 0.405324 0.030469 0.026389
0 0.505078 0.421991 0.030469 0.026389
0 0.504557 0.437500 0.030469 0.027778
0 0.503776 0.454630 0.030469 0.027778
0 0.503125 0.471528 0.031250 0.031019
0 0.502865 0.490972 0.031250 0.031019
0 0.501563 0.509028 0.031250 0.031019
0 0.500781 0.527546 0.032292 0.031944
0 0.500651 0.547222 0.033073 0.031481
0 0.499870 0.568519 0.033073 0.031481
0 0.498307 0.588426 0.033073 0.031481
0 0.497786 0.587500 0.033073 0.031481
0 0.497917 0.610648 0.033854 0.034259
0 0.496354 0.634259 0.035417 0.036111
0 0.495573 0.656481 0.035417 0.036111
0 0.495182 0.680787 0.036719 0.036574
0 0.493620 0.705324 0.036719 0.036574
0 0.492839 0.732870 0.038281 0.039815
0 0.491536 0.760185 0.038281 0.039815
0 0.489974 0.787963 0.038802 0.040741
0 0.534375 0.370370 0.028646 0.026852
0 0.533854 0.384722 0.028646 0.026852
0 0.533854 0.399537 0.028646 0.026852
0 0.533594 0.414352 0.028646 0.026852
0 0.533333 0.431944 0.028646 0.026852
0 0.532813 0.447685 0.028646 0.026852
0 0.532943 0.465278 0.029427 0.028704
0 0.532161 0.482407 0.029427 0.028704
0 0.532552 0.499306 0.031771 0.030093
0 0.531771 0.519213 0.031771 0.030093
0 0.531250 0.537269 0.031771 0.030093
0 0.530990 0.555787 0.031771 0.030093
0 0.531250 0.576852 0.033333 0.032407
0 0.530990 0.598611 0.033333 0.032407
0 0.530208 0.621296 0.033333 0.032407
0 0.530469 0.642824 0.034375 0.034722
0 0.530208 0.666898 0.034375 0.034722
0 0.529818 0.691667 0.035677 0.037037
0 0.529557 0.715741 0.035677 0.037037
0 0.529036 0.742593 0.036198 0.037963
0 0.528776 0.769907 0.036719 0.038889
0 0.528255 0.799074 0.038281 0.040741
