0 0.288411 0.191435 0.060156 0.043981
0 0.286328 0.231713 0.060156 0.043981
0 0.282943 0.272685 0.060677 0.047222
0 0.279818 0.314352 0.060677 0.047222
0 0.277214 0.360648 0.060677 0.047222
0 0.275911 0.406250 0.063281 0.050463
0 0.272396 0.454861 0.065104 0.051389
0 0.270182 0.503704 0.065365 0.050926
0 0.362891 0.186806 0.060156 0.042130
0 0.362630 0.227083 0.060156 0.042130
0 0.359375 0.267593 0.058333 0.046296
0 0.357682 0.312731 0.059635 0.044907
0 0.356641 0.357639 0.061198 0.049537
0 0.355469 0.403241 0.063542 0.052778
0 0.353385 0.451852 0.063542 0.052778
0 0.352604 0.502315 0.063542 0.052778
0 0.173568 0.615509 0.048177 0.113426
0 0.209635 0.616204 0.047396 0.112037
0 0.244010 0.615046 0.045312 0.111574
0 0.278385 0.612963 0.043750 0.114815
0 0.314583 0.612963 0.043229 0.113889
0 0.349219 0.610648 0.042708 0.115741
0 0.384505 0.609491 0.041406 0.116204
0 0.419141 0.609028 0.038802 0.113426
0 0.453906 0.607639 0.036979 0.113426
0 0.159115 0.732639 0.051042 0.121759
0 0.196745 0.731481 0.049219 0.119444
0 0.234245 0.730093 0.049219 0.119444
0 0.269661 0.729861 0.047656 0.119907
0 0.306380 0.728935 0.046615 0.120833
0 0.343099 0.728704 0.045052 0.121296
0 0.379297 0.727546 0.042969 0.120833
0 0.415885 0.726389 0.041146 0.121296
0 0.452344 0.727315 0.038542 0.125000
