0 0.311068 0.267130 0.045052 0.033333
0 0.308984 0.295370 0.045052 0.033333
0 0.304948 0.327315 0.046354 0.033333
0 0.301042 0.358796 0.046354 0.033333
0 0.299089 0.392361 0.047135 0.033796
0 0.294661 0.427778 0.048177 0.037963
0 0.291016 0.460648 0.048177 0.037963
0 0.287760 0.497454 0.050000 0.040278
0 0.283594 0.534954 0.050000 0.040278
0 0.278125 0.574306 0.050000 0.040278
0 0.274219 0.614352 0.052083 0.043519
0 0.269531 0.656019 0.054167 0.042593
0 0.266667 0.698843 0.055208 0.044907
0 0.259375 0.742824 0.055208 0.044907
0 0.255990 0.790278 0.056250 0.047222
0 0.249870 0.837731 0.057031 0.048611
0 0.352995 0.262500 0.045052 0.033333
0 0.398307 0.259259 0.045052 0.033333
0 0.439974 0.255556 0.045052 0.033333
0 0.486589 0.254630 0.045052 0.033333
0 0.529948 0.249537 0.045312 0.035185
0 0.577344 0.244444 0.045312 0.035185
0 0.621875 0.240741 0.045312 0.035185
0 0.671094 0.237037 0.045312 0.035185
0 0.716406 0.233796 0.047396 0.037963
0 0.766667 0.227778 0.048958 0.035185
0 0.813802 0.223148 0.048958 0.035185
0 0.351953 0.293519 0.046094 0.036111
0 0.348568 0.323611 0.046094 0.036111
0 0.344922 0.356944 0.046615 0.037963
0 0.341797 0.388889 0.046615 0.037963
0 0.339453 0.424306 0.048177 0.036574
0 0.336328 0.458796 0.049219 0.037963
0 0.333724 0.495833 0.049740 0.040741
0 0.329818 0.531944 0.049740 0.040741
0 0.326953 0.571991 0.051302 0.040278
0 0.323568 0.611574 0.052865 0.043519
0 0.319531 0.653704 0.053646 0.044444
0 0.315495 0.696528 0.054427 0.044907
0 0.311328 0.741667 0.054427 0.046296
0 0.307031 0.789352 0.056250 0.048148
0 0.303776 0.836111 0.057031 0.050926
0 0.298568 0.886111 0.057031 0.050926
0 0.396224 0.291667 0.045052 0.033333
0 0.393620 0.322222 0.045052 0.033333
0 0.391536 0.353009 0.045573 0.036574
0 0.389844 0.387731 0.047396 0.037500
0 0.387240 0.421528 0.047396 0.038426
0 0.385026 0.456250 0.048177 0.039352
0 0.382682 0.494213 0.048177 0.039352
0 0.379818 0.531944 0.051823 0.044444
0 0.376693 0.571296 0.051823 0.044444
0 0.375130 0.611574 0.051823 0.044444
0 0.372005 0.652778 0.051823 0.044444
0 0.368750 0.695602 0.053646 0.045833
0 0.366146 0.740972 0.054688 0.049537
0 0.362630 0.788194 0.056510 0.050463
0 0.358333 0.837500 0.057292 0.050926
0 0.355990 0.886574 0.057292 0.050926
0 0.439714 0.287500 0.045052 0.033333
0 0.438021 0.321528 0.045312 0.035648
0 0.435807 0.352315 0.047135 0.037037
0 0.434245 0.384028 0.045573 0.037500
0 0.432422 0.419213 0.047135 0.038426
0 0.431380 0.454861 0.047135 0.038426
0 0.429818 0.490972 0.047135 0.038426
0 0.427995 0.528704 0.049219 0.041667
0 0.426432 0.567130 0.049219 0.041667
0 0.424609 0.608333 0.051302 0.044444
0 0.421484 0.653472 0.051823 0.045833
0 0.420443 0.693981 0.053385 0.046296
0 0.417969 0.738657 0.053646 0.048611
0 0.414974 0.787037 0.055469 0.048148
0 0.413021 0.835648 0.055729 0.050000
0 0.486068 0.284259 0.045052 0.033333
0 0.485026 0.317130 0.045052 0.033333
0 0.484505 0.349306 0.045573 0.038426
0 0.483203 0.384028 0.045573 0.038426
0 0.482943 0.418750 0.046094 0.040278
0 0.482161 0.451157 0.046094 0.040278
0 0.481250 0.491667 0.047396 0.040741
0 0.480599 0.526852 0.049219 0.038889
0 0.479948 0.564815 0.050000 0.043519
0 0.478776 0.606250 0.051302 0.043981
0 0.477474 0.648380 0.052344 0.043056
0 0.476172 0.692824 0.052344 0.044907
0 0.475911 0.739352 0.054427 0.049074
0 0.475391 0.788426 0.054427 0.049074
0 0.474219 0.835880 0.056771 0.052315
0 0.529427 0.280556 0.045312 0.035185
0 0.528906 0.312963 0.045312 0.035185
0 0.529036 0.344444 0.044531 0.037037
0 0.529818 0.379167 0.044531 0.037037
0 0.529557 0.413426 0.046615 0.040741
0 0.529036 0.448611 0.046615 0.040741
0 0.529297 0.484722 0.046615 0.040741
0 0.528646 0.525694 0.047917 0.043056
0 0.529687 0.563426 0.049479 0.042593
0 0.529948 0.601157 0.051042 0.044907
0 0.530339 0.644444 0.050781 0.047222
0 0.530078 0.690278 0.050781 0.047222
0 0.529948 0.735185 0.053646 0.050926
0 0.530208 0.783333 0.053646 0.050926
0 0.530078 0.836574 0.054948 0.054630
0 0.530339 0.885185 0.055990 0.054630
0 0.576823 0.277778 0.045312 0.035185
0 0.578125 0.310417 0.045833 0.037500
0 0.578125 0.341898 0.047917 0.038426
0 0.579688 0.374769 0.047917 0.038426
0 0.578906 0.410880 0.047917 0.038426
0 0.581641 0.483565 0.050260 0.041204
0 0.582422 0.526157 0.050260 0.041204
0 0.583464 0.565046 0.050260 0.041204
0 0.585938 0.645833 0.053125 0.042593
0 0.586589 0.689583 0.054948 0.048611
0 0.588932 0.734954 0.054948 0.048611
0 0.589714 0.784491 0.057031 0.051389
0 0.591146 0.834722 0.057292 0.054630
0 0.593620 0.887731 0.059115 0.054167
0 0.622917 0.273148 0.045312 0.035185
0 0.624609 0.303935 0.047656 0.034722
0 0.625000 0.337500 0.048958 0.039815
0 0.626042 0.369907 0.048958 0.039815
0 0.628125 0.407407 0.048958 0.039815
0 0.631641 0.481481 0.051302 0.043519
0 0.632812 0.518519 0.053646 0.045370
0 0.635417 0.557407 0.053646 0.045370
0 0.639062 0.643519 0.053646 0.045370
0 0.642057 0.688889 0.057552 0.051852
0 0.643750 0.735880 0.059896 0.053241
0 0.645312 0.784491 0.059896 0.053241
0 0.648177 0.832176 0.059896 0.053241
0 0.650130 0.884954 0.061198 0.055093
0 0.671875 0.266898 0.047396 0.038426
0 0.674089 0.300694 0.049740 0.040278
0 0.675391 0.332639 0.049740 0.040278
0 0.677474 0.367824 0.049740 0.040278
0 0.678906 0.403704 0.050521 0.040741
0 0.681901 0.440972 0.052865 0.043056
0 0.683594 0.476620 0.054167 0.043981
0 0.687240 0.515046 0.054167 0.043981
0 0.689193 0.557176 0.057031 0.046759
0 0.693359 0.599306 0.057031 0.046759
0 0.699349 0.688194 0.057031 0.046759
0 0.694922 0.641898 0.057031 0.046759
0 0.703125 0.733102 0.061458 0.050463
0 0.706250 0.784028 0.061458 0.050463
0 0.711328 0.834491 0.064844 0.054167
0 0.714714 0.884954 0.064844 0.054167
0 0.719010 0.264352 0.047396 0.037963
0 0.720964 0.296296 0.049219 0.037963
0 0.724089 0.329630 0.049219 0.037963
0 0.726693 0.363194 0.052344 0.041204
0 0.728776 0.400694 0.052344 0.041204
0 0.732422 0.437269 0.054948 0.042130
0 0.735677 0.473843 0.058333 0.044907
0 0.739583 0.516435 0.058333 0.044907
0 0.742708 0.553935 0.058333 0.044907
0 0.747135 0.598148 0.059375 0.047222
0 0.751042 0.640278 0.059375 0.047222
0 0.755729 0.686574 0.061458 0.050000
0 0.760938 0.734722 0.064583 0.052778
0 0.765104 0.783333 0.064583 0.052778
0 0.771354 0.833796 0.064583 0.052778
0 0.776563 0.885648 0.066667 0.054630
0 0.770833 0.259722 0.050521 0.037037
0 0.772917 0.291667 0.053125 0.039815
0 0.777344 0.328241 0.053125 0.039815
0 0.780469 0.361111 0.053125 0.039815
0 0.784245 0.396296 0.054948 0.039815
0 0.789193 0.432870 0.054948 0.039815
0 0.807292 0.592130 0.058333 0.044444
0 0.813281 0.637500 0.061458 0.048148
0 0.817969 0.683796 0.063542 0.051852
0 0.824740 0.730556 0.063542 0.051852
0 0.831510 0.780093 0.063542 0.051852
0 0.836719 0.830556 0.066667 0.053704
0 0.843229 0.884259 0.068750 0.056481
0 0.817969 0.254167 0.050521 0.037963
0 0.822135 0.290741 0.053125 0.037037
0 0.826432 0.321759 0.054427 0.037963
0 0.830339 0.357176 0.056510 0.043056
0 0.834505 0.394213 0.058073 0.044907
0 0.841406 0.429167 0.056771 0.045370
0 0.863151 0.588194 0.061719 0.046759
0 0.869010 0.633565 0.063542 0.050463
0 0.875781 0.680324 0.063542 0.050463
0 0.882812 0.726852 0.064062 0.052778
0 0.890234 0.777083 0.067969 0.053241
0 0.898047 0.827083 0.067969 0.053241
