0 0.225911 0.156250 0.010156 0.034722
0 0.235026 0.154398 0.010677 0.035648
0 0.244141 0.152315 0.010677 0.036111
0 0.253255 0.150000 0.010677 0.036111
0 0.262370 0.148148 0.010677 0.036111
0 0.271484 0.146759 0.010677 0.036111
0 0.281120 0.144444 0.010677 0.036111
0 0.290104 0.142824 0.010417 0.035648
0 0.299740 0.140509 0.010417 0.036574
0 0.308854 0.137963 0.009896 0.036111
0 0.233854 0.187500 0.009896 0.035185
0 0.243490 0.185648 0.009896 0.035185
0 0.252344 0.183796 0.009896 0.035185
0 0.261719 0.181019 0.009896 0.035185
0 0.270833 0.179167 0.009896 0.035185
0 0.279948 0.178241 0.009896 0.035185
0 0.289323 0.176389 0.009896 0.035185
0 0.298958 0.174074 0.010417 0.037037
0 0.308594 0.172222 0.010417 0.036111
0 0.219531 0.259028 0.010417 0.035648
0 0.229687 0.255787 0.010417 0.035648
0 0.221875 0.294444 0.010417 0.034259
0 0.230990 0.293056 0.010417 0.034259
0 0.240625 0.291667 0.010417 0.035185
0 0.249479 0.289815 0.010417 0.035185
0 0.258854 0.288426 0.010417 0.035185
0 0.267839 0.287963 0.010156 0.036111
0 0.278516 0.285648 0.010156 0.036111
0 0.287240 0.284491 0.010937 0.035648
0 0.296745 0.283333 0.010677 0.036111
0 0.306120 0.281944 0.010677 0.036111
0 0.217969 0.329630 0.010417 0.036111
0 0.227083 0.328704 0.010417 0.036111
0 0.236458 0.326852 0.010417 0.036111
0 0.245833 0.325926 0.010417 0.036111
0 0.255208 0.324537 0.010417 0.036111
0 0.264583 0.323148 0.010417 0.036111
0 0.285938 0.319907 0.010417 0.036111
0 0.296094 0.318056 0.010417 0.036111
0 0.305208 0.316667 0.010417 0.036111
0 0.216927 0.366667 0.010417 0.036111
0 0.226042 0.365278 0.010417 0.036111
0 0.235156 0.363889 0.010417 0.036111
0 0.244531 0.362500 0.010417 0.036111
0 0.254427 0.361574 0.010417 0.036111
0 0.263802 0.360648 0.010417 0.036111
0 0.285156 0.357407 0.010417 0.036111
0 0.294792 0.356019 0.010417 0.036111
0 0.304688 0.354630 0.010417 0.036111
0 0.217708 0.401389 0.010417 0.036111
0 0.227344 0.400000 0.010417 0.036111
0 0.236458 0.399537 0.010417 0.036111
0 0.246094 0.398611 0.010417 0.036111
0 0.255469 0.398148 0.010417 0.036111
0 0.265104 0.396296 0.010417 0.036111
0 0.274219 0.394907 0.010417 0.036111
0 0.284635 0.392593 0.010417 0.036111
0 0.303385 0.390972 0.010417 0.037500
0 0.216667 0.439815 0.010417 0.036111
0 0.225781 0.439815 0.010417 0.036111
0 0.235417 0.438889 0.010417 0.036111
0 0.244792 0.437037 0.010417 0.036111
0 0.254297 0.435648 0.010677 0.037037
0 0.263802 0.435417 0.010937 0.037500
0 0.273438 0.433565 0.010937 0.037500
0 0.283073 0.432639 0.011458 0.039352
0 0.292969 0.431250 0.011458 0.039352
0 0.302604 0.430787 0.011458 0.040278
0 0.213542 0.476852 0.010937 0.037037
0 0.223177 0.475463 0.010937 0.037037
0 0.232813 0.474074 0.010937 0.037037
0 0.241927 0.473611 0.010937 0.037037
0 0.251302 0.472685 0.010937 0.037037
0 0.261198 0.471296 0.010937 0.037037
0 0.282031 0.468981 0.010937 0.037037
0 0.292187 0.467593 0.010937 0.037037
0 0.301823 0.466204 0.010937 0.037037
0 0.213802 0.516667 0.010937 0.037037
0 0.223438 0.515741 0.010937 0.037037
0 0.232552 0.514815 0.010937 0.037037
0 0.242448 0.513426 0.010937 0.037037
0 0.251823 0.512037 0.010937 0.037037
0 0.271094 0.511343 0.011458 0.035648
0 0.281250 0.509954 0.011458 0.037500
0 0.291146 0.508565 0.011458 0.037500
0 0.301042 0.507639 0.011458 0.037500
0 0.212109 0.552778 0.010677 0.037037
0 0.222266 0.551852 0.010677 0.037037
0 0.231641 0.550926 0.010677 0.037037
0 0.241016 0.550000 0.010677 0.037037
0 0.250911 0.549074 0.010677 0.037037
0 0.260547 0.548611 0.010677 0.037963
0 0.270443 0.547222 0.010677 0.037963
0 0.280078 0.546759 0.011719 0.037963
0 0.290365 0.546065 0.011979 0.040278
0 0.299870 0.544676 0.011719 0.040278
0 0.209375 0.590972 0.011979 0.038426
0 0.219141 0.590972 0.011719 0.039352
0 0.228516 0.590046 0.011719 0.039352
0 0.238021 0.588657 0.011458 0.040278
0 0.247917 0.588657 0.011458 0.040278
0 0.257943 0.587731 0.011719 0.040278
0 0.208073 0.628472 0.011458 0.038426
0 0.217708 0.627083 0.011458 0.038426
0 0.227734 0.627083 0.011198 0.040278
0 0.237109 0.626157 0.011198 0.040278
0 0.246745 0.626389 0.011719 0.040741
0 0.256380 0.625000 0.011719 0.040741
0 0.279167 0.585880 0.011458 0.040278
0 0.289062 0.584722 0.012500 0.039815
0 0.298958 0.584491 0.011458 0.040278
0 0.278255 0.624074 0.011198 0.040741
0 0.288411 0.624074 0.011198 0.040741
0 0.298047 0.623148 0.011719 0.039815
0 0.208333 0.669213 0.010937 0.040278
0 0.217708 0.668750 0.011458 0.039352
0 0.227344 0.667824 0.011458 0.039352
0 0.237500 0.667824 0.011458 0.039352
0 0.247135 0.666898 0.011458 0.039352
0 0.257031 0.666435 0.011458 0.039352
0 0.266927 0.666435 0.011458 0.039352
0 0.276823 0.665972 0.011458 0.039352
0 0.286979 0.664583 0.011458 0.039352
0 0.297135 0.664120 0.011458 0.039352
0 0.207031 0.707176 0.010937 0.040278
0 0.216667 0.707407 0.011458 0.040741
0 0.226562 0.706019 0.011458 0.040741
0 0.236198 0.706481 0.011458 0.040741
0 0.246094 0.706481 0.011458 0.040741
0 0.255990 0.705556 0.011458 0.040741
0 0.276302 0.704167 0.011458 0.040741
0 0.286198 0.703704 0.011458 0.040741
0 0.296094 0.704167 0.011458 0.040741
0 0.204427 0.747454 0.011458 0.040278
0 0.214062 0.747454 0.011458 0.040278
0 0.223958 0.746528 0.011458 0.040278
0 0.233854 0.746528 0.011458 0.040278
0 0.243750 0.746759 0.011979 0.039815
0 0.253385 0.746296 0.011979 0.039815
0 0.274740 0.746296 0.011979 0.039815
0 0.285156 0.745370 0.011979 0.039815
0 0.295443 0.745602 0.011719 0.040278
0 0.203776 0.785880 0.011719 0.039352
0 0.213672 0.786343 0.011719 0.039352
0 0.294141 0.392361 0.011198 0.038426
0 0.224089 0.785880 0.011719 0.040278
0 0.233984 0.785880 0.011719 0.040278
0 0.243880 0.785880 0.012240 0.041204
0 0.253516 0.785880 0.012240 0.041204
0 0.263672 0.785880 0.012240 0.041204
0 0.274089 0.785417 0.012240 0.041204
0 0.284115 0.785880 0.012500 0.042130
0 0.294010 0.785417 0.012500 0.042130
0 0.202083 0.830787 0.011979 0.041204
0 0.212500 0.831250 0.011979 0.041204
0 0.222396 0.830787 0.011979 0.041204
0 0.232031 0.830787 0.011979 0.041204
0 0.242188 0.831250 0.011979 0.041204
0 0.252083 0.830787 0.011979 0.041204
0 0.262370 0.831713 0.012760 0.041204
0 0.272266 0.830787 0.012760 0.041204
0 0.282943 0.831250 0.012760 0.041204
0 0.293099 0.830787 0.012760 0.041204
0 0.197526 0.870602 0.012240 0.042130
0 0.207682 0.870602 0.012240 0.042130
0 0.217839 0.871528 0.012240 0.042130
0 0.227474 0.871065 0.012240 0.042130
0 0.237630 0.871065 0.012240 0.042130
0 0.247526 0.871991 0.012240 0.042130
0 0.271224 0.871991 0.012240 0.042130
0 0.281641 0.871991 0.012240 0.042130
0 0.291797 0.872454 0.012240 0.042130
0 0.196745 0.911806 0.011719 0.041204
0 0.206901 0.911806 0.011719 0.043056
0 0.216536 0.912731 0.011719 0.043056
0 0.227214 0.911806 0.011719 0.043056
0 0.237109 0.912963 0.012240 0.042593
0 0.247005 0.912500 0.012240 0.042593
0 0.270443 0.912963 0.012240 0.042593
0 0.281120 0.912963 0.012240 0.042593
0 0.291276 0.913889 0.012240 0.042593
0 0.198047 0.960185 0.012240 0.042593
0 0.208203 0.960185 0.012240 0.042593
0 0.217839 0.960648 0.012240 0.042593
0 0.227995 0.960648 0.012240 0.042593
0 0.238411 0.960648 0.012240 0.042593
0 0.248828 0.960648 0.012240 0.042593
0 0.258724 0.960648 0.012240 0.042593
0 0.269401 0.961574 0.012240 0.042593
0 0.279818 0.961574 0.012240 0.042593
0 0.290234 0.962037 0.012240 0.042593
0 0.323437 0.139120 0.011458 0.036574
0 0.333854 0.140509 0.011458 0.036574
0 0.344271 0.142361 0.011458 0.036574
0 0.354687 0.143750 0.011458 0.036574
0 0.364844 0.144676 0.011458 0.036574
0 0.375260 0.146528 0.011458 0.036574
0 0.385156 0.148843 0.011458 0.036574
0 0.395052 0.149769 0.011458 0.036574
0 0.405208 0.150231 0.011458 0.036574
0 0.415104 0.151620 0.011458 0.036574
0 0.322786 0.172685 0.011719 0.036111
0 0.332943 0.175000 0.011719 0.036111
0 0.343620 0.175926 0.011719 0.036111
0 0.354297 0.177315 0.011719 0.036111
0 0.364453 0.179167 0.011719 0.036111
0 0.374609 0.179167 0.011719 0.036111
0 0.385286 0.181481 0.011719 0.036111
0 0.395182 0.182870 0.011719 0.036111
0 0.405339 0.184491 0.011198 0.035648
0 0.322005 0.209491 0.012240 0.038426
0 0.332813 0.211111 0.011979 0.037037
0 0.342969 0.212037 0.011979 0.037037
0 0.367708 0.216204 0.011458 0.036111
0 0.377995 0.217824 0.012240 0.036574
0 0.388151 0.219213 0.012240 0.036574
0 0.398438 0.221065 0.011979 0.036574
0 0.408724 0.221296 0.011719 0.036111
0 0.418880 0.223611 0.011719 0.036111
0 0.321354 0.244907 0.011979 0.037037
0 0.332031 0.246296 0.011979 0.037037
0 0.342187 0.247685 0.011979 0.037037
0 0.365625 0.250000 0.011979 0.037037
0 0.375781 0.251852 0.011979 0.037037
0 0.386458 0.252315 0.011979 0.037037
0 0.396615 0.255093 0.011979 0.037037
0 0.406510 0.256019 0.011979 0.037037
0 0.416667 0.257176 0.011458 0.036574
0 0.320443 0.281481 0.012240 0.037963
0 0.331380 0.282870 0.012240 0.037963
0 0.342057 0.282870 0.012240 0.037963
0 0.352474 0.285185 0.012240 0.037963
0 0.363151 0.287037 0.012240 0.037963
0 0.373568 0.287037 0.012240 0.037963
0 0.372917 0.287037 0.011979 0.036111
0 0.384375 0.288889 0.011979 0.036111
0 0.394141 0.290046 0.012240 0.036574
0 0.404427 0.291204 0.011979 0.036111
0 0.414583 0.292824 0.011979 0.036574
0 0.319922 0.315972 0.012240 0.038426
0 0.330859 0.318750 0.012240 0.038426
0 0.341276 0.319213 0.012240 0.038426
0 0.364974 0.321759 0.011719 0.036111
0 0.375651 0.323148 0.011719 0.037037
0 0.386068 0.324074 0.011719 0.037037
0 0.396484 0.325463 0.011719 0.037037
0 0.406641 0.326389 0.011719 0.037037
0 0.416536 0.328241 0.011719 0.037037
0 0.319271 0.355787 0.012500 0.038426
0 0.329948 0.356250 0.012500 0.038426
0 0.340625 0.358102 0.012500 0.038426
0 0.366536 0.361343 0.012240 0.037500
0 0.377214 0.362269 0.012240 0.037500
0 0.387370 0.362731 0.012240 0.037500
0 0.397786 0.364583 0.012240 0.037500
0 0.408203 0.365509 0.012240 0.037500
0 0.418359 0.366898 0.012240 0.037500
0 0.318490 0.391898 0.012500 0.038426
0 0.329427 0.392361 0.012500 0.038426
0 0.340104 0.393750 0.012500 0.038426
0 0.350781 0.395602 0.012500 0.038426
0 0.362240 0.396528 0.012500 0.038426
0 0.372526 0.396759 0.012760 0.037963
0 0.383073 0.398148 0.011979 0.037963
0 0.393359 0.398843 0.011719 0.037500
0 0.403385 0.400231 0.012500 0.037500
0 0.414062 0.401852 0.011458 0.037037
0 0.317839 0.429861 0.012240 0.039352
0 0.328776 0.430787 0.012240 0.039352
0 0.339714 0.431944 0.012240 0.037963
0 0.350651 0.431944 0.012240 0.037963
0 0.361328 0.433796 0.012240 0.037963
0 0.372005 0.434259 0.012240 0.037963
0 0.382422 0.434722 0.012240 0.037963
0 0.393099 0.435648 0.012240 0.037963
0 0.403516 0.436343 0.011719 0.036574
0 0.413672 0.437269 0.011719 0.036574
0 0.317057 0.466898 0.012240 0.039352
0 0.327995 0.467361 0.012240 0.039352
0 0.338802 0.468056 0.011979 0.037963
0 0.365234 0.469676 0.012760 0.037500
0 0.376172 0.470602 0.012760 0.037500
0 0.386589 0.471065 0.012760 0.037500
0 0.397135 0.471759 0.011979 0.037037
0 0.407813 0.472685 0.011979 0.037037
0 0.417969 0.473148 0.011979 0.037037
0 0.316406 0.508796 0.012500 0.039815
0 0.327474 0.509491 0.012760 0.038426
0 0.338151 0.509491 0.012760 0.038426
0 0.349089 0.509954 0.012760 0.038426
0 0.371354 0.511343 0.011979 0.038426
0 0.381771 0.512269 0.011979 0.038426
0 0.392448 0.512963 0.012500 0.037963
0 0.402865 0.512963 0.012500 0.037963
0 0.413542 0.513657 0.011979 0.038426
0 0.315495 0.546759 0.012760 0.039815
0 0.326172 0.546296 0.012760 0.039815
0 0.337370 0.546759 0.012760 0.039815
0 0.348568 0.547685 0.012760 0.039815
0 0.359505 0.548148 0.012760 0.039815
0 0.370443 0.548611 0.012760 0.039815
0 0.381250 0.548611 0.012500 0.038889
0 0.391927 0.549074 0.012500 0.038889
0 0.402865 0.549537 0.012500 0.038889
0 0.413151 0.549769 0.012240 0.038426
0 0.314453 0.584028 0.012760 0.039352
0 0.325651 0.584954 0.012760 0.039352
0 0.336849 0.584954 0.012760 0.039352
0 0.362630 0.585880 0.012760 0.039352
0 0.373568 0.585880 0.012760 0.039352
0 0.384245 0.586343 0.012760 0.039352
0 0.394922 0.586343 0.012760 0.039352
0 0.406120 0.587037 0.012240 0.037963
0 0.416016 0.587037 0.012240 0.037963
0 0.313411 0.622454 0.012760 0.039352
0 0.324870 0.622917 0.012760 0.039352
0 0.335547 0.622917 0.012760 0.039352
0 0.362109 0.622917 0.012760 0.039352
0 0.373047 0.623380 0.012760 0.039352
0 0.383984 0.623380 0.012760 0.039352
0 0.394922 0.623611 0.012240 0.038889
0 0.405339 0.623611 0.012240 0.038889
0 0.416016 0.624074 0.012240 0.038889
0 0.312500 0.666435 0.013021 0.041204
0 0.323698 0.666435 0.013021 0.041204
0 0.335156 0.665972 0.013021 0.041204
0 0.345964 0.666204 0.012760 0.039815
0 0.357422 0.665278 0.012760 0.039815
0 0.368359 0.666204 0.012760 0.039815
0 0.379297 0.666667 0.012760 0.039815
0 0.390495 0.666667 0.012240 0.039815
0 0.400911 0.666667 0.012240 0.039815
0 0.411849 0.666667 0.012240 0.039815
0 0.311719 0.705787 0.013021 0.041204
0 0.322656 0.705324 0.013021 0.041204
0 0.334245 0.704630 0.012760 0.040741
0 0.360547 0.705556 0.012760 0.040741
0 0.371745 0.705093 0.012760 0.040741
0 0.382422 0.704630 0.012760 0.040741
0 0.393620 0.705093 0.012240 0.040741
0 0.404297 0.705093 0.012240 0.040741
0 0.415234 0.705556 0.012240 0.040741
0 0.310547 0.745602 0.012240 0.041204
0 0.322135 0.745139 0.013021 0.041204
0 0.333594 0.744676 0.013021 0.041204
0 0.359896 0.744676 0.013021 0.041204
0 0.371094 0.744676 0.013021 0.041204
0 0.382031 0.744213 0.013021 0.041204
0 0.393099 0.744676 0.012240 0.041204
0 0.403516 0.744213 0.012240 0.041204
0 0.414714 0.743287 0.012240 0.041204
0 0.309896 0.785185 0.012500 0.041667
0 0.321094 0.785185 0.012500 0.041667
0 0.332813 0.785185 0.012500 0.041667
0 0.344271 0.785185 0.012500 0.041667
0 0.355208 0.784722 0.012500 0.041667
0 0.366667 0.783796 0.012500 0.041667
0 0.377604 0.783796 0.012500 0.041667
0 0.388542 0.784259 0.012500 0.041667
0 0.399740 0.783796 0.012500 0.041667
0 0.410547 0.782639 0.012240 0.040278
0 0.308984 0.831713 0.012760 0.043056
0 0.320964 0.830787 0.012760 0.043056
0 0.331901 0.831250 0.012760 0.043056
0 0.343359 0.830787 0.012760 0.043056
0 0.354427 0.830093 0.012500 0.041667
0 0.366016 0.829861 0.012760 0.043056
0 0.376823 0.830093 0.012500 0.041667
0 0.388151 0.829167 0.012240 0.041667
0 0.399089 0.829167 0.012240 0.041667
0 0.410026 0.828241 0.012240 0.041667
0 0.307812 0.873148 0.013021 0.043519
0 0.319531 0.873148 0.013021 0.043519
0 0.330729 0.872685 0.013021 0.043519
0 0.358594 0.870833 0.013021 0.043519
0 0.370052 0.870370 0.013021 0.042593
0 0.381250 0.869907 0.013021 0.042593
0 0.391927 0.869444 0.013021 0.042593
0 0.403516 0.868750 0.012760 0.042130
0 0.414193 0.867361 0.012760 0.042130
0 0.307161 0.913889 0.012760 0.043519
0 0.318880 0.913426 0.012760 0.043519
0 0.330208 0.912963 0.012500 0.043519
0 0.358073 0.911111 0.012500 0.043519
0 0.369531 0.910185 0.012500 0.043519
0 0.380990 0.910185 0.012500 0.043519
0 0.391927 0.909259 0.012500 0.043519
0 0.402865 0.909259 0.012500 0.043519
0 0.414062 0.908333 0.012500 0.043519
0 0.305859 0.962037 0.013281 0.043519
0 0.317839 0.960648 0.013281 0.043519
0 0.329297 0.959722 0.013281 0.043519
0 0.341016 0.959259 0.013281 0.043519
0 0.380078 0.957639 0.012760 0.042130
0 0.391536 0.956713 0.012760 0.042130
0 0.402474 0.956250 0.012760 0.042130
0 0.413542 0.955556 0.012500 0.042593
0 0.434505 0.151852 0.011198 0.035185
0 0.444271 0.151157 0.010937 0.036574
0 0.454036 0.150000 0.011198 0.036111
0 0.463672 0.147685 0.011198 0.036111
0 0.473568 0.145833 0.011198 0.036111
0 0.483464 0.143981 0.011198 0.036111
0 0.493099 0.142593 0.011198 0.036111
0 0.503255 0.140741 0.011198 0.036111
0 0.513151 0.139352 0.011198 0.036111
0 0.523568 0.137037 0.011198 0.036111
0 0.533464 0.136111 0.011198 0.036111
0 0.543359 0.134259 0.011198 0.036111
0 0.553255 0.132870 0.011198 0.036111
0 0.434635 0.184954 0.010937 0.036574
0 0.444531 0.184028 0.010937 0.036574
0 0.454167 0.182639 0.010937 0.036574
0 0.464062 0.180787 0.010937 0.036574
0 0.473958 0.178935 0.010937 0.036574
0 0.483333 0.177546 0.010937 0.036574
0 0.493229 0.176157 0.010937 0.036574
0 0.503385 0.174306 0.010937 0.036574
0 0.513281 0.173380 0.010937 0.036574
0 0.523438 0.171528 0.011979 0.035648
0 0.533594 0.169676 0.011979 0.036574
0 0.543750 0.168750 0.011979 0.036574
0 0.553906 0.166435 0.011979 0.036574
0 0.434505 0.221528 0.010677 0.035648
0 0.444401 0.220602 0.010677 0.035648
0 0.454167 0.219213 0.011458 0.036574
0 0.463802 0.217824 0.011458 0.036574
0 0.473698 0.216435 0.011458 0.036574
0 0.483594 0.215046 0.011458 0.036574
0 0.493750 0.213194 0.011458 0.036574
0 0.503776 0.212037 0.011719 0.037037
0 0.513411 0.210648 0.011719 0.037037
0 0.523828 0.209028 0.011719 0.037500
0 0.533724 0.207639 0.011719 0.037500
0 0.544141 0.206250 0.011719 0.037500
0 0.554427 0.204167 0.011458 0.037037
0 0.434505 0.255787 0.010677 0.035648
0 0.444141 0.254398 0.010677 0.035648
0 0.454036 0.253472 0.010677 0.035648
0 0.464062 0.251620 0.011458 0.036574
0 0.473438 0.250231 0.011458 0.036574
0 0.483594 0.249306 0.011458 0.036574
0 0.493490 0.247917 0.011458 0.036574
0 0.503646 0.246528 0.011458 0.037500
0 0.513542 0.245602 0.011458 0.037500
0 0.524219 0.243287 0.011458 0.037500
0 0.534375 0.242824 0.011458 0.037500
0 0.544531 0.240509 0.011458 0.037500
0 0.554427 0.239120 0.011458 0.037500
0 0.434635 0.293519 0.010937 0.036111
0 0.444531 0.292593 0.010937 0.036111
0 0.454688 0.290741 0.010937 0.036111
0 0.464323 0.289815 0.010937 0.036111
0 0.474219 0.288426 0.010937 0.036111
0 0.484115 0.287269 0.010937 0.037500
0 0.494010 0.285880 0.010937 0.037500
0 0.503906 0.284028 0.010937 0.037500
0 0.514323 0.282639 0.010937 0.037500
0 0.524479 0.282176 0.010937 0.037500
0 0.534635 0.280093 0.011458 0.037037
0 0.544792 0.278704 0.011458 0.037037
0 0.554948 0.277315 0.011458 0.037037
0 0.434505 0.327315 0.010156 0.036111
0 0.444792 0.326620 0.010937 0.036574
0 0.454427 0.325231 0.010937 0.036574
0 0.464583 0.323843 0.010937 0.036574
0 0.474219 0.322917 0.010937 0.036574
0 0.484375 0.321528 0.010937 0.036574
0 0.494271 0.320602 0.010937 0.036574
0 0.504427 0.319213 0.010937 0.036574
0 0.514583 0.317824 0.011458 0.036574
0 0.524870 0.316204 0.011198 0.037037
0 0.534896 0.315046 0.011458 0.037500
0 0.545052 0.313657 0.011458 0.037500
0 0.555208 0.312269 0.011458 0.037500
0 0.434766 0.364120 0.010677 0.035648
0 0.444401 0.363657 0.010677 0.035648
0 0.454427 0.362037 0.010937 0.037037
0 0.464323 0.361111 0.010937 0.037037
0 0.474219 0.360185 0.010937 0.037037
0 0.484375 0.358796 0.010937 0.037037
0 0.494531 0.357407 0.010937 0.037037
0 0.504427 0.356481 0.010937 0.037037
0 0.514844 0.355093 0.010937 0.037037
0 0.525000 0.354167 0.010937 0.037037
0 0.535156 0.352778 0.010937 0.037037
0 0.545833 0.350926 0.010937 0.037037
0 0.555990 0.350000 0.010937 0.037037
0 0.434635 0.398611 0.010937 0.036111
0 0.444531 0.397685 0.010937 0.036111
0 0.454688 0.396528 0.010937 0.036574
0 0.464714 0.396065 0.011198 0.037500
0 0.474349 0.395139 0.011198 0.037500
0 0.484505 0.394213 0.011198 0.037500
0 0.494922 0.392824 0.011198 0.037500
0 0.504818 0.391898 0.011198 0.037500
0 0.514974 0.390046 0.011198 0.037500
0 0.525391 0.389120 0.011198 0.037500
0 0.535807 0.388194 0.011198 0.037500
0 0.556380 0.385417 0.011198 0.038426
0 0.545964 0.387269 0.011198 0.037500
0 0.434635 0.436343 0.010937 0.036574
0 0.444531 0.435417 0.010937 0.036574
0 0.454818 0.434259 0.011198 0.037037
0 0.464453 0.433333 0.011198 0.037037
0 0.474740 0.432639 0.011458 0.037500
0 0.484375 0.431713 0.011458 0.037500
0 0.494792 0.430556 0.011458 0.037963
0 0.505208 0.429630 0.011458 0.037963
0 0.515365 0.428241 0.011458 0.037963
0 0.525781 0.427315 0.011458 0.037963
0 0.536198 0.426389 0.011458 0.037963
0 0.546615 0.425000 0.011458 0.037963
0 0.556771 0.424074 0.011458 0.037963
0 0.434505 0.471296 0.010677 0.037037
0 0.444401 0.470833 0.011198 0.037037
0 0.454557 0.469444 0.011198 0.037037
0 0.464453 0.468981 0.011198 0.037037
0 0.474870 0.467361 0.011198 0.037500
0 0.485156 0.467130 0.011458 0.037963
0 0.495312 0.466204 0.011458 0.037963
0 0.505469 0.465741 0.011458 0.037963
0 0.515885 0.464352 0.011458 0.037963
0 0.526042 0.463426 0.011458 0.037963
0 0.536328 0.462269 0.011198 0.038426
0 0.546875 0.461343 0.011979 0.038426
0 0.557422 0.459954 0.011719 0.038426
0 0.434375 0.511343 0.010937 0.037500
0 0.444531 0.510648 0.010937 0.037963
0 0.454688 0.509722 0.011458 0.037963
0 0.464714 0.508796 0.011719 0.037963
0 0.474870 0.507870 0.011719 0.037963
0 0.485286 0.506944 0.011719 0.037963
0 0.495443 0.506481 0.011719 0.037963
0 0.505599 0.505556 0.011719 0.037963
0 0.516016 0.504630 0.011719 0.037963
0 0.526432 0.503704 0.011719 0.037963
0 0.536849 0.503241 0.011719 0.037963
0 0.547656 0.502083 0.011979 0.039352
0 0.558073 0.501157 0.011979 0.039352
0 0.434766 0.546991 0.011198 0.038426
0 0.444661 0.546528 0.011198 0.038426
0 0.454557 0.545602 0.011198 0.038426
0 0.464974 0.544676 0.011198 0.038426
0 0.475000 0.543981 0.011458 0.038889
0 0.485286 0.543056 0.011198 0.038889
0 0.495703 0.542593 0.011198 0.038889
0 0.506120 0.541667 0.011198 0.038889
0 0.516536 0.540741 0.011198 0.038889
0 0.526953 0.540741 0.011198 0.038889
0 0.537500 0.539815 0.011979 0.037963
0 0.548177 0.538657 0.011979 0.038426
0 0.558724 0.538426 0.012240 0.038889
0 0.434375 0.587269 0.010937 0.039352
0 0.444531 0.585880 0.011458 0.039352
0 0.454688 0.585417 0.011458 0.039352
0 0.465104 0.584491 0.011458 0.039352
0 0.475260 0.584028 0.011458 0.039352
0 0.485677 0.583565 0.011458 0.039352
0 0.495964 0.582176 0.011719 0.039352
0 0.506380 0.582176 0.011719 0.039352
0 0.516797 0.581713 0.011719 0.039352
0 0.527604 0.581250 0.011458 0.039352
0 0.538281 0.580556 0.011979 0.039815
0 0.548698 0.580093 0.011979 0.039815
0 0.559245 0.578472 0.012240 0.040278
0 0.433984 0.624074 0.011198 0.038889
0 0.444271 0.622917 0.011979 0.039352
0 0.454297 0.622685 0.011719 0.038889
0 0.464974 0.622222 0.011719 0.038889
0 0.475391 0.621528 0.011719 0.039352
0 0.485547 0.621065 0.011719 0.039352
0 0.496224 0.620602 0.011719 0.039352
0 0.506641 0.620139 0.011719 0.039352
0 0.517318 0.619676 0.011719 0.039352
0 0.527865 0.618750 0.011979 0.039352
0 0.538411 0.618056 0.012240 0.039815
0 0.549219 0.617593 0.011979 0.039815
0 0.560026 0.617130 0.012240 0.040741
0 0.433854 0.665741 0.011458 0.039815
0 0.444271 0.665278 0.011458 0.039815
0 0.454427 0.664352 0.011458 0.039815
0 0.464974 0.663426 0.011719 0.039815
0 0.475391 0.663889 0.011719 0.039815
0 0.485938 0.662500 0.011458 0.039815
0 0.496615 0.662500 0.011458 0.039815
0 0.507161 0.661574 0.012240 0.040741
0 0.517708 0.661343 0.011979 0.040278
0 0.528125 0.660880 0.011979 0.040278
0 0.539062 0.660417 0.011979 0.040278
0 0.550000 0.659954 0.011979 0.040278
0 0.560807 0.659954 0.012240 0.039352
0 0.433594 0.703472 0.011458 0.040278
0 0.444271 0.703009 0.011458 0.040278
0 0.454427 0.702546 0.011458 0.040278
0 0.465104 0.702083 0.011458 0.040278
0 0.475521 0.701620 0.011979 0.040278
0 0.486198 0.700694 0.011979 0.040278
0 0.496615 0.700694 0.011979 0.040278
0 0.507422 0.700231 0.012240 0.041204
0 0.517839 0.699769 0.012240 0.041204
0 0.528776 0.699306 0.012240 0.041204
0 0.539844 0.699074 0.012500 0.041667
0 0.550781 0.699074 0.012500 0.041667
0 0.561198 0.698611 0.012500 0.041667
0 0.433594 0.745139 0.011458 0.041204
0 0.443750 0.744676 0.011458 0.041204
0 0.454427 0.744444 0.011458 0.041667
0 0.464844 0.744213 0.011458 0.041204
0 0.475521 0.743519 0.011458 0.041667
0 0.486328 0.743519 0.011719 0.041667
0 0.497005 0.743056 0.012240 0.041667
0 0.507682 0.743056 0.012240 0.041667
0 0.518359 0.743056 0.012240 0.041667
0 0.529297 0.742593 0.012240 0.041667
0 0.540234 0.742361 0.012240 0.042130
0 0.551302 0.742593 0.012500 0.041667
0 0.562240 0.742593 0.012500 0.041667
0 0.433333 0.784259 0.011458 0.041667
0 0.443750 0.783796 0.011458 0.041667
0 0.454167 0.783796 0.011458 0.041667
0 0.464844 0.783333 0.011458 0.041667
0 0.475911 0.783565 0.011719 0.041204
0 0.486458 0.783333 0.011979 0.041667
0 0.497396 0.782870 0.011979 0.041667
0 0.507943 0.782870 0.012240 0.041667
0 0.519010 0.782639 0.012500 0.042130
0 0.529687 0.783102 0.012500 0.042130
0 0.540625 0.782639 0.012500 0.042130
0 0.551823 0.782176 0.012500 0.042130
0 0.563021 0.782639 0.012500 0.042130
0 0.433333 0.827778 0.011458 0.041667
0 0.443750 0.827778 0.011458 0.041667
0 0.454427 0.827315 0.011458 0.041667
0 0.465234 0.827315 0.012240 0.041667
0 0.475911 0.827083 0.012240 0.043056
0 0.486589 0.827083 0.012240 0.043056
0 0.497266 0.826620 0.012240 0.043056
0 0.508203 0.827083 0.012240 0.043056
0 0.519401 0.826620 0.012240 0.043056
0 0.530339 0.826157 0.012240 0.043056
0 0.541536 0.826157 0.012240 0.043056
0 0.552474 0.826620 0.012240 0.043056
0 0.563932 0.826620 0.012240 0.043056
0 0.433073 0.867361 0.011979 0.042130
0 0.443490 0.867361 0.011979 0.042130
0 0.454297 0.867361 0.011719 0.043056
0 0.465234 0.867361 0.011719 0.043056
0 0.476172 0.867593 0.012240 0.043519
0 0.486589 0.867593 0.012240 0.043519
0 0.497656 0.867824 0.012500 0.043056
0 0.508594 0.867824 0.012500 0.043056
0 0.519661 0.866898 0.012240 0.043056
0 0.530859 0.867593 0.012760 0.043519
0 0.541797 0.867130 0.012760 0.043519
0 0.553125 0.867361 0.012500 0.043056
0 0.564453 0.867593 0.012240 0.043519
0 0.432943 0.911574 0.011719 0.041667
0 0.443620 0.911574 0.011719 0.041667
0 0.454557 0.911111 0.011719 0.041667
0 0.465234 0.911111 0.011719 0.041667
0 0.476432 0.911111 0.012240 0.042593
0 0.487109 0.911111 0.012240 0.042593
0 0.498047 0.911343 0.013281 0.043056
0 0.508984 0.912269 0.013281 0.043056
0 0.520443 0.911111 0.012760 0.043519
0 0.531380 0.911111 0.012760 0.043519
0 0.542839 0.911574 0.012760 0.043519
0 0.554036 0.911574 0.012760 0.043519
0 0.564974 0.911574 0.012760 0.043519
0 0.432812 0.951620 0.011979 0.043056
0 0.443750 0.951620 0.011979 0.043056
0 0.454688 0.952083 0.011979 0.043056
0 0.465365 0.951620 0.011979 0.043056
0 0.476172 0.952546 0.012760 0.043981
0 0.487370 0.952546 0.012760 0.043981
0 0.498307 0.952083 0.012760 0.043981
0 0.509505 0.952546 0.012760 0.043981
0 0.520443 0.952546 0.012760 0.043981
0 0.531901 0.953009 0.012760 0.043981
0 0.543099 0.953472 0.012760 0.043981
0 0.554818 0.953472 0.012760 0.043981
0 0.566016 0.953009 0.012760 0.043981
0 0.572526 0.131713 0.011198 0.036574
0 0.582682 0.132639 0.011198 0.036574
0 0.592839 0.133565 0.011198 0.036574
0 0.602083 0.134722 0.011458 0.036111
0 0.611979 0.134722 0.011458 0.036111
0 0.621875 0.136574 0.011458 0.036111
0 0.631510 0.137037 0.011458 0.036111
0 0.641536 0.138194 0.010677 0.035648
0 0.651172 0.138889 0.011719 0.036111
0 0.660807 0.140278 0.011719 0.036111
0 0.670443 0.140741 0.011719 0.036111
0 0.680208 0.141898 0.011458 0.036574
0 0.689583 0.141667 0.011458 0.037037
0 0.698958 0.143287 0.011979 0.037500
0 0.708724 0.144676 0.012240 0.035648
0 0.717969 0.145833 0.011458 0.034259
0 0.727344 0.146065 0.011979 0.035648
0 0.736589 0.146991 0.011198 0.034722
0 0.573177 0.164583 0.011458 0.037500
0 0.583203 0.165972 0.011719 0.036574
0 0.593099 0.167361 0.011719 0.036574
0 0.602995 0.168287 0.011719 0.036574
0 0.612760 0.168981 0.011458 0.036111
0 0.622656 0.170139 0.012500 0.035648
0 0.632422 0.170139 0.012240 0.035648
0 0.642448 0.171759 0.011979 0.035185
0 0.652083 0.172685 0.011979 0.035185
0 0.661719 0.173380 0.011458 0.035648
0 0.671354 0.173843 0.011458 0.035648
0 0.680859 0.174537 0.012240 0.036111
0 0.690495 0.175926 0.012240 0.036111
0 0.700391 0.176389 0.011719 0.036111
0 0.709375 0.176852 0.011458 0.035185
0 0.719531 0.178704 0.011458 0.035185
0 0.728906 0.179167 0.011458 0.035185
0 0.737500 0.180093 0.011458 0.035185
0 0.573828 0.202778 0.011719 0.037037
0 0.583464 0.204167 0.011719 0.037037
0 0.593359 0.203704 0.011719 0.037037
0 0.603516 0.205556 0.011719 0.037037
0 0.613672 0.206481 0.011719 0.037037
0 0.623568 0.206944 0.011719 0.037037
0 0.633464 0.207870 0.011719 0.037037
0 0.643099 0.208796 0.011719 0.037037
0 0.652995 0.209259 0.011719 0.037037
0 0.662630 0.210648 0.011719 0.037037
0 0.672526 0.211111 0.011719 0.037037
0 0.682161 0.212500 0.011719 0.037037
0 0.691536 0.213426 0.011719 0.037037
0 0.701432 0.213426 0.011719 0.037037
0 0.711068 0.215278 0.011719 0.036111
0 0.720443 0.216204 0.011719 0.036111
0 0.730078 0.216667 0.011719 0.036111
0 0.739714 0.218056 0.011719 0.036111
0 0.573828 0.237269 0.011719 0.037500
0 0.583984 0.237731 0.011719 0.037500
0 0.593880 0.239120 0.011719 0.037500
0 0.604036 0.239583 0.011719 0.037500
0 0.614453 0.240509 0.011719 0.037500
0 0.623828 0.241435 0.011719 0.037500
0 0.634245 0.241898 0.011719 0.037500
0 0.643880 0.242824 0.011719 0.037500
0 0.653776 0.243750 0.011719 0.037500
0 0.663802 0.244213 0.011979 0.036574
0 0.673438 0.245139 0.011979 0.036574
0 0.683073 0.246065 0.011979 0.036574
0 0.692969 0.246759 0.011979 0.035185
0 0.702734 0.247917 0.011198 0.035648
0 0.712109 0.248380 0.011198 0.035648
0 0.721875 0.249074 0.011458 0.036111
0 0.730990 0.249769 0.011979 0.035648
0 0.740625 0.250694 0.011979 0.035648
0 0.574479 0.276389 0.010937 0.037963
0 0.584115 0.277315 0.010937 0.037963
0 0.594792 0.277778 0.011458 0.037963
0 0.604427 0.278704 0.011458 0.037963
0 0.614583 0.279167 0.011458 0.037963
0 0.624740 0.280093 0.011979 0.037963
0 0.634896 0.281019 0.011979 0.037963
0 0.644531 0.281944 0.011979 0.037963
0 0.654818 0.282176 0.012240 0.036574
0 0.664193 0.282176 0.012240 0.036574
0 0.674219 0.282870 0.011458 0.037037
0 0.684115 0.283333 0.011458 0.037037
0 0.694010 0.284722 0.012500 0.037037
0 0.703906 0.285648 0.011979 0.036111
0 0.713281 0.285880 0.012500 0.036574
0 0.722917 0.287037 0.011979 0.036111
0 0.732552 0.287500 0.011979 0.036111
0 0.741927 0.287500 0.011979 0.036111
0 0.574740 0.311574 0.011458 0.037037
0 0.585156 0.311574 0.011458 0.037037
0 0.595182 0.312731 0.011719 0.038426
0 0.605078 0.313657 0.011719 0.038426
0 0.615495 0.314583 0.011719 0.038426
0 0.625391 0.314583 0.011719 0.038426
0 0.635807 0.315046 0.011719 0.038426
0 0.645443 0.315972 0.011719 0.038426
0 0.655599 0.316898 0.011719 0.038426
0 0.665234 0.317130 0.012240 0.037037
0 0.664974 0.317130 0.012240 0.037037
0 0.675651 0.317593 0.011719 0.037037
0 0.685286 0.318981 0.011719 0.037037
0 0.695312 0.318750 0.011979 0.037500
0 0.704948 0.319676 0.011979 0.036574
0 0.714844 0.320139 0.011979 0.036574
0 0.724609 0.320833 0.011719 0.037037
0 0.733984 0.321759 0.011719 0.037037
0 0.743620 0.321991 0.011719 0.035648
0 0.575651 0.351620 0.012240 0.038426
0 0.585677 0.351852 0.011979 0.037037
0 0.595833 0.352315 0.012500 0.037963
0 0.616536 0.353009 0.012240 0.037500
0 0.605599 0.351620 0.012240 0.037500
0 0.626432 0.353935 0.012240 0.037500
0 0.636068 0.353935 0.012240 0.037500
0 0.646484 0.354398 0.012240 0.037500
0 0.656120 0.355324 0.012240 0.037500
0 0.666797 0.355324 0.012240 0.037500
0 0.676432 0.356250 0.012240 0.037500
0 0.686458 0.356250 0.011979 0.036574
0 0.696094 0.356250 0.011979 0.036574
0 0.706510 0.357639 0.011979 0.036574
0 0.716146 0.357639 0.011979 0.036574
0 0.725781 0.358102 0.011979 0.036574
0 0.735547 0.358333 0.011719 0.037037
0 0.745052 0.359028 0.011458 0.036574
0 0.576172 0.386806 0.011719 0.038426
0 0.586068 0.387269 0.011719 0.038426
0 0.596484 0.387500 0.012240 0.037963
0 0.606641 0.388426 0.012240 0.037963
0 0.617057 0.388889 0.012240 0.037963
0 0.627214 0.389352 0.012240 0.037963
0 0.637370 0.389815 0.012240 0.037963
0 0.647005 0.389352 0.012240 0.037963
0 0.657813 0.390278 0.011979 0.037037
0 0.667708 0.390741 0.011979 0.037037
0 0.677865 0.391204 0.011979 0.037037
0 0.688021 0.391667 0.011979 0.037037
0 0.697917 0.391667 0.011979 0.037037
0 0.707552 0.392130 0.011979 0.037037
0 0.717839 0.393056 0.011719 0.037037
0 0.727474 0.393519 0.011719 0.037037
0 0.737109 0.393981 0.011719 0.037037
0 0.746224 0.393981 0.011719 0.037037
0 0.576953 0.426852 0.011719 0.038889
0 0.587370 0.427778 0.011719 0.038889
0 0.597266 0.427778 0.011719 0.038889
0 0.607682 0.428241 0.011719 0.038889
0 0.618099 0.428241 0.011719 0.038889
0 0.628255 0.429167 0.011719 0.038889
0 0.638411 0.429398 0.012240 0.038426
0 0.648828 0.430324 0.012240 0.038426
0 0.658984 0.430787 0.012240 0.038426
0 0.669141 0.431250 0.012240 0.038426
0 0.679427 0.432176 0.011979 0.038426
0 0.688802 0.432176 0.011979 0.038426
0 0.699219 0.432639 0.011979 0.038426
0 0.708854 0.433102 0.011979 0.038426
0 0.719271 0.433333 0.011979 0.037037
0 0.728906 0.433333 0.011979 0.037037
0 0.738542 0.434722 0.011979 0.037037
0 0.748698 0.433796 0.011979 0.037037
0 0.577604 0.463426 0.011979 0.038889
0 0.588021 0.463426 0.011979 0.038889
0 0.597917 0.463889 0.011979 0.038889
0 0.608333 0.464815 0.011979 0.038889
0 0.618750 0.464815 0.011979 0.038889
0 0.628906 0.465278 0.011979 0.038889
0 0.639323 0.465741 0.011979 0.038889
0 0.649479 0.466204 0.011979 0.038889
0 0.659766 0.466667 0.012240 0.038889
0 0.669922 0.467130 0.012240 0.038889
0 0.680339 0.467130 0.012240 0.038889
0 0.689974 0.467593 0.012240 0.038889
0 0.710547 0.468519 0.012240 0.038889
0 0.699609 0.467130 0.012240 0.038889
0 0.720313 0.468981 0.011979 0.037963
0 0.729948 0.468981 0.011979 0.037963
0 0.740104 0.469907 0.011979 0.037963
0 0.749740 0.470370 0.011979 0.037963
0 0.578255 0.500000 0.011198 0.038889
0 0.588542 0.500231 0.011979 0.039352
0 0.598437 0.501157 0.011979 0.039352
0 0.608854 0.501157 0.011979 0.039352
0 0.619271 0.501620 0.011979 0.039352
0 0.629687 0.501620 0.011979 0.039352
0 0.639844 0.502083 0.011979 0.039352
0 0.650781 0.503009 0.011979 0.039352
0 0.660417 0.503009 0.011979 0.039352
0 0.670964 0.503472 0.012760 0.039352
0 0.681380 0.503935 0.012760 0.039352
0 0.692057 0.504398 0.012760 0.039352
0 0.701432 0.504861 0.012760 0.039352
0 0.711458 0.505093 0.012500 0.038889
0 0.721354 0.505556 0.012500 0.038889
0 0.731641 0.506019 0.012240 0.037963
0 0.741276 0.506019 0.012240 0.037963
0 0.751172 0.506019 0.012240 0.037963
0 0.578646 0.537037 0.012500 0.039815
0 0.588542 0.537500 0.012500 0.039815
0 0.599219 0.537500 0.012500 0.039815
0 0.609896 0.538426 0.012500 0.039815
0 0.620313 0.538426 0.012500 0.039815
0 0.630729 0.538889 0.012500 0.039815
0 0.641406 0.539352 0.012500 0.039815
0 0.651563 0.539815 0.012500 0.039815
0 0.661979 0.539583 0.012500 0.039352
0 0.671875 0.539583 0.012500 0.039352
0 0.682292 0.540509 0.012500 0.039352
0 0.692187 0.540972 0.012500 0.039352
0 0.702865 0.541435 0.012500 0.039352
0 0.712760 0.541667 0.012500 0.038889
0 0.722917 0.542130 0.012500 0.038889
0 0.732812 0.542130 0.012500 0.037963
0 0.743229 0.542130 0.012500 0.037963
0 0.752865 0.542824 0.011458 0.038426
0 0.579297 0.578009 0.011719 0.039352
0 0.589714 0.578009 0.012240 0.040278
0 0.600391 0.578472 0.012240 0.039352
0 0.610547 0.578935 0.012240 0.039352
0 0.620964 0.578935 0.012240 0.039352
0 0.631641 0.579398 0.012240 0.039352
0 0.642318 0.579398 0.012240 0.039352
0 0.652734 0.579861 0.012240 0.039352
0 0.662891 0.580324 0.012240 0.039352
0 0.673568 0.580787 0.012240 0.039352
0 0.683203 0.581250 0.012240 0.039352
0 0.693620 0.581713 0.012240 0.039352
0 0.704036 0.581713 0.012240 0.039352
0 0.714193 0.582176 0.012240 0.039352
0 0.724349 0.582639 0.012240 0.039352
0 0.734245 0.583102 0.012240 0.039352
0 0.744401 0.582639 0.012240 0.039352
0 0.754297 0.582176 0.012240 0.039352
0 0.580208 0.615741 0.011979 0.039815
0 0.590104 0.616204 0.011979 0.039815
0 0.600781 0.616667 0.011979 0.039815
0 0.611719 0.616667 0.011979 0.039815
0 0.622396 0.617130 0.011979 0.039815
0 0.632552 0.616667 0.011979 0.039815
0 0.642969 0.617130 0.012500 0.038889
0 0.653255 0.617593 0.012760 0.039815
0 0.664193 0.618056 0.012760 0.039815
0 0.674740 0.618519 0.012500 0.039815
0 0.684896 0.618519 0.012500 0.039815
0 0.695182 0.618981 0.012240 0.039815
0 0.705078 0.619444 0.012240 0.039815
0 0.715495 0.619444 0.012240 0.039815
0 0.725130 0.619907 0.012240 0.039815
0 0.735807 0.619907 0.012240 0.039815
0 0.745964 0.619676 0.011719 0.038426
0 0.755599 0.619676 0.011719 0.038426
0 0.580729 0.658333 0.012500 0.040741
0 0.590885 0.659259 0.012500 0.040741
0 0.601823 0.658796 0.012500 0.040741
0 0.612500 0.658333 0.012500 0.040741
0 0.623177 0.658796 0.012500 0.040741
0 0.633333 0.659259 0.012500 0.040741
0 0.644271 0.660185 0.012500 0.040741
0 0.654948 0.659722 0.012500 0.040741
0 0.664844 0.659722 0.012500 0.040741
0 0.676302 0.660417 0.012500 0.039352
0 0.685937 0.660880 0.012500 0.039352
0 0.696354 0.659954 0.012500 0.039352
0 0.706510 0.659954 0.012500 0.039352
0 0.716667 0.660417 0.012500 0.039352
0 0.727344 0.660417 0.012500 0.039352
0 0.737240 0.660880 0.012500 0.039352
0 0.746615 0.660417 0.012500 0.039352
0 0.757292 0.660417 0.012500 0.039352
0 0.581641 0.697685 0.011719 0.041667
0 0.592057 0.698148 0.011719 0.041667
0 0.602995 0.698148 0.011719 0.041667
0 0.613542 0.697917 0.011979 0.041204
0 0.623698 0.697917 0.011979 0.041204
0 0.634766 0.698148 0.012760 0.040741
0 0.645182 0.697685 0.012760 0.040741
0 0.655599 0.698148 0.012760 0.040741
0 0.666536 0.698148 0.012760 0.040741
0 0.676693 0.698611 0.012760 0.040741
0 0.687370 0.698611 0.012760 0.040741
0 0.697917 0.698380 0.012500 0.040278
0 0.707812 0.698843 0.012500 0.040278
0 0.718229 0.697917 0.012500 0.040278
0 0.728385 0.698843 0.012500 0.040278
0 0.738542 0.698380 0.012500 0.040278
0 0.748698 0.698380 0.012500 0.040278
0 0.758594 0.697917 0.012500 0.040278
0 0.582031 0.739815 0.011979 0.041667
0 0.593099 0.740509 0.012240 0.041204
0 0.603776 0.740509 0.012760 0.042130
0 0.614714 0.740509 0.012760 0.042130
0 0.625391 0.740046 0.012760 0.042130
0 0.636068 0.740509 0.012760 0.042130
0 0.646615 0.740741 0.012500 0.041667
0 0.657292 0.740741 0.012500 0.041667
0 0.667448 0.740278 0.012500 0.041667
0 0.678385 0.740741 0.012500 0.041667
0 0.688802 0.740741 0.012500 0.041667
0 0.699349 0.740046 0.012760 0.040278
0 0.709245 0.740046 0.012760 0.040278
0 0.719661 0.740509 0.012760 0.040278
0 0.730078 0.740046 0.012240 0.040278
0 0.739974 0.740046 0.012240 0.040278
0 0.750130 0.740046 0.012240 0.040278
0 0.760286 0.739583 0.012240 0.040278
0 0.583073 0.780556 0.012500 0.041667
0 0.594010 0.780093 0.012500 0.041667
0 0.604948 0.780556 0.012500 0.041667
0 0.615885 0.779630 0.012500 0.041667
0 0.626563 0.780093 0.012500 0.041667
0 0.636979 0.780556 0.012500 0.041667
0 0.647656 0.780093 0.012500 0.041667
0 0.658073 0.779167 0.012500 0.041667
0 0.668490 0.779167 0.012500 0.041667
0 0.679167 0.779167 0.012500 0.041667
0 0.689844 0.779630 0.012500 0.041667
0 0.700521 0.779167 0.012500 0.041667
0 0.710677 0.779630 0.012500 0.041667
0 0.721094 0.779167 0.012500 0.041667
0 0.731250 0.779167 0.012500 0.041667
0 0.741667 0.778704 0.012500 0.041667
0 0.751953 0.778472 0.012760 0.040278
0 0.761849 0.777083 0.012760 0.040278
0 0.583854 0.824306 0.012500 0.043056
0 0.594792 0.823843 0.012500 0.043056
0 0.605990 0.824306 0.012500 0.043056
0 0.616406 0.823843 0.012500 0.043056
0 0.627344 0.823843 0.012500 0.043056
0 0.637760 0.823843 0.012500 0.043056
0 0.648958 0.823611 0.012500 0.041667
0 0.659505 0.823611 0.012760 0.041667
0 0.669922 0.822685 0.012760 0.041667
0 0.680469 0.822222 0.011979 0.040741
0 0.691146 0.821759 0.011979 0.040741
0 0.701823 0.821759 0.011979 0.040741
0 0.712500 0.822222 0.011979 0.040741
0 0.722135 0.821296 0.011979 0.040741
0 0.733073 0.821296 0.011979 0.040741
0 0.743229 0.820370 0.011979 0.040741
0 0.753125 0.820833 0.011979 0.040741
0 0.763802 0.819907 0.011979 0.040741
0 0.585026 0.865278 0.012240 0.042593
0 0.595703 0.864815 0.012240 0.042593
0 0.606901 0.864352 0.012240 0.042593
0 0.617578 0.864352 0.012240 0.042593
0 0.628516 0.864352 0.012240 0.042593
0 0.639193 0.863889 0.012240 0.042593
0 0.650391 0.863426 0.012240 0.042593
0 0.660547 0.862963 0.012240 0.042593
0 0.671224 0.862500 0.012240 0.042593
0 0.681641 0.862500 0.012240 0.042593
0 0.692578 0.862037 0.012240 0.042593
0 0.702995 0.862037 0.012240 0.042593
0 0.713411 0.862037 0.012240 0.042593
0 0.723828 0.861111 0.012240 0.042593
0 0.734245 0.861111 0.012240 0.042593
0 0.744661 0.860648 0.012240 0.042593
0 0.755078 0.860648 0.012240 0.042593
0 0.765104 0.860185 0.012500 0.041667
0 0.585807 0.912037 0.011719 0.043519
0 0.596745 0.911343 0.012240 0.043056
0 0.607552 0.911111 0.013021 0.043519
0 0.618490 0.910185 0.013021 0.043519
0 0.629167 0.910185 0.013021 0.043519
0 0.640365 0.909722 0.013021 0.043519
0 0.650781 0.908796 0.013021 0.043519
0 0.661979 0.909259 0.013021 0.043519
0 0.672656 0.908333 0.013021 0.042593
0 0.683073 0.908333 0.013542 0.042593
0 0.693750 0.907870 0.013542 0.042593
0 0.704557 0.907639 0.012760 0.042130
0 0.714453 0.905787 0.012760 0.042130
0 0.725391 0.906250 0.012760 0.042130
0 0.736198 0.905787 0.012500 0.042130
0 0.746094 0.904861 0.012500 0.042130
0 0.756510 0.903935 0.012500 0.042130
0 0.767057 0.904167 0.012760 0.041667
0 0.586589 0.953472 0.012240 0.043981
0 0.597786 0.953009 0.012240 0.043981
0 0.608203 0.952083 0.013281 0.044907
0 0.619010 0.951620 0.013542 0.043981
0 0.630339 0.951620 0.012760 0.043981
0 0.641536 0.950463 0.013802 0.044444
0 0.652083 0.950231 0.013021 0.043981
0 0.662500 0.949769 0.013021 0.043981
0 0.673698 0.949306 0.013021 0.043981
0 0.683984 0.948611 0.013281 0.042593
0 0.694922 0.948148 0.013281 0.043519
0 0.705859 0.947685 0.013281 0.043519
0 0.715755 0.947222 0.013281 0.042593
0 0.726432 0.946759 0.013281 0.042593
0 0.737109 0.945833 0.013281 0.042593
0 0.747786 0.945370 0.013281 0.042593
0 0.758464 0.944907 0.013281 0.042593
0 0.768620 0.944213 0.012760 0.042130
