0 0.093490 0.272917 0.072396 0.052315
0 0.082943 0.317361 0.076302 0.055093
0 0.069141 0.365741 0.077344 0.058333
0 0.056771 0.415741 0.077604 0.060185
0 0.153646 0.276852 0.073438 0.053704
0 0.143359 0.323380 0.075781 0.057870
0 0.132422 0.370602 0.076302 0.058796
0 0.120313 0.422917 0.078646 0.061574
0 0.105208 0.475231 0.079687 0.065278
0 0.216276 0.280787 0.073177 0.052315
0 0.206380 0.328935 0.074740 0.056019
0 0.195573 0.377315 0.077604 0.058333
0 0.178906 0.463657 0.079167 0.063426
0 0.166536 0.517824 0.083073 0.067130
0 0.153776 0.576389 0.082031 0.069444
0 0.278255 0.285880 0.073177 0.053241
0 0.270833 0.332407 0.075521 0.056481
0 0.261719 0.381944 0.077083 0.057407
0 0.245443 0.469676 0.080990 0.063426
0 0.236979 0.525000 0.082292 0.066667
0 0.227474 0.584028 0.082552 0.071759
0 0.343229 0.289815 0.071354 0.053704
0 0.335417 0.337037 0.075000 0.057407
0 0.328646 0.387500 0.077604 0.057407
0 0.315495 0.476389 0.079948 0.060185
0 0.307812 0.532870 0.081771 0.068519
0 0.298177 0.591435 0.084896 0.073611
0 0.407422 0.293750 0.072656 0.056019
0 0.402214 0.341898 0.074740 0.059722
0 0.397135 0.392824 0.075521 0.063426
0 0.385937 0.481481 0.079167 0.064815
0 0.378906 0.539352 0.081250 0.066667
0 0.371484 0.600000 0.084115 0.074074
0 0.473958 0.298843 0.071875 0.056019
0 0.470052 0.345833 0.073438 0.059259
0 0.465755 0.399769 0.074740 0.060648
0 0.457161 0.489815 0.078385 0.066667
0 0.452083 0.546065 0.079687 0.069907
0 0.447266 0.607407 0.082031 0.073148
0 0.541927 0.302546 0.071875 0.057870
0 0.538542 0.352778 0.073958 0.058333
0 0.535156 0.403935 0.074479 0.064352
0 0.530208 0.496528 0.077604 0.067130
0 0.526302 0.554398 0.080208 0.070833
0 0.523047 0.615278 0.081510 0.075926
0 0.610547 0.305787 0.072656 0.059722
0 0.608333 0.357407 0.073958 0.060185
0 0.607422 0.408333 0.075781 0.062963
0 0.604818 0.501852 0.077865 0.068519
0 0.602865 0.562731 0.078646 0.073611
0 0.601953 0.623843 0.082031 0.078241
0 0.699479 0.262037 0.078646 0.057407
0 0.698698 0.315509 0.081250 0.063426
0 0.700130 0.372454 0.082552 0.065278
0 0.700521 0.458102 0.085417 0.068981
0 0.701693 0.521296 0.088281 0.074074
0 0.702474 0.588657 0.090885 0.077315
0 0.776953 0.264120 0.079948 0.059722
0 0.779167 0.318519 0.086458 0.064815
0 0.780990 0.375463 0.086458 0.067593
0 0.785547 0.465046 0.089844 0.072685
0 0.789583 0.530093 0.091667 0.075000
0 0.791667 0.598148 0.093750 0.078704
0 0.856120 0.266435 0.085677 0.055093
0 0.860026 0.322222 0.088281 0.063889
0 0.865234 0.380787 0.090365 0.067130
0 0.872917 0.469676 0.092708 0.072685
0 0.878255 0.537500 0.096615 0.074074
0 0.883203 0.606250 0.098698 0.083796
