0 0.807161 0.463657 0.021615 0.041204
0 0.820443 0.461343 0.021615 0.041204
0 0.833984 0.459028 0.021615 0.041204
0 0.848047 0.457176 0.021615 0.041204
0 0.860286 0.455787 0.021615 0.041204
0 0.814453 0.501157 0.021615 0.041204
0 0.828255 0.500694 0.021615 0.041204
0 0.842578 0.499306 0.021615 0.041204
0 0.855339 0.497917 0.021615 0.041204
0 0.869401 0.495139 0.022656 0.041204
0 0.862891 0.544907 0.024219 0.046296
0 0.876953 0.541667 0.024219 0.046296
0 0.891276 0.542130 0.024219 0.046296
0 0.879036 0.616204 0.025781 0.049074
0 0.893880 0.613426 0.025781 0.049074
0 0.910026 0.610185 0.025781 0.049074
0 0.244531 0.464352 0.029687 0.079630
0 0.269271 0.461574 0.029687 0.079630
0 0.294531 0.459722 0.029687 0.079630
0 0.319792 0.457407 0.029687 0.079630
0 0.345573 0.454630 0.029687 0.079630
0 0.370312 0.453241 0.029687 0.079630
0 0.396354 0.449074 0.029687 0.079630
0 0.420573 0.446296 0.029687 0.079630
0 0.445573 0.443056 0.029687 0.079630
0 0.470573 0.442130 0.029687 0.079630
0 0.494010 0.436574 0.029687 0.079630
0 0.520052 0.434259 0.029687 0.079630
0 0.543490 0.430556 0.029687 0.079630
0 0.567708 0.427778 0.029687 0.079630
0 0.593099 0.425926 0.032031 0.077778
0 0.618359 0.421296 0.032031 0.077778
0 0.642578 0.419907 0.032031 0.077778
0 0.666536 0.415046 0.034635 0.077315
0 0.692057 0.410417 0.034635 0.077315
0 0.716276 0.407639 0.034635 0.077315
0 0.739974 0.403009 0.034635 0.077315
0 0.764714 0.403241 0.036719 0.077778
0 0.239063 0.540972 0.032813 0.082870
0 0.265104 0.538194 0.032813 0.082870
0 0.292187 0.535417 0.032813 0.082870
0 0.317188 0.531713 0.032813 0.082870
0 0.344792 0.528241 0.030208 0.084259
0 0.370312 0.525463 0.029167 0.083333
0 0.396615 0.523148 0.029167 0.083333
0 0.421354 0.518056 0.029167 0.083333
0 0.447135 0.514815 0.029167 0.083333
0 0.472656 0.510185 0.029167 0.083333
0 0.498307 0.510185 0.033073 0.085185
0 0.524479 0.507639 0.031250 0.081019
0 0.548698 0.502546 0.032292 0.081944
0 0.573698 0.499306 0.032292 0.081944
0 0.599089 0.498148 0.034635 0.082407
0 0.625130 0.494907 0.034635 0.082407
0 0.650651 0.491204 0.034635 0.082407
0 0.676953 0.487963 0.034635 0.082407
0 0.701432 0.483796 0.034635 0.082407
0 0.726172 0.481944 0.034635 0.082407
0 0.753125 0.478241 0.036458 0.081481
0 0.776302 0.474306 0.038542 0.081019
0 0.233203 0.623843 0.033594 0.091204
0 0.261328 0.621065 0.033594 0.091204
0 0.288672 0.618750 0.033594 0.091204
0 0.316016 0.614583 0.033594 0.091204
0 0.712630 0.562500 0.037240 0.085185
0 0.737630 0.557407 0.037240 0.085185
0 0.762891 0.556944 0.037240 0.085185
0 0.789714 0.553241 0.037760 0.084259
0 0.229036 0.711574 0.034635 0.098148
0 0.257682 0.710648 0.032552 0.099074
0 0.284505 0.705787 0.030469 0.095833
0 0.313021 0.700926 0.031250 0.096296
0 0.341927 0.698148 0.031250 0.096296
0 0.368750 0.693056 0.031250 0.096296
0 0.397135 0.688426 0.031250 0.096296
0 0.424219 0.687500 0.031250 0.096296
0 0.452083 0.680556 0.031250 0.096296
0 0.479036 0.678009 0.033073 0.093056
0 0.505859 0.673843 0.033073 0.093056
0 0.532422 0.671065 0.033073 0.093056
0 0.560286 0.666435 0.033073 0.093056
0 0.586849 0.661343 0.035156 0.091204
0 0.613672 0.660417 0.035156 0.091204
0 0.642057 0.656250 0.035156 0.091204
0 0.669401 0.653472 0.037240 0.091204
0 0.696224 0.650694 0.037240 0.091204
0 0.722526 0.646296 0.040365 0.090741
0 0.750130 0.643056 0.040365 0.090741
0 0.777214 0.639352 0.040365 0.090741
0 0.803255 0.637500 0.040365 0.090741
0 0.224479 0.806481 0.035937 0.104630
0 0.252214 0.802778 0.034635 0.104630
0 0.282161 0.800926 0.034635 0.104630
0 0.310026 0.794213 0.032552 0.103241
0 0.339193 0.790972 0.032552 0.103241
0 0.369401 0.787269 0.032552 0.103241
0 0.397266 0.781713 0.032552 0.103241
0 0.427214 0.778009 0.032552 0.103241
0 0.454818 0.775694 0.032552 0.103241
0 0.483203 0.770602 0.032552 0.103241
0 0.511328 0.766435 0.032552 0.103241
0 0.540104 0.762500 0.035937 0.101852
0 0.567708 0.759722 0.035937 0.101852
0 0.595313 0.756019 0.035937 0.101852
0 0.623437 0.753704 0.035937 0.101852
0 0.651432 0.748380 0.038281 0.097685
0 0.679297 0.743750 0.038281 0.097685
0 0.707943 0.740046 0.038281 0.097685
0 0.736458 0.737037 0.040625 0.096296
0 0.763281 0.733796 0.040625 0.096296
0 0.791016 0.728009 0.042969 0.095833
0 0.819661 0.723843 0.042969 0.095833
