0 0.285938 0.377778 0.025000 0.018519
0 0.283333 0.389815 0.025000 0.018519
0 0.280990 0.400926 0.025000 0.018519
0 0.278385 0.414352 0.025000 0.018519
0 0.275781 0.428704 0.025000 0.018519
0 0.306250 0.382870 0.025000 0.018519
0 0.304167 0.395370 0.025000 0.018519
0 0.302083 0.406944 0.025000 0.018519
0 0.300260 0.419444 0.025000 0.018519
0 0.297396 0.433796 0.025000 0.018519
0 0.345313 0.363889 0.023958 0.019444
0 0.342708 0.376852 0.023958 0.019444
0 0.340755 0.385880 0.022656 0.014352
0 0.369401 0.371759 0.004427 0.019444
0 0.368099 0.382639 0.005469 0.015278
0 0.366667 0.395602 0.005208 0.017130
0 0.400521 0.268750 0.034375 0.031944
0 0.399089 0.287037 0.038802 0.032407
0 0.397266 0.306019 0.038802 0.032407
0 0.395182 0.324074 0.038802 0.032407
0 0.393620 0.344907 0.038802 0.032407
0 0.390495 0.363194 0.039844 0.034722
0 0.388672 0.383565 0.039844 0.034722
0 0.386328 0.407639 0.039844 0.034722
0 0.382552 0.426852 0.041146 0.035185
0 0.380599 0.450000 0.042969 0.037037
0 0.377995 0.473148 0.044010 0.037963
0 0.373958 0.497917 0.043750 0.038426
0 0.371094 0.523843 0.043750 0.038426
0 0.367448 0.550926 0.044792 0.040741
0 0.363932 0.576157 0.046615 0.043056
0 0.359766 0.606713 0.046615 0.043056
0 0.356771 0.634259 0.047917 0.046296
0 0.352995 0.665278 0.049740 0.045370
0 0.349609 0.698611 0.051302 0.045370
0 0.344401 0.731019 0.051302 0.045370
0 0.340234 0.767130 0.052865 0.050926
0 0.335026 0.805787 0.054948 0.052315
0 0.433073 0.280324 0.034375 0.031944
0 0.432682 0.296528 0.036198 0.033796
0 0.430599 0.318287 0.036198 0.033796
0 0.428255 0.334954 0.036198 0.033796
0 0.427083 0.355556 0.037500 0.034259
0 0.425000 0.374537 0.037500 0.034259
0 0.423958 0.396759 0.037500 0.034259
0 0.422005 0.416898 0.039323 0.035648
0 0.419922 0.437269 0.039323 0.035648
0 0.417578 0.462269 0.039323 0.035648
0 0.415755 0.484722 0.041927 0.037963
0 0.412370 0.510648 0.041927 0.037963
0 0.410026 0.534259 0.041927 0.037963
0 0.408203 0.562037 0.043490 0.039815
0 0.405208 0.589815 0.045312 0.040741
0 0.403385 0.617593 0.045312 0.040741
0 0.400000 0.649074 0.045312 0.040741
0 0.397266 0.678935 0.046615 0.046759
0 0.393750 0.711111 0.047917 0.046296
0 0.390885 0.745139 0.051042 0.049537
0 0.387109 0.778009 0.051302 0.052315
0 0.383594 0.816667 0.053125 0.053704
0 0.466927 0.291435 0.034896 0.032870
0 0.464844 0.310880 0.034896 0.032870
0 0.463281 0.328935 0.034896 0.032870
0 0.462240 0.346528 0.034896 0.032870
0 0.438281 0.722685 0.046875 0.046296
0 0.436068 0.755556 0.048177 0.048148
0 0.433984 0.791667 0.048698 0.050926
0 0.430990 0.828009 0.050521 0.052315
0 0.497917 0.303935 0.034896 0.032870
0 0.497135 0.321991 0.034896 0.032870
0 0.495052 0.341435 0.034896 0.032870
0 0.494792 0.358102 0.034896 0.032870
0 0.494531 0.377546 0.034896 0.032870
0 0.493750 0.399769 0.034896 0.032870
0 0.493490 0.418750 0.034896 0.032870
0 0.492969 0.440278 0.036458 0.036111
0 0.491667 0.462963 0.036458 0.036111
0 0.491276 0.484722 0.037760 0.037963
0 0.490234 0.508796 0.037760 0.037963
0 0.489453 0.533102 0.038802 0.037500
0 0.488411 0.558565 0.038802 0.037500
0 0.487109 0.584954 0.040885 0.037500
0 0.487370 0.610880 0.040885 0.037500
0 0.485807 0.640509 0.041406 0.040278
0 0.485026 0.671065 0.042969 0.043981
0 0.483464 0.702083 0.042969 0.043981
0 0.481901 0.734028 0.045573 0.048611
0 0.481120 0.769213 0.045573 0.048611
0 0.479297 0.802546 0.045573 0.048611
0 0.478385 0.841204 0.048438 0.050926
0 0.529948 0.313194 0.033854 0.030093
0 0.528385 0.331713 0.033854 0.030093
0 0.528646 0.348380 0.033854 0.030093
0 0.527865 0.371065 0.033854 0.030093
0 0.527604 0.389120 0.035937 0.031019
0 0.528646 0.408565 0.035937 0.031019
0 0.528385 0.431250 0.035937 0.031019
0 0.527865 0.450463 0.036458 0.035185
0 0.527865 0.472454 0.037500 0.032870
0 0.527474 0.495139 0.039323 0.035648
0 0.527734 0.519213 0.039323 0.035648
0 0.527865 0.544907 0.039583 0.041667
0 0.527083 0.571065 0.039583 0.040278
0 0.526042 0.597917 0.039583 0.040278
0 0.525521 0.624769 0.039583 0.040278
0 0.526042 0.651620 0.041667 0.041204
0 0.525911 0.682407 0.043490 0.041667
0 0.525521 0.713194 0.045312 0.043981
0 0.525651 0.746296 0.046094 0.047222
0 0.525651 0.780093 0.046094 0.047222
0 0.524349 0.815278 0.047656 0.049074
0 0.524609 0.853241 0.047656 0.049074
