0 0.818620 0.320139 0.020573 0.044907
0 0.831901 0.319213 0.020573 0.044907
0 0.845703 0.316204 0.022135 0.045370
0 0.859766 0.313889 0.022135 0.045370
0 0.873047 0.312500 0.022135 0.045370
0 0.824609 0.361574 0.022135 0.046296
0 0.839453 0.360648 0.022135 0.046296
0 0.853255 0.358796 0.022135 0.046296
0 0.867057 0.355093 0.022135 0.046296
0 0.880599 0.354167 0.022135 0.046296
0 0.873047 0.408102 0.022656 0.048611
0 0.887891 0.404861 0.022656 0.048611
0 0.902734 0.403472 0.022656 0.048611
0 0.887240 0.481713 0.024479 0.052315
0 0.902995 0.478704 0.025781 0.050000
0 0.917708 0.476157 0.025000 0.052315
0 0.243750 0.356019 0.029687 0.086111
0 0.269531 0.352778 0.029687 0.086111
0 0.295052 0.349074 0.029687 0.086111
0 0.320052 0.348148 0.029687 0.086111
0 0.346875 0.343981 0.029687 0.086111
0 0.372396 0.342130 0.029687 0.086111
0 0.398177 0.339815 0.029687 0.086111
0 0.423958 0.335185 0.029687 0.086111
0 0.449219 0.331944 0.029687 0.086111
0 0.475521 0.330093 0.029687 0.086111
0 0.500000 0.326852 0.029687 0.086111
0 0.525260 0.322685 0.029687 0.086111
0 0.550260 0.319444 0.029687 0.086111
0 0.575781 0.315046 0.032292 0.085648
0 0.601823 0.312269 0.032292 0.085648
0 0.627083 0.309491 0.032292 0.085648
0 0.652474 0.305093 0.034635 0.084259
0 0.677995 0.300000 0.034635 0.084259
0 0.703516 0.296759 0.034635 0.084259
0 0.727734 0.293981 0.036198 0.082407
0 0.752734 0.291204 0.036198 0.082407
0 0.778516 0.287037 0.036198 0.082407
0 0.238802 0.435648 0.029167 0.088889
0 0.266667 0.433333 0.029167 0.088889
0 0.292839 0.429167 0.030990 0.090741
0 0.319922 0.425000 0.030990 0.090741
0 0.346484 0.421759 0.030990 0.090741
0 0.373047 0.420833 0.030990 0.090741
0 0.399609 0.417130 0.030990 0.090741
0 0.425651 0.414815 0.030990 0.090741
0 0.450911 0.412963 0.030990 0.090741
0 0.477214 0.407870 0.032552 0.086111
0 0.503255 0.404630 0.032552 0.086111
0 0.530599 0.400000 0.032552 0.086111
0 0.555078 0.397685 0.032552 0.086111
0 0.581641 0.393519 0.032552 0.086111
0 0.608203 0.389352 0.032552 0.086111
0 0.633464 0.386111 0.032552 0.086111
0 0.659896 0.383333 0.034896 0.084259
0 0.685937 0.380556 0.034896 0.084259
0 0.711198 0.374769 0.036458 0.084722
0 0.737500 0.371065 0.036458 0.084722
0 0.762760 0.368287 0.036458 0.084722
0 0.789062 0.364583 0.036458 0.084722
0 0.236849 0.521065 0.031510 0.094907
0 0.264714 0.518287 0.031510 0.094907
0 0.292057 0.513194 0.031510 0.094907
0 0.318880 0.509491 0.031510 0.094907
0 0.721745 0.457639 0.036198 0.091204
0 0.747526 0.453009 0.036198 0.091204
0 0.773568 0.451157 0.038802 0.091204
0 0.800521 0.445602 0.038021 0.087500
0 0.233724 0.613194 0.031510 0.094907
0 0.262630 0.607639 0.031510 0.094907
0 0.289974 0.604398 0.031510 0.094907
0 0.318359 0.600694 0.031510 0.094907
0 0.347005 0.596065 0.031510 0.094907
0 0.374870 0.593750 0.031510 0.094907
0 0.402734 0.589583 0.031510 0.094907
0 0.429036 0.584954 0.031510 0.094907
0 0.455859 0.580787 0.031510 0.094907
0 0.483724 0.578009 0.031510 0.094907
0 0.511849 0.572917 0.031510 0.094907
0 0.538411 0.570139 0.031510 0.094907
0 0.566276 0.565972 0.035156 0.092130
0 0.593099 0.562731 0.035156 0.092130
0 0.620313 0.559259 0.036458 0.095370
0 0.648177 0.556019 0.036458 0.095370
0 0.675521 0.552778 0.036458 0.095370
0 0.703516 0.549074 0.038281 0.094444
0 0.730859 0.545370 0.038281 0.094444
0 0.756901 0.541204 0.038281 0.094444
0 0.785026 0.536806 0.040365 0.093056
0 0.812891 0.534028 0.040365 0.093056
0 0.232161 0.706713 0.033073 0.102315
0 0.261068 0.703935 0.033073 0.102315
0 0.287891 0.698843 0.033073 0.102315
0 0.317057 0.694676 0.033073 0.102315
0 0.345964 0.691435 0.033073 0.102315
0 0.374089 0.687731 0.033073 0.102315
0 0.402734 0.682176 0.033073 0.102315
0 0.431380 0.675231 0.033073 0.102315
0 0.458984 0.675231 0.033073 0.102315
0 0.487370 0.668750 0.033073 0.102315
0 0.516016 0.665046 0.033073 0.102315
0 0.543880 0.662269 0.033073 0.102315
0 0.572786 0.657176 0.033073 0.102315
0 0.600781 0.654167 0.034896 0.100000
0 0.627995 0.651157 0.037240 0.099537
0 0.656771 0.645833 0.037500 0.099074
0 0.685156 0.644444 0.037500 0.099074
0 0.712500 0.639815 0.037500 0.099074
0 0.741406 0.635648 0.039583 0.098148
0 0.769271 0.632407 0.039583 0.098148
0 0.796875 0.628241 0.039583 0.098148
0 0.824089 0.624769 0.041406 0.096759
