0 0.298568 0.329398 0.022656 0.017130
0 0.296354 0.340278 0.022917 0.018519
0 0.293750 0.352315 0.022917 0.018519
0 0.291146 0.362963 0.022917 0.018519
0 0.289193 0.375463 0.023698 0.020370
0 0.318359 0.333565 0.022656 0.017130
0 0.315755 0.344213 0.022656 0.017130
0 0.313672 0.356713 0.022656 0.017130
0 0.311719 0.368287 0.023958 0.018056
0 0.310156 0.380324 0.023958 0.018056
0 0.356120 0.315278 0.023698 0.017593
0 0.353776 0.326852 0.023177 0.019444
0 0.351953 0.334954 0.023177 0.011574
0 0.379297 0.321065 0.005469 0.014352
0 0.377734 0.331944 0.004427 0.012963
0 0.376172 0.343981 0.004427 0.012963
0 0.411719 0.205093 0.034375 0.028704
0 0.410417 0.220833 0.034375 0.028704
0 0.407813 0.236574 0.034375 0.028704
0 0.405990 0.253241 0.034375 0.028704
0 0.404297 0.270370 0.035677 0.030556
0 0.401693 0.287037 0.035677 0.030556
0 0.400130 0.306481 0.035677 0.030556
0 0.397917 0.324537 0.036458 0.033333
0 0.395833 0.343750 0.038542 0.034722
0 0.393750 0.364583 0.038542 0.034722
0 0.390495 0.385185 0.040365 0.034259
0 0.387891 0.406481 0.040365 0.034259
0 0.384505 0.428704 0.040365 0.034259
0 0.382682 0.452083 0.041927 0.034722
0 0.379557 0.475694 0.041927 0.034722
0 0.375651 0.498843 0.042969 0.036574
0 0.372526 0.525463 0.042969 0.036111
0 0.369401 0.551620 0.045052 0.037500
0 0.365885 0.579167 0.045833 0.040741
0 0.362109 0.607639 0.047135 0.043056
0 0.358203 0.636806 0.047135 0.043056
0 0.354687 0.668750 0.048438 0.044907
0 0.442188 0.214815 0.034375 0.028704
0 0.440365 0.232407 0.034375 0.028704
0 0.438802 0.248611 0.034375 0.028704
0 0.438281 0.265278 0.034375 0.028704
0 0.436458 0.281944 0.034375 0.028704
0 0.435547 0.299306 0.034635 0.030093
0 0.434115 0.318287 0.035937 0.031019
0 0.431510 0.336806 0.035937 0.031019
0 0.431120 0.356713 0.037240 0.032870
0 0.428516 0.375231 0.037240 0.032870
0 0.426563 0.397454 0.039062 0.034722
0 0.425000 0.418287 0.039062 0.034722
0 0.422396 0.441435 0.039062 0.034722
0 0.419792 0.463194 0.039062 0.034722
0 0.418099 0.487731 0.040885 0.038426
0 0.415495 0.512269 0.040885 0.038426
0 0.412760 0.537037 0.043229 0.037963
0 0.410156 0.563657 0.043750 0.039352
0 0.407682 0.591667 0.045052 0.042593
0 0.404687 0.618519 0.045833 0.042593
0 0.402604 0.650000 0.045833 0.042593
0 0.398828 0.680787 0.047656 0.045833
0 0.473047 0.226852 0.033073 0.026852
0 0.472396 0.242593 0.034375 0.028704
0 0.470313 0.260185 0.034375 0.028704
0 0.469531 0.275926 0.034375 0.028704
0 0.448958 0.603241 0.045312 0.041667
0 0.447396 0.631481 0.045833 0.043519
0 0.444792 0.660648 0.045833 0.043519
0 0.442448 0.692593 0.045833 0.043519
0 0.503255 0.238657 0.032031 0.028241
0 0.502734 0.253009 0.032031 0.028241
0 0.501432 0.269213 0.032031 0.028241
0 0.501432 0.287269 0.032031 0.028241
0 0.501563 0.303704 0.034375 0.029630
0 0.500781 0.320833 0.034375 0.029630
0 0.499479 0.341667 0.034375 0.029630
0 0.498177 0.359259 0.034375 0.029630
0 0.498307 0.378241 0.035677 0.032407
0 0.496484 0.399537 0.035677 0.032407
0 0.497005 0.418981 0.035677 0.032407
0 0.495443 0.441204 0.035677 0.032407
0 0.494141 0.463426 0.035677 0.032407
0 0.493750 0.486806 0.036979 0.036574
0 0.493490 0.511806 0.036979 0.036574
0 0.492839 0.535185 0.039323 0.036111
0 0.491406 0.560185 0.040625 0.039815
0 0.490365 0.587037 0.040625 0.039815
0 0.488802 0.615046 0.042188 0.041204
0 0.487500 0.643287 0.042188 0.041204
0 0.486849 0.672222 0.043490 0.043519
0 0.485807 0.705556 0.043490 0.043519
0 0.533333 0.248148 0.030729 0.027778
0 0.532943 0.263889 0.032552 0.027778
0 0.532943 0.279630 0.032552 0.027778
0 0.532422 0.297685 0.032552 0.027778
0 0.531901 0.314352 0.032552 0.027778
0 0.531380 0.332870 0.032552 0.027778
0 0.531641 0.351389 0.032552 0.027778
0 0.531380 0.370833 0.032552 0.027778
0 0.531641 0.389352 0.034115 0.031481
0 0.531380 0.410185 0.035677 0.032407
0 0.530599 0.430093 0.035677 0.032407
0 0.530859 0.452778 0.035677 0.032407
0 0.530729 0.475000 0.036458 0.034259
0 0.530469 0.498148 0.036458 0.034259
0 0.530208 0.521296 0.036458 0.034259
0 0.529818 0.546759 0.038281 0.037963
0 0.529557 0.573148 0.038281 0.037963
0 0.529427 0.598843 0.040104 0.037500
0 0.528776 0.626620 0.040365 0.042130
0 0.529036 0.656481 0.042448 0.042593
0 0.528646 0.685648 0.042188 0.044444
0 0.527604 0.717593 0.042188 0.044444
