0 0.279167 0.258102 0.010417 0.025463
0 0.286979 0.257639 0.010417 0.025463
0 0.294792 0.255787 0.010417 0.025463
0 0.302865 0.253935 0.010417 0.025463
0 0.310417 0.252546 0.010417 0.025463
0 0.318229 0.251620 0.010417 0.025463
0 0.326562 0.249769 0.010417 0.025463
0 0.333854 0.248611 0.009896 0.025926
0 0.341927 0.246759 0.009896 0.025926
0 0.350000 0.245370 0.009896 0.025926
0 0.357812 0.243519 0.009896 0.025926
0 0.365885 0.242593 0.009896 0.025926
0 0.373698 0.242130 0.009896 0.025926
0 0.381250 0.239352 0.009896 0.025926
0 0.389583 0.237963 0.009896 0.025926
0 0.398177 0.236111 0.009896 0.025926
0 0.405729 0.235185 0.009896 0.025926
0 0.414062 0.234259 0.009896 0.025926
0 0.276953 0.281713 0.010156 0.025463
0 0.284505 0.279861 0.010156 0.025463
0 0.292578 0.279398 0.010156 0.025463
0 0.300130 0.277083 0.010156 0.025463
0 0.307943 0.276157 0.010156 0.025463
0 0.316276 0.274769 0.010156 0.025463
0 0.324349 0.273843 0.010156 0.025463
0 0.331901 0.271065 0.010156 0.025463
0 0.339974 0.270139 0.010156 0.025463
0 0.348047 0.269676 0.010156 0.025463
0 0.356380 0.267361 0.010156 0.025463
0 0.364193 0.265972 0.010156 0.025463
0 0.372786 0.265046 0.010156 0.025463
0 0.381120 0.263657 0.010156 0.025463
0 0.388672 0.261806 0.010156 0.025463
0 0.397005 0.260880 0.010156 0.025463
0 0.405078 0.259954 0.010156 0.025463
0 0.413151 0.258102 0.010156 0.025463
0 0.274089 0.306713 0.010156 0.025463
0 0.281641 0.306713 0.010156 0.025463
0 0.289714 0.303935 0.010156 0.025463
0 0.298307 0.302546 0.010156 0.025463
0 0.306120 0.301620 0.010156 0.025463
0 0.313932 0.300694 0.010156 0.025463
0 0.322005 0.299306 0.010156 0.025463
0 0.330599 0.298380 0.010156 0.025463
0 0.346484 0.296065 0.010156 0.025463
0 0.337370 0.296528 0.010156 0.025463
0 0.354818 0.294213 0.010156 0.025463
0 0.363411 0.293750 0.010156 0.025463
0 0.370964 0.291898 0.010156 0.025463
0 0.379297 0.290046 0.010156 0.025463
0 0.388411 0.289120 0.010156 0.025463
0 0.395703 0.288194 0.010156 0.025463
0 0.404297 0.286806 0.010156 0.025463
0 0.412891 0.285880 0.010156 0.025463
0 0.272005 0.331713 0.010156 0.025463
0 0.279818 0.330787 0.010156 0.025463
0 0.287630 0.328935 0.010156 0.025463
0 0.295443 0.328009 0.010156 0.025463
0 0.304036 0.326157 0.010156 0.025463
0 0.311849 0.325231 0.010156 0.025463
0 0.320182 0.323380 0.010156 0.025463
0 0.328255 0.322454 0.010156 0.025463
0 0.336849 0.321528 0.010156 0.025463
0 0.344922 0.319213 0.010156 0.025463
0 0.361849 0.317593 0.010156 0.026852
0 0.352474 0.317361 0.010156 0.025463
0 0.369661 0.316204 0.010156 0.026852
0 0.378776 0.315278 0.010156 0.026852
0 0.386849 0.313889 0.010156 0.026852
0 0.395443 0.311111 0.010156 0.026852
0 0.403255 0.310648 0.010156 0.026852
0 0.411328 0.310185 0.010156 0.026852
0 0.269401 0.358565 0.010156 0.025463
0 0.276953 0.357176 0.010156 0.025463
0 0.285286 0.356250 0.010156 0.025463
0 0.293359 0.354398 0.010156 0.025463
0 0.301953 0.353009 0.010156 0.025463
0 0.310286 0.351620 0.010156 0.025463
0 0.318620 0.350694 0.010156 0.025463
0 0.326432 0.349306 0.010156 0.025463
0 0.334766 0.348380 0.010156 0.025463
0 0.343620 0.346065 0.010156 0.025463
0 0.351172 0.345139 0.010156 0.025463
0 0.359766 0.344676 0.010156 0.025463
0 0.368620 0.342824 0.010156 0.025463
0 0.377214 0.341435 0.010156 0.025463
0 0.385547 0.340509 0.010156 0.025463
0 0.393620 0.340509 0.010156 0.025463
0 0.401823 0.337963 0.010937 0.025926
0 0.410938 0.337037 0.009375 0.025926
0 0.266406 0.383796 0.010417 0.026852
0 0.275260 0.382407 0.010417 0.026852
0 0.283333 0.381019 0.010417 0.026852
0 0.291667 0.380093 0.010417 0.026852
0 0.299479 0.378241 0.010417 0.026852
0 0.307292 0.376389 0.010417 0.026852
0 0.316146 0.375926 0.010417 0.026852
0 0.324740 0.373148 0.010417 0.026852
0 0.333333 0.372685 0.010417 0.026852
0 0.341406 0.372685 0.010417 0.026852
0 0.350521 0.371759 0.010417 0.026852
0 0.358073 0.369907 0.010417 0.026852
0 0.367448 0.368519 0.010417 0.026852
0 0.376563 0.367593 0.010417 0.026852
0 0.384375 0.366667 0.010417 0.026852
0 0.393229 0.365278 0.010417 0.026852
0 0.401562 0.362963 0.010417 0.026852
0 0.409896 0.362500 0.010417 0.026852
0 0.263802 0.410648 0.010417 0.026852
0 0.272656 0.409722 0.010417 0.026852
0 0.280990 0.408333 0.010417 0.026852
0 0.289062 0.407870 0.010417 0.026852
0 0.297917 0.406019 0.010417 0.026852
0 0.306250 0.405093 0.010417 0.026852
0 0.315104 0.404167 0.010417 0.026852
0 0.322396 0.402778 0.010417 0.026852
0 0.330990 0.401389 0.010417 0.026852
0 0.339974 0.400231 0.010677 0.028241
0 0.348828 0.398843 0.010677 0.028241
0 0.357422 0.397917 0.010677 0.028241
0 0.365495 0.396528 0.010677 0.028241
0 0.373828 0.394676 0.010677 0.028241
0 0.382943 0.393287 0.010677 0.028241
0 0.391797 0.392361 0.010677 0.028241
0 0.399870 0.390972 0.010677 0.028241
0 0.408464 0.390046 0.009635 0.028241
0 0.261458 0.437269 0.010937 0.027315
0 0.269661 0.437037 0.011719 0.028704
0 0.278776 0.436111 0.011719 0.028704
0 0.286328 0.434722 0.011719 0.028704
0 0.295703 0.433333 0.011719 0.028704
0 0.303776 0.431944 0.011719 0.028704
0 0.312630 0.430556 0.011719 0.028704
0 0.321224 0.429630 0.011719 0.028704
0 0.329818 0.428241 0.011719 0.028704
0 0.338932 0.426852 0.011719 0.028704
0 0.347266 0.425926 0.011719 0.028704
0 0.355990 0.424306 0.010937 0.028241
0 0.364583 0.423380 0.010937 0.028241
0 0.373177 0.421991 0.010937 0.028241
0 0.381510 0.420833 0.010937 0.028704
0 0.390625 0.419907 0.010937 0.028704
0 0.399479 0.418981 0.010937 0.028704
0 0.408073 0.417130 0.009375 0.028704
0 0.258724 0.466898 0.011719 0.029167
0 0.266797 0.465972 0.011719 0.029167
0 0.275651 0.464583 0.011719 0.029167
0 0.284245 0.463194 0.011719 0.029167
0 0.293359 0.462269 0.011719 0.029167
0 0.301432 0.460880 0.011719 0.029167
0 0.309505 0.459491 0.011719 0.029167
0 0.318880 0.458565 0.011719 0.029167
0 0.327995 0.457176 0.011719 0.029167
0 0.336849 0.456250 0.011719 0.029167
0 0.344922 0.455324 0.011719 0.029167
0 0.353776 0.454398 0.011719 0.029167
0 0.362109 0.453472 0.011719 0.029167
0 0.371484 0.451620 0.011719 0.029167
0 0.380599 0.450694 0.011719 0.029167
0 0.389062 0.450000 0.010937 0.029630
0 0.397656 0.448611 0.010937 0.029630
0 0.406250 0.447222 0.010937 0.029630
0 0.255599 0.494676 0.011719 0.029167
0 0.265234 0.494213 0.011719 0.029167
0 0.273568 0.492824 0.011719 0.029167
0 0.282161 0.491435 0.011719 0.029167
0 0.290234 0.490972 0.011719 0.029167
0 0.299089 0.489120 0.011719 0.029167
0 0.307943 0.487731 0.011719 0.029167
0 0.316797 0.486343 0.011719 0.029167
0 0.325651 0.485880 0.011719 0.029167
0 0.334766 0.484954 0.011719 0.029167
0 0.343099 0.482639 0.011719 0.029167
0 0.352474 0.482176 0.011719 0.029167
0 0.361328 0.481250 0.011719 0.029167
0 0.370443 0.479398 0.011719 0.029167
0 0.379167 0.478935 0.010937 0.030093
0 0.387500 0.478009 0.010937 0.030093
0 0.397396 0.476157 0.010937 0.030093
0 0.405729 0.474769 0.010937 0.030093
0 0.253255 0.525231 0.011719 0.029167
0 0.261328 0.524306 0.011719 0.029167
0 0.270443 0.523843 0.011719 0.029167
0 0.279297 0.522454 0.011719 0.029167
0 0.287630 0.520139 0.011719 0.029167
0 0.297005 0.519213 0.011719 0.029167
0 0.305078 0.518750 0.011719 0.029167
0 0.314453 0.518287 0.011719 0.029167
0 0.323568 0.516435 0.011719 0.029167
0 0.332161 0.515046 0.011719 0.029167
0 0.341276 0.513657 0.011719 0.029167
0 0.349870 0.512731 0.011719 0.029167
0 0.358984 0.511343 0.011719 0.029167
0 0.368359 0.510417 0.011719 0.029167
0 0.377214 0.508565 0.011719 0.029167
0 0.386068 0.507639 0.011719 0.029167
0 0.395182 0.506713 0.011719 0.029167
0 0.403516 0.505324 0.011719 0.029167
0 0.250130 0.554861 0.011719 0.029167
0 0.258854 0.553241 0.011979 0.029630
0 0.267969 0.552315 0.011979 0.029630
0 0.276562 0.550463 0.011979 0.029630
0 0.285156 0.550000 0.011979 0.029630
0 0.294271 0.548148 0.011979 0.029630
0 0.303125 0.548148 0.011979 0.029630
0 0.312109 0.546759 0.011719 0.030556
0 0.320703 0.544444 0.011719 0.030556
0 0.330339 0.543981 0.011719 0.030556
0 0.339453 0.543056 0.011719 0.030556
0 0.348307 0.541667 0.011719 0.030556
0 0.357161 0.540278 0.011719 0.030556
0 0.366797 0.538426 0.011719 0.030556
0 0.376432 0.538426 0.011719 0.030556
0 0.385026 0.537037 0.011198 0.030556
0 0.394141 0.535648 0.011198 0.030556
0 0.403255 0.534954 0.011198 0.030093
0 0.247526 0.584491 0.011719 0.031019
0 0.256120 0.582639 0.011719 0.031019
0 0.264453 0.582639 0.011719 0.031019
0 0.274349 0.581250 0.011719 0.031019
0 0.282422 0.580324 0.011719 0.031019
0 0.292057 0.578472 0.011719 0.031019
0 0.300391 0.577546 0.011719 0.031019
0 0.309766 0.576620 0.011719 0.031019
0 0.318880 0.575231 0.011719 0.031019
0 0.327995 0.574306 0.011719 0.031019
0 0.337109 0.572917 0.011719 0.031019
0 0.346745 0.571065 0.011719 0.031019
0 0.356120 0.570139 0.011719 0.031019
0 0.364453 0.569213 0.011719 0.031019
0 0.374609 0.568750 0.011719 0.031019
0 0.383203 0.566435 0.011719 0.031019
0 0.392839 0.565972 0.011719 0.031019
0 0.402214 0.564583 0.011719 0.031019
0 0.244661 0.614120 0.011719 0.031019
0 0.253255 0.613194 0.011719 0.031019
0 0.262370 0.612269 0.011719 0.031019
0 0.271224 0.610880 0.011719 0.031019
0 0.280078 0.609954 0.011719 0.031019
0 0.288932 0.609028 0.011719 0.031019
0 0.298047 0.607176 0.011719 0.031019
0 0.307161 0.606713 0.011719 0.031019
0 0.316536 0.605787 0.011719 0.031019
0 0.326172 0.604398 0.011719 0.031019
0 0.335286 0.603472 0.011719 0.031019
0 0.343620 0.601620 0.011719 0.031019
0 0.354036 0.600694 0.011719 0.031019
0 0.362630 0.599769 0.011719 0.031019
0 0.372005 0.598843 0.011719 0.031019
0 0.381380 0.597454 0.011719 0.031019
0 0.391016 0.595602 0.011719 0.031019
0 0.400651 0.595139 0.011198 0.031019
0 0.241016 0.650231 0.011719 0.031019
0 0.249870 0.649306 0.011719 0.031019
0 0.259245 0.647917 0.011719 0.031019
0 0.277214 0.646296 0.012240 0.032407
0 0.268359 0.646991 0.011719 0.031019
0 0.286719 0.644444 0.011979 0.032407
0 0.295833 0.643519 0.011979 0.032407
0 0.305469 0.642593 0.011979 0.032407
0 0.314323 0.640278 0.011979 0.032407
0 0.323958 0.639815 0.011979 0.032407
0 0.333333 0.638889 0.011979 0.032407
0 0.342708 0.637037 0.011979 0.032407
0 0.351823 0.636111 0.011979 0.032407
0 0.361719 0.635185 0.011979 0.032407
0 0.370833 0.633796 0.011979 0.032407
0 0.380469 0.631944 0.011979 0.032407
0 0.390104 0.631019 0.011979 0.032407
0 0.399479 0.629630 0.010937 0.032407
0 0.237760 0.681481 0.011979 0.033333
0 0.247135 0.681019 0.011979 0.033333
0 0.256510 0.680093 0.011979 0.033333
0 0.265625 0.679167 0.011979 0.033333
0 0.275000 0.676852 0.011979 0.033333
0 0.284635 0.676852 0.011979 0.033333
0 0.293750 0.675000 0.011979 0.033333
0 0.302604 0.673611 0.011979 0.033333
0 0.311719 0.672685 0.011979 0.033333
0 0.321354 0.671759 0.011979 0.033333
0 0.330729 0.670833 0.011979 0.033333
0 0.340104 0.668981 0.011979 0.033333
0 0.350000 0.667593 0.011979 0.033333
0 0.359635 0.666667 0.011979 0.033333
0 0.369010 0.665278 0.011979 0.033333
0 0.379427 0.663889 0.011979 0.033333
0 0.388281 0.662963 0.011979 0.033333
0 0.397656 0.661574 0.011979 0.033333
0 0.234896 0.715741 0.013021 0.034259
0 0.243750 0.715741 0.013021 0.034259
0 0.252865 0.713889 0.013021 0.034259
0 0.262500 0.712963 0.013021 0.034259
0 0.272396 0.712500 0.013021 0.034259
0 0.282031 0.711574 0.013021 0.034259
0 0.290885 0.709722 0.013021 0.034259
0 0.300260 0.709722 0.013021 0.034259
0 0.310156 0.707870 0.013021 0.034259
0 0.319531 0.706944 0.013021 0.034259
0 0.329688 0.706481 0.013021 0.034259
0 0.338802 0.705556 0.013021 0.034259
0 0.347396 0.704630 0.013021 0.034259
0 0.357812 0.702778 0.013021 0.034259
0 0.367448 0.702315 0.013021 0.034259
0 0.377083 0.701389 0.013021 0.034259
0 0.386979 0.699537 0.013021 0.034259
0 0.396615 0.698843 0.011979 0.033796
0 0.232292 0.749306 0.013542 0.034722
0 0.241146 0.747917 0.013542 0.034722
0 0.250260 0.747454 0.013542 0.034722
0 0.260417 0.746528 0.013542 0.034722
0 0.269531 0.745139 0.013542 0.034722
0 0.278646 0.744676 0.013542 0.034722
0 0.288021 0.743750 0.013542 0.034722
0 0.298698 0.742824 0.013542 0.034722
0 0.307812 0.741898 0.013542 0.034722
0 0.317448 0.740509 0.013542 0.034722
0 0.327344 0.740046 0.013542 0.034722
0 0.336458 0.739120 0.012500 0.034722
0 0.346094 0.737731 0.012500 0.034722
0 0.355729 0.737731 0.012500 0.034722
0 0.365234 0.735648 0.013281 0.036111
0 0.375651 0.734722 0.013281 0.036111
0 0.385677 0.733796 0.012500 0.035185
0 0.395182 0.732870 0.012240 0.037037
0 0.228125 0.786806 0.013021 0.034722
0 0.237500 0.786343 0.013021 0.034722
0 0.247135 0.785417 0.013021 0.034722
0 0.256250 0.784491 0.013021 0.034722
0 0.266406 0.783102 0.013021 0.034722
0 0.275781 0.782639 0.013021 0.034722
0 0.285417 0.781713 0.013021 0.034722
0 0.295052 0.781250 0.013021 0.034722
0 0.304427 0.780787 0.013021 0.034722
0 0.314323 0.779398 0.013021 0.034722
0 0.324219 0.778935 0.013021 0.034722
0 0.333854 0.778009 0.013021 0.034722
0 0.344271 0.776157 0.013021 0.034722
0 0.353906 0.776157 0.013021 0.034722
0 0.363021 0.774769 0.013021 0.034722
0 0.373437 0.774306 0.013021 0.034722
0 0.383073 0.773611 0.013021 0.036111
0 0.393229 0.771759 0.013021 0.036111
0 0.224609 0.821065 0.013281 0.035648
0 0.233984 0.820602 0.013281 0.035648
0 0.243620 0.820139 0.013281 0.035648
0 0.253255 0.819676 0.013281 0.035648
0 0.262630 0.818287 0.013281 0.035648
0 0.272266 0.817361 0.013281 0.035648
0 0.282422 0.815972 0.013281 0.035648
0 0.292578 0.815972 0.013281 0.035648
0 0.302214 0.815046 0.013281 0.035648
0 0.311589 0.814583 0.013281 0.035648
0 0.322526 0.814120 0.013281 0.035648
0 0.332161 0.813194 0.013281 0.035648
0 0.342318 0.812269 0.013281 0.035648
0 0.351693 0.810648 0.012760 0.036111
0 0.361328 0.810648 0.012760 0.036111
0 0.371745 0.809722 0.012760 0.036111
0 0.381380 0.808333 0.012760 0.036111
0 0.392188 0.808102 0.011458 0.035648
0 0.220573 0.862500 0.013542 0.037037
0 0.230208 0.862037 0.013542 0.037037
0 0.240104 0.861574 0.013542 0.037037
0 0.249479 0.860648 0.013542 0.037037
0 0.259635 0.859722 0.013542 0.037037
0 0.269010 0.858333 0.013542 0.037037
0 0.279427 0.857407 0.013542 0.037037
0 0.289323 0.857407 0.013542 0.037037
0 0.298438 0.855093 0.013542 0.037037
0 0.309635 0.854167 0.013542 0.037037
0 0.319792 0.854398 0.012500 0.037500
0 0.328646 0.853472 0.012500 0.037500
0 0.338802 0.852083 0.012500 0.037500
0 0.348958 0.851620 0.012500 0.037500
0 0.359635 0.850694 0.012500 0.037500
0 0.370312 0.849769 0.012500 0.037500
0 0.380729 0.848380 0.012500 0.037500
0 0.389844 0.848380 0.012500 0.037500
0 0.217578 0.899306 0.013281 0.038426
0 0.226693 0.898380 0.013281 0.038426
0 0.236849 0.896991 0.013281 0.038426
0 0.246745 0.896528 0.013281 0.038426
0 0.256641 0.895602 0.013281 0.038426
0 0.266016 0.894676 0.013281 0.038426
0 0.276432 0.894213 0.013281 0.038426
0 0.286849 0.893287 0.013281 0.038426
0 0.297526 0.892824 0.013281 0.038426
0 0.306641 0.891898 0.013281 0.038426
0 0.317057 0.890972 0.013281 0.038426
0 0.327995 0.890046 0.013281 0.038426
0 0.337630 0.890046 0.013281 0.038426
0 0.347786 0.888194 0.013281 0.038426
0 0.357943 0.887963 0.012240 0.037963
0 0.368359 0.887037 0.012240 0.037963
0 0.377995 0.886574 0.012240 0.037963
0 0.388932 0.885648 0.012240 0.037963
0 0.429427 0.233796 0.009375 0.027778
0 0.438021 0.235880 0.009375 0.025463
0 0.445833 0.236806 0.009375 0.025463
0 0.454427 0.238194 0.009375 0.025463
0 0.461979 0.240509 0.009375 0.025463
0 0.470833 0.241898 0.009375 0.025463
0 0.478906 0.243750 0.009375 0.025463
0 0.486719 0.246991 0.009375 0.025463
0 0.495312 0.247454 0.009375 0.025463
0 0.503646 0.248843 0.009375 0.025463
0 0.511719 0.251157 0.009375 0.025463
0 0.519271 0.251620 0.009375 0.025463
0 0.526823 0.254398 0.009375 0.025463
0 0.428516 0.257639 0.009635 0.025463
0 0.437370 0.259954 0.009635 0.025463
0 0.445703 0.261343 0.009635 0.025463
0 0.454036 0.263194 0.009635 0.025463
0 0.462370 0.265046 0.009635 0.025463
0 0.470964 0.266898 0.009635 0.025463
0 0.478516 0.269676 0.009635 0.025463
0 0.486589 0.270139 0.009635 0.025463
0 0.495182 0.271528 0.009635 0.025463
0 0.503776 0.273380 0.009635 0.025463
0 0.511849 0.274306 0.009635 0.025463
0 0.519661 0.275694 0.009635 0.025463
0 0.527474 0.278009 0.009115 0.025463
0 0.428255 0.283565 0.009635 0.025463
0 0.437109 0.284491 0.009635 0.025463
0 0.444661 0.286806 0.009635 0.025463
0 0.453516 0.288194 0.009635 0.025463
0 0.461849 0.290509 0.009635 0.025463
0 0.470443 0.291435 0.009635 0.025463
0 0.478516 0.293750 0.009635 0.025463
0 0.487109 0.294213 0.009635 0.025463
0 0.494922 0.296991 0.009635 0.025463
0 0.503776 0.298380 0.009635 0.025463
0 0.511328 0.299769 0.009635 0.025463
0 0.520052 0.302315 0.009375 0.026852
0 0.528125 0.303241 0.009375 0.026852
0 0.427474 0.308333 0.010156 0.028704
0 0.435807 0.309722 0.010156 0.028704
0 0.444922 0.312037 0.010156 0.028704
0 0.453255 0.313657 0.010156 0.028241
0 0.461719 0.315278 0.009896 0.027778
0 0.469792 0.316667 0.009896 0.027778
0 0.478646 0.318519 0.009896 0.027778
0 0.486589 0.320139 0.009635 0.027315
0 0.495182 0.321991 0.009635 0.027315
0 0.503646 0.323611 0.009896 0.026852
0 0.511979 0.325000 0.009896 0.026852
0 0.520312 0.326389 0.009896 0.026852
0 0.527865 0.327315 0.009896 0.026852
0 0.426693 0.336574 0.010156 0.028704
0 0.435026 0.337731 0.009635 0.027315
0 0.443880 0.338194 0.009635 0.027315
0 0.452214 0.340046 0.009635 0.027315
0 0.461068 0.341435 0.009635 0.027315
0 0.469922 0.343287 0.009635 0.027315
0 0.477474 0.345139 0.009635 0.027315
0 0.486589 0.347454 0.009635 0.027315
0 0.494922 0.348843 0.009635 0.027315
0 0.503516 0.349769 0.009635 0.027315
0 0.511849 0.351620 0.009635 0.027315
0 0.520443 0.353009 0.009635 0.027315
0 0.528255 0.353935 0.009635 0.027315
0 0.426302 0.361343 0.009896 0.027315
0 0.434635 0.363194 0.009896 0.027315
0 0.443490 0.363657 0.009896 0.027315
0 0.451823 0.365972 0.009896 0.027315
0 0.460417 0.366898 0.009896 0.027315
0 0.469010 0.369676 0.009896 0.027315
0 0.477344 0.370602 0.009896 0.027315
0 0.486458 0.372454 0.009896 0.027315
0 0.495052 0.373380 0.009896 0.027315
0 0.503646 0.375231 0.009896 0.027315
0 0.511979 0.377546 0.009896 0.027315
0 0.520312 0.378009 0.009896 0.027315
0 0.528906 0.379861 0.009896 0.027315
0 0.424740 0.389120 0.009896 0.027315
0 0.433854 0.390509 0.009896 0.027315
0 0.442448 0.392824 0.009896 0.027315
0 0.452083 0.393750 0.009896 0.027315
0 0.459635 0.395139 0.009896 0.027315
0 0.469271 0.396991 0.009896 0.027315
0 0.478125 0.398843 0.009896 0.027315
0 0.486458 0.400231 0.009896 0.027315
0 0.495573 0.402083 0.009896 0.027315
0 0.502865 0.403472 0.009896 0.027315
0 0.511979 0.403472 0.009896 0.027315
0 0.520573 0.405787 0.009896 0.027315
0 0.528906 0.407639 0.009896 0.027315
0 0.424479 0.416435 0.009896 0.027315
0 0.433594 0.416898 0.009896 0.027315
0 0.450260 0.421065 0.009896 0.027315
0 0.441146 0.418287 0.009896 0.027315
0 0.459635 0.422454 0.009896 0.027315
0 0.468229 0.422917 0.009896 0.027315
0 0.477083 0.424769 0.009896 0.027315
0 0.485938 0.426620 0.009896 0.027315
0 0.495312 0.428009 0.009896 0.027315
0 0.503385 0.430324 0.009896 0.027315
0 0.512500 0.431250 0.009896 0.027315
0 0.521094 0.432639 0.009896 0.027315
0 0.528906 0.433102 0.009896 0.027315
0 0.423438 0.446065 0.009896 0.027315
0 0.432552 0.446991 0.009896 0.027315
0 0.441276 0.448843 0.011198 0.028241
0 0.450911 0.449769 0.011198 0.028241
0 0.459505 0.451620 0.010677 0.028241
0 0.468359 0.453935 0.010677 0.028241
0 0.477734 0.453935 0.010677 0.028241
0 0.486849 0.456250 0.010677 0.028241
0 0.494661 0.458565 0.010677 0.028241
0 0.504036 0.458565 0.010677 0.028241
0 0.512630 0.460417 0.010677 0.028241
0 0.520964 0.462269 0.010677 0.028241
0 0.529297 0.463657 0.010677 0.028241
0 0.422656 0.474306 0.010417 0.030093
0 0.431510 0.474769 0.010417 0.030093
0 0.440625 0.475694 0.010417 0.030093
0 0.449740 0.476620 0.010417 0.030093
0 0.458854 0.478935 0.010417 0.030093
0 0.467708 0.479861 0.010417 0.030093
0 0.476562 0.482176 0.010417 0.030093
0 0.485417 0.482639 0.010417 0.030093
0 0.495312 0.484954 0.010417 0.030093
0 0.503385 0.485880 0.010417 0.030093
0 0.511979 0.487269 0.010417 0.030093
0 0.520833 0.488657 0.010417 0.030093
0 0.529687 0.490509 0.010417 0.030093
0 0.422135 0.503935 0.010417 0.030093
0 0.430339 0.505556 0.011198 0.030556
0 0.439714 0.506481 0.011198 0.030556
0 0.449349 0.508333 0.011198 0.030556
0 0.458203 0.508796 0.011198 0.030556
0 0.467057 0.509722 0.011198 0.030556
0 0.476953 0.512037 0.011198 0.030556
0 0.485547 0.514352 0.011198 0.030556
0 0.494661 0.516204 0.011198 0.030556
0 0.503255 0.517593 0.011198 0.030556
0 0.512109 0.517593 0.011198 0.030556
0 0.521224 0.518981 0.011198 0.030556
0 0.530339 0.520602 0.010156 0.030093
0 0.420312 0.533102 0.010417 0.031019
0 0.429688 0.534491 0.010417 0.031019
0 0.438802 0.535880 0.010417 0.031019
0 0.448437 0.537269 0.010417 0.031019
0 0.458333 0.539120 0.010417 0.031019
0 0.467187 0.539120 0.010417 0.031019
0 0.476302 0.540972 0.010417 0.031019
0 0.484896 0.542361 0.010417 0.031019
0 0.494792 0.544213 0.010417 0.031019
0 0.503385 0.545602 0.010417 0.031019
0 0.513021 0.546528 0.010417 0.031019
0 0.521354 0.547454 0.010417 0.031019
0 0.530599 0.549306 0.009635 0.030093
0 0.420052 0.567361 0.010417 0.031019
0 0.429167 0.567824 0.010417 0.031019
0 0.438281 0.569676 0.010417 0.031019
0 0.447917 0.570602 0.010417 0.031019
0 0.456771 0.571991 0.010417 0.031019
0 0.466927 0.573380 0.010417 0.031019
0 0.475521 0.574769 0.010417 0.031019
0 0.485156 0.575694 0.010417 0.031019
0 0.494271 0.576157 0.010417 0.031019
0 0.503385 0.577083 0.010417 0.031019
0 0.512760 0.579398 0.010417 0.031019
0 0.522135 0.579861 0.010417 0.031019
0 0.530990 0.581713 0.009896 0.031019
0 0.418490 0.596991 0.010417 0.031019
0 0.428125 0.597917 0.010417 0.031019
0 0.437240 0.599769 0.010417 0.031019
0 0.447135 0.601157 0.010417 0.031019
0 0.456771 0.601157 0.010417 0.031019
0 0.466146 0.602546 0.010417 0.031019
0 0.475521 0.604398 0.010417 0.031019
0 0.485156 0.605324 0.010417 0.031019
0 0.494792 0.607176 0.010417 0.031019
0 0.503385 0.608565 0.010417 0.031019
0 0.512500 0.609491 0.010417 0.031019
0 0.521875 0.609954 0.010417 0.031019
0 0.530990 0.612269 0.010417 0.031019
0 0.417318 0.630324 0.010677 0.033796
0 0.427214 0.631250 0.010677 0.033796
0 0.437109 0.632176 0.010677 0.033796
0 0.446745 0.634028 0.010677 0.033796
0 0.456380 0.634491 0.010677 0.033796
0 0.465234 0.635417 0.010677 0.033796
0 0.475391 0.637731 0.010677 0.033796
0 0.484766 0.637731 0.010677 0.033796
0 0.494661 0.639120 0.010677 0.033796
0 0.503776 0.639583 0.010677 0.033796
0 0.512630 0.640972 0.010677 0.033796
0 0.523047 0.642824 0.010677 0.033796
0 0.531380 0.644213 0.010677 0.033796
0 0.416276 0.662269 0.010677 0.033796
0 0.425911 0.663657 0.010677 0.033796
0 0.436328 0.664120 0.010677 0.033796
0 0.446224 0.666898 0.010677 0.033796
0 0.455599 0.666435 0.010677 0.033796
0 0.464453 0.668287 0.010677 0.033796
0 0.475391 0.669676 0.010677 0.033796
0 0.484245 0.671065 0.010677 0.033796
0 0.493880 0.671065 0.010677 0.033796
0 0.504036 0.672917 0.010677 0.033796
0 0.513932 0.673843 0.010677 0.033796
0 0.522786 0.674769 0.010677 0.033796
0 0.532682 0.675694 0.010677 0.033796
0 0.415234 0.697917 0.010677 0.033796
0 0.424609 0.698843 0.010677 0.033796
0 0.435026 0.699769 0.010677 0.033796
0 0.444922 0.700694 0.010677 0.033796
0 0.454688 0.702546 0.011458 0.034722
0 0.464844 0.702546 0.011458 0.034722
0 0.474479 0.704861 0.011458 0.034722
0 0.484115 0.704398 0.011458 0.034722
0 0.494010 0.705324 0.011458 0.034722
0 0.503385 0.707639 0.011458 0.034722
0 0.513281 0.708565 0.011458 0.034722
0 0.523177 0.709028 0.011458 0.034722
0 0.532292 0.710417 0.010937 0.034722
0 0.414062 0.731944 0.010937 0.037037
0 0.424219 0.731713 0.011458 0.036574
0 0.433854 0.734028 0.011458 0.036574
0 0.444531 0.734954 0.011458 0.036574
0 0.454167 0.735880 0.011458 0.036574
0 0.463802 0.736806 0.011458 0.036574
0 0.474740 0.738194 0.011458 0.036574
0 0.483854 0.739120 0.011458 0.036574
0 0.493750 0.739583 0.011458 0.036574
0 0.503385 0.740972 0.011458 0.036574
0 0.513281 0.740972 0.011458 0.036574
0 0.523698 0.742361 0.011458 0.036574
0 0.533203 0.744676 0.010156 0.035648
0 0.412500 0.769907 0.011458 0.037963
0 0.422917 0.769907 0.011458 0.037963
0 0.432812 0.771296 0.011458 0.037963
0 0.443229 0.772222 0.011458 0.037963
0 0.453385 0.773148 0.011458 0.037963
0 0.463542 0.774537 0.011458 0.037963
0 0.473698 0.776389 0.011458 0.037963
0 0.484375 0.775463 0.011458 0.037963
0 0.493750 0.778241 0.011458 0.037963
0 0.504167 0.778704 0.011458 0.037963
0 0.514583 0.780556 0.011458 0.037963
0 0.523698 0.781019 0.011458 0.037963
0 0.533594 0.782407 0.011458 0.037963
0 0.411979 0.805556 0.011458 0.037963
0 0.422135 0.806944 0.011458 0.037963
0 0.431771 0.806944 0.011458 0.037963
0 0.442188 0.808796 0.011458 0.037963
0 0.452865 0.809259 0.011458 0.037963
0 0.463021 0.810648 0.011458 0.037963
0 0.473177 0.812037 0.011458 0.037963
0 0.483854 0.812963 0.011458 0.037963
0 0.493490 0.813426 0.011458 0.037963
0 0.503906 0.814815 0.011458 0.037963
0 0.513542 0.815741 0.011458 0.037963
0 0.524219 0.817130 0.011458 0.037963
0 0.533594 0.817593 0.011458 0.037963
0 0.410156 0.847222 0.011458 0.037963
0 0.421094 0.847222 0.011458 0.037963
0 0.431510 0.848148 0.011458 0.037963
0 0.441927 0.850000 0.011458 0.037963
0 0.452083 0.849537 0.011458 0.037963
0 0.462760 0.851389 0.011458 0.037963
0 0.473177 0.851389 0.011458 0.037963
0 0.483594 0.853241 0.011458 0.037963
0 0.493229 0.854167 0.011458 0.037963
0 0.504167 0.855093 0.011458 0.037963
0 0.514583 0.855093 0.011458 0.037963
0 0.524479 0.855556 0.011458 0.037963
0 0.534115 0.856481 0.011458 0.037963
0 0.408854 0.884259 0.011458 0.037963
0 0.419271 0.886574 0.011458 0.037963
0 0.430208 0.886111 0.011458 0.037963
0 0.440625 0.886111 0.011458 0.037963
0 0.451302 0.888194 0.012500 0.037500
0 0.461979 0.888889 0.011458 0.037963
0 0.472396 0.889815 0.011458 0.037963
0 0.483073 0.889815 0.011458 0.037963
0 0.493490 0.890741 0.011458 0.037963
0 0.504427 0.891667 0.011458 0.037963
0 0.514844 0.893056 0.011458 0.037963
0 0.524479 0.893519 0.011458 0.037963
0 0.534635 0.893981 0.011458 0.037963
0 0.541536 0.252546 0.008594 0.025463
0 0.549609 0.249306 0.008594 0.025463
0 0.557422 0.247917 0.008594 0.025463
0 0.565755 0.246065 0.008594 0.025463
0 0.594141 0.238194 0.008594 0.025463
0 0.602604 0.235648 0.009375 0.025926
0 0.610677 0.233333 0.009375 0.025926
0 0.619531 0.231944 0.009375 0.025926
0 0.541536 0.279630 0.008594 0.025926
0 0.549609 0.276852 0.008594 0.025926
0 0.558203 0.274537 0.008594 0.025926
0 0.566016 0.273148 0.008594 0.025926
0 0.574740 0.270370 0.009375 0.026852
0 0.583073 0.268981 0.009375 0.026852
0 0.603646 0.262963 0.009375 0.026852
0 0.611979 0.260648 0.009375 0.026852
0 0.620573 0.258333 0.009375 0.026852
0 0.542057 0.302778 0.008594 0.025926
0 0.550130 0.300926 0.008594 0.025926
0 0.558984 0.298611 0.008594 0.025926
0 0.566927 0.296528 0.008854 0.027315
0 0.575521 0.294213 0.008854 0.027315
0 0.583854 0.293287 0.008854 0.027315
0 0.604948 0.287269 0.008854 0.027315
0 0.613021 0.284954 0.008854 0.027315
0 0.622005 0.282176 0.009635 0.027315
0 0.545833 0.327083 0.008854 0.027315
0 0.554167 0.325231 0.008854 0.027315
0 0.563021 0.323380 0.008854 0.027315
0 0.571484 0.320370 0.009635 0.027778
0 0.579557 0.318519 0.009635 0.027778
0 0.588411 0.317130 0.009635 0.027778
0 0.596484 0.314815 0.009635 0.027778
0 0.605859 0.312500 0.009635 0.027778
0 0.614193 0.309722 0.009635 0.027778
0 0.622786 0.307870 0.009635 0.027778
0 0.546094 0.353472 0.008854 0.027315
0 0.554948 0.351620 0.008854 0.027315
0 0.563281 0.347917 0.008854 0.027315
0 0.571875 0.346991 0.008854 0.028241
0 0.580469 0.345139 0.008854 0.027315
0 0.588802 0.342824 0.008854 0.027315
0 0.597396 0.341435 0.008854 0.027315
0 0.606510 0.339120 0.008854 0.027315
0 0.615755 0.336806 0.010156 0.029167
0 0.624089 0.333565 0.010156 0.029167
0 0.543490 0.378935 0.008854 0.027315
0 0.552344 0.377546 0.008854 0.027315
0 0.560417 0.375694 0.008854 0.027315
0 0.569010 0.373380 0.008854 0.027315
0 0.577604 0.371759 0.008854 0.027778
0 0.586198 0.370139 0.008854 0.027315
0 0.607031 0.365046 0.009896 0.029167
0 0.615625 0.362269 0.009896 0.029167
0 0.625000 0.360417 0.009896 0.029167
0 0.544010 0.407639 0.009896 0.029167
0 0.552474 0.405093 0.009635 0.028704
0 0.560807 0.401852 0.009635 0.028704
0 0.570182 0.400000 0.009635 0.028704
0 0.578255 0.398148 0.009635 0.028704
0 0.587630 0.397222 0.009635 0.028704
0 0.608724 0.391204 0.009635 0.028704
0 0.617839 0.390278 0.009635 0.028704
0 0.626432 0.388426 0.009635 0.028704
0 0.547396 0.432639 0.009896 0.029167
0 0.555990 0.430556 0.010417 0.027778
0 0.564583 0.429167 0.010417 0.027778
0 0.573958 0.427315 0.010417 0.027778
0 0.582552 0.424074 0.010417 0.027778
0 0.591406 0.423148 0.010417 0.027778
0 0.600781 0.421296 0.010417 0.027778
0 0.609635 0.418981 0.010417 0.027778
0 0.619010 0.417130 0.010417 0.027778
0 0.627604 0.414815 0.010417 0.027778
0 0.544531 0.463194 0.009896 0.029167
0 0.553125 0.460880 0.009896 0.029167
0 0.561719 0.459491 0.009896 0.029167
0 0.571094 0.456713 0.009896 0.029167
0 0.580208 0.454398 0.009896 0.029167
0 0.588542 0.453009 0.009896 0.029167
0 0.610938 0.449306 0.009896 0.029167
0 0.619792 0.446991 0.009896 0.029167
0 0.629167 0.444676 0.009896 0.029167
0 0.544792 0.489583 0.009896 0.029167
0 0.554167 0.489120 0.009896 0.029167
0 0.563021 0.485880 0.009896 0.029167
0 0.571875 0.484491 0.009896 0.029167
0 0.581250 0.483102 0.009896 0.029167
0 0.590365 0.480787 0.009896 0.029167
0 0.612240 0.476620 0.009896 0.029167
0 0.620833 0.475231 0.009896 0.029167
0 0.630078 0.473843 0.010677 0.029167
0 0.548568 0.517824 0.010677 0.030093
0 0.557422 0.516898 0.010677 0.030093
0 0.566797 0.514120 0.010677 0.030093
0 0.576432 0.512269 0.010677 0.030093
0 0.585807 0.510880 0.010677 0.030093
0 0.594141 0.509954 0.010677 0.030093
0 0.603255 0.506250 0.010677 0.030093
0 0.612891 0.505324 0.010677 0.030093
0 0.622526 0.503935 0.010677 0.030093
0 0.632161 0.502083 0.010677 0.030093
0 0.549349 0.546065 0.010677 0.030093
0 0.558594 0.545139 0.009896 0.030093
0 0.567708 0.542361 0.009896 0.030093
0 0.577083 0.540509 0.009896 0.030093
0 0.585417 0.539583 0.009896 0.030093
0 0.604427 0.536343 0.010937 0.030093
0 0.613802 0.534028 0.010937 0.030093
0 0.622917 0.532639 0.010937 0.030093
0 0.633073 0.531713 0.010937 0.030093
0 0.546224 0.579861 0.010677 0.030093
0 0.555078 0.578472 0.010677 0.030093
0 0.564714 0.577083 0.010677 0.030093
0 0.574089 0.575694 0.010677 0.030093
0 0.582943 0.574769 0.010677 0.030093
0 0.591927 0.573380 0.011458 0.031019
0 0.615885 0.569676 0.011458 0.031019
0 0.625260 0.567361 0.011458 0.031019
0 0.634896 0.565509 0.011458 0.031019
0 0.550391 0.610417 0.010677 0.030093
0 0.560026 0.608565 0.010677 0.030093
0 0.568880 0.607176 0.010677 0.030093
0 0.577995 0.606250 0.010677 0.030093
0 0.587891 0.604167 0.011198 0.031481
0 0.597135 0.602778 0.010937 0.032407
0 0.607161 0.600463 0.012240 0.031481
0 0.616536 0.599537 0.012240 0.031481
0 0.627214 0.598611 0.012240 0.031481
0 0.637109 0.597685 0.012240 0.031481
0 0.550651 0.641898 0.010677 0.031944
0 0.560026 0.640278 0.010677 0.033333
0 0.569141 0.639815 0.010677 0.033333
0 0.579297 0.637500 0.010677 0.033333
0 0.588672 0.635648 0.010677 0.033333
0 0.598568 0.634259 0.010677 0.033333
0 0.607943 0.632407 0.010677 0.033333
0 0.618229 0.631481 0.011979 0.033333
0 0.627604 0.630556 0.011979 0.033333
0 0.637760 0.629398 0.012500 0.034722
0 0.547526 0.674769 0.010677 0.031944
0 0.557161 0.672917 0.010677 0.031944
0 0.566536 0.671528 0.010677 0.031944
0 0.575911 0.670602 0.010677 0.031944
0 0.586328 0.669213 0.010677 0.031944
0 0.596224 0.667361 0.010677 0.031944
0 0.619271 0.665046 0.011458 0.033796
0 0.629948 0.662731 0.011458 0.033796
0 0.639844 0.662731 0.011458 0.033796
0 0.550000 0.711111 0.011458 0.035185
0 0.559375 0.709722 0.011458 0.035185
0 0.569531 0.708333 0.011458 0.035185
0 0.578906 0.706019 0.011458 0.035185
0 0.598698 0.704167 0.011458 0.035185
0 0.588021 0.704630 0.011458 0.035185
0 0.621094 0.701852 0.011458 0.035185
0 0.631250 0.700000 0.011458 0.035185
0 0.641406 0.698611 0.011458 0.035185
0 0.552344 0.744444 0.011458 0.035185
0 0.562500 0.743056 0.011458 0.035185
0 0.572396 0.742593 0.011458 0.035185
0 0.581771 0.740741 0.011458 0.035185
0 0.592448 0.739352 0.011458 0.035185
0 0.602865 0.738889 0.011458 0.035185
0 0.612500 0.736111 0.011458 0.035185
0 0.622396 0.735648 0.011458 0.035185
0 0.633594 0.733796 0.011458 0.035185
0 0.643359 0.733102 0.012240 0.035648
0 0.551302 0.781019 0.011458 0.035185
0 0.561719 0.779167 0.011458 0.035185
0 0.571354 0.778241 0.011458 0.035185
0 0.581510 0.776389 0.011458 0.035185
0 0.591667 0.776389 0.011458 0.035185
0 0.601823 0.774537 0.011458 0.035185
0 0.624219 0.771759 0.011458 0.035185
0 0.634635 0.770833 0.011458 0.035185
0 0.645443 0.769907 0.012240 0.036111
0 0.550000 0.816204 0.011458 0.035185
0 0.560417 0.814815 0.011458 0.035185
0 0.570833 0.814352 0.010937 0.037037
0 0.580469 0.813889 0.012500 0.037963
0 0.591146 0.812037 0.012500 0.037963
0 0.601302 0.810648 0.012500 0.037963
0 0.625781 0.808333 0.012500 0.037963
0 0.636458 0.807407 0.012500 0.037963
0 0.646875 0.806019 0.012500 0.037963
0 0.565104 0.854398 0.011979 0.037500
0 0.575521 0.854398 0.011979 0.037500
0 0.585417 0.853009 0.011979 0.037500
0 0.596354 0.851620 0.011979 0.037500
0 0.607031 0.850231 0.011979 0.037500
0 0.617188 0.849769 0.011979 0.037500
0 0.627865 0.848380 0.011979 0.037500
0 0.638281 0.846528 0.011979 0.037500
0 0.648958 0.846065 0.011979 0.037500
0 0.555208 0.892361 0.011979 0.037500
0 0.566146 0.892361 0.011979 0.037500
0 0.575781 0.890509 0.011979 0.037500
0 0.586979 0.889583 0.011979 0.037500
0 0.597135 0.888194 0.011979 0.037500
0 0.608333 0.887269 0.011979 0.037500
0 0.619010 0.885880 0.011979 0.037500
0 0.629687 0.885880 0.011979 0.037500
0 0.640104 0.884722 0.012500 0.038889
0 0.651042 0.883333 0.012500 0.038889
0 0.631250 0.231019 0.009375 0.025926
0 0.638802 0.233796 0.009375 0.025926
0 0.647135 0.235185 0.009375 0.025926
0 0.655208 0.237500 0.009375 0.025926
0 0.662760 0.239815 0.009375 0.025926
0 0.670703 0.242130 0.009115 0.025000
0 0.678255 0.243981 0.009115 0.025000
0 0.686328 0.245833 0.009115 0.025000
0 0.694141 0.247685 0.009115 0.025000
0 0.701432 0.250463 0.009115 0.025000
0 0.632812 0.259259 0.009375 0.025926
0 0.641146 0.260648 0.009375 0.025926
0 0.648698 0.262500 0.009375 0.025926
0 0.666927 0.267130 0.009375 0.025926
0 0.675260 0.268981 0.009375 0.025926
0 0.682813 0.271296 0.009375 0.025926
0 0.690365 0.274074 0.009896 0.026852
0 0.698698 0.276852 0.009896 0.026852
0 0.705990 0.278704 0.009896 0.026852
0 0.633594 0.283333 0.009375 0.025926
0 0.642448 0.284722 0.009375 0.025926
0 0.650521 0.287500 0.009375 0.025926
0 0.668620 0.291204 0.010156 0.025000
0 0.676693 0.293056 0.010156 0.025000
0 0.684766 0.295833 0.010156 0.025000
0 0.693359 0.297685 0.010156 0.025000
0 0.700651 0.300463 0.010156 0.025000
0 0.708854 0.301852 0.009896 0.025926
0 0.635156 0.308333 0.009375 0.025926
0 0.643750 0.309722 0.009375 0.025926
0 0.651302 0.312037 0.009375 0.025926
0 0.659635 0.313889 0.009375 0.025926
0 0.668229 0.315741 0.009375 0.025926
0 0.676042 0.317593 0.009375 0.025926
0 0.683854 0.319907 0.009375 0.025926
0 0.691927 0.322222 0.009375 0.025926
0 0.700260 0.324537 0.009375 0.025926
0 0.708073 0.325463 0.009375 0.025926
0 0.636458 0.336574 0.009375 0.025926
0 0.644792 0.338426 0.009375 0.025926
0 0.653646 0.339815 0.009375 0.025926
0 0.661458 0.341667 0.009375 0.025926
0 0.669531 0.343519 0.009375 0.025926
0 0.678125 0.346759 0.009375 0.025926
0 0.685677 0.348148 0.009375 0.025926
0 0.694010 0.350000 0.009375 0.025926
0 0.702344 0.352315 0.009375 0.025926
0 0.710156 0.354167 0.009375 0.025926
0 0.637760 0.362500 0.009896 0.028704
0 0.646094 0.363889 0.009896 0.028704
0 0.654427 0.366204 0.009896 0.028704
0 0.672656 0.369907 0.009896 0.028704
0 0.680729 0.372222 0.009896 0.028704
0 0.689063 0.374537 0.009896 0.028704
0 0.697135 0.376389 0.009896 0.028704
0 0.704948 0.378704 0.009896 0.028704
0 0.713021 0.380093 0.009896 0.028704
0 0.639062 0.388889 0.009896 0.028704
0 0.648177 0.391204 0.009896 0.028704
0 0.655990 0.393981 0.009896 0.028704
0 0.673177 0.397222 0.009896 0.028704
0 0.681510 0.399074 0.009896 0.028704
0 0.689583 0.400463 0.009896 0.028704
0 0.697917 0.402778 0.009896 0.028704
0 0.705990 0.404167 0.009896 0.028704
0 0.714323 0.406019 0.009896 0.028704
0 0.640625 0.415278 0.009896 0.028704
0 0.648958 0.418056 0.009896 0.028704
0 0.657813 0.419907 0.009896 0.028704
0 0.665885 0.421759 0.009896 0.028704
0 0.674479 0.423611 0.009896 0.028704
0 0.683333 0.425926 0.009896 0.028704
0 0.691406 0.428704 0.009896 0.028704
0 0.700260 0.428704 0.009896 0.028704
0 0.708333 0.431481 0.009896 0.028704
0 0.716276 0.433102 0.010677 0.028241
0 0.642188 0.445370 0.009896 0.028704
0 0.650781 0.447222 0.009896 0.028704
0 0.659115 0.449074 0.009896 0.028704
0 0.678385 0.454167 0.009896 0.028704
0 0.686458 0.455093 0.009896 0.028704
0 0.695052 0.456481 0.009896 0.028704
0 0.703646 0.458796 0.009896 0.028704
0 0.711979 0.460185 0.009896 0.028704
0 0.720573 0.462037 0.009896 0.028704
0 0.642969 0.473148 0.009896 0.028704
0 0.651823 0.475463 0.009896 0.028704
0 0.660677 0.477315 0.009896 0.028704
0 0.679427 0.481019 0.009896 0.028704
0 0.688802 0.482870 0.009896 0.028704
0 0.696875 0.484259 0.009896 0.028704
0 0.705729 0.487037 0.009896 0.028704
0 0.714063 0.488426 0.009896 0.028704
0 0.722656 0.489352 0.009896 0.028704
0 0.644661 0.503009 0.010677 0.030093
0 0.653776 0.504861 0.010677 0.030093
0 0.662370 0.506250 0.010677 0.030093
0 0.671484 0.508565 0.010677 0.030093
0 0.680599 0.510417 0.010677 0.030093
0 0.688932 0.512269 0.010677 0.030093
0 0.697526 0.513194 0.010677 0.030093
0 0.706380 0.515509 0.010677 0.030093
0 0.714974 0.517361 0.010677 0.030093
0 0.723828 0.518750 0.010677 0.030093
0 0.646745 0.532639 0.010677 0.030093
0 0.655078 0.534491 0.010677 0.030093
0 0.664714 0.536343 0.010677 0.030093
0 0.673568 0.538194 0.010677 0.030093
0 0.691276 0.540972 0.010677 0.030093
0 0.700391 0.542824 0.010677 0.030093
0 0.708464 0.544213 0.010677 0.030093
0 0.717318 0.546065 0.010677 0.030093
0 0.726172 0.547917 0.010677 0.030093
0 0.648698 0.566204 0.011458 0.033333
0 0.657292 0.567593 0.011458 0.033333
0 0.666667 0.568981 0.011458 0.033333
0 0.686458 0.572685 0.011458 0.033333
0 0.695052 0.574537 0.011458 0.033333
0 0.704427 0.576852 0.011458 0.033333
0 0.713021 0.577778 0.011458 0.033333
0 0.721354 0.579861 0.011458 0.031944
0 0.729948 0.581713 0.011458 0.031944
0 0.650260 0.596759 0.011458 0.033333
0 0.659375 0.598148 0.011458 0.033333
0 0.668490 0.600463 0.011458 0.033333
0 0.677865 0.601852 0.011458 0.033333
0 0.686979 0.603704 0.011458 0.033333
0 0.695573 0.605556 0.011458 0.033333
0 0.704688 0.606944 0.011458 0.033333
0 0.713281 0.607870 0.011458 0.033333
0 0.722656 0.609722 0.011458 0.033333
0 0.731250 0.611574 0.011458 0.033333
0 0.652214 0.630556 0.011719 0.034259
0 0.661328 0.632407 0.011719 0.034259
0 0.670703 0.634722 0.011719 0.034259
0 0.679818 0.635648 0.011719 0.034259
0 0.688672 0.637500 0.011719 0.034259
0 0.698047 0.638889 0.011719 0.034259
0 0.707161 0.641204 0.011719 0.034259
0 0.716797 0.643056 0.011719 0.034259
0 0.725130 0.644676 0.011719 0.032870
0 0.733984 0.646065 0.011719 0.032870
0 0.654036 0.662963 0.011719 0.034259
0 0.663281 0.665278 0.012500 0.034259
0 0.672266 0.666667 0.011719 0.034259
0 0.693620 0.670370 0.011719 0.034259
0 0.702474 0.672222 0.011719 0.034259
0 0.711849 0.674074 0.011719 0.034259
0 0.720964 0.675463 0.011719 0.034259
0 0.730339 0.676852 0.011719 0.034259
0 0.739453 0.678241 0.011719 0.034259
0 0.656120 0.698611 0.011719 0.034259
0 0.665495 0.700000 0.011719 0.035185
0 0.674349 0.702315 0.011719 0.035185
0 0.695703 0.705093 0.011719 0.035185
0 0.705339 0.707407 0.011719 0.035185
0 0.714453 0.707870 0.011719 0.035185
0 0.723307 0.709722 0.011719 0.035185
0 0.732943 0.711574 0.011719 0.035185
0 0.741536 0.712500 0.011719 0.035185
0 0.657943 0.733333 0.011719 0.035185
0 0.667578 0.734722 0.011719 0.035185
0 0.676953 0.735185 0.011719 0.035185
0 0.686849 0.736574 0.011719 0.035185
0 0.695964 0.738426 0.011719 0.035185
0 0.705339 0.740278 0.011719 0.035185
0 0.714453 0.742130 0.011719 0.035185
0 0.724089 0.742593 0.011719 0.035185
0 0.733203 0.744444 0.011719 0.035185
0 0.742057 0.745833 0.011719 0.035185
0 0.659505 0.770833 0.011719 0.035185
0 0.669401 0.771759 0.011719 0.035185
0 0.679297 0.772685 0.011719 0.035185
0 0.703646 0.776389 0.012500 0.036111
0 0.713281 0.777778 0.012500 0.036111
0 0.722396 0.779167 0.012500 0.036111
0 0.732031 0.779630 0.012500 0.036111
0 0.741667 0.781019 0.012500 0.036111
0 0.661979 0.807176 0.011979 0.038426
0 0.672135 0.808565 0.011979 0.038426
0 0.681771 0.809491 0.011979 0.038426
0 0.705990 0.812731 0.011979 0.038426
0 0.715885 0.813194 0.011979 0.038426
0 0.725521 0.814352 0.012500 0.037963
0 0.735156 0.815741 0.012500 0.037963
0 0.744792 0.816667 0.012500 0.037963
0 0.663932 0.846991 0.012760 0.038426
0 0.674349 0.847917 0.012760 0.038426
0 0.684245 0.849306 0.012760 0.038426
0 0.693880 0.849769 0.012760 0.038426
0 0.703516 0.851620 0.012760 0.038426
0 0.712891 0.851157 0.012760 0.038426
0 0.723047 0.851620 0.012760 0.038426
0 0.732682 0.853935 0.012760 0.038426
0 0.742318 0.854861 0.012760 0.038426
0 0.666016 0.884491 0.012760 0.038426
0 0.676693 0.885417 0.012760 0.038426
0 0.686328 0.886343 0.012760 0.038426
0 0.696224 0.886806 0.012760 0.038426
0 0.706641 0.888194 0.012760 0.038426
0 0.715755 0.889583 0.012760 0.038426
0 0.725651 0.890046 0.012760 0.038426
0 0.735026 0.890972 0.012760 0.038426
0 0.745703 0.892361 0.012760 0.038426
0 0.754557 0.892361 0.012760 0.038426
0 0.683464 0.132870 0.017448 0.012963
0 0.683984 0.141667 0.017448 0.012963
0 0.684766 0.152315 0.017448 0.012963
0 0.685286 0.162037 0.017448 0.012963
0 0.686328 0.173148 0.017448 0.012963
0 0.687891 0.182407 0.017448 0.012963
0 0.688672 0.193056 0.017448 0.012963
0 0.689714 0.203704 0.017448 0.012963
0 0.691276 0.214352 0.017448 0.012963
0 0.698438 0.132870 0.016667 0.012963
0 0.698698 0.143056 0.016667 0.012963
0 0.700000 0.152315 0.016667 0.012963
0 0.701042 0.161574 0.016667 0.012963
0 0.702083 0.172685 0.016667 0.012963
0 0.703516 0.182176 0.017448 0.013426
0 0.704688 0.193981 0.017708 0.012963
0 0.705990 0.204167 0.017708 0.012963
0 0.707292 0.214815 0.017708 0.012963
0 0.719271 0.131944 0.016667 0.012963
0 0.720573 0.143056 0.016667 0.012963
0 0.721875 0.151852 0.016667 0.012963
0 0.723177 0.161111 0.016667 0.012963
0 0.724219 0.172222 0.016667 0.012963
0 0.725781 0.181481 0.016667 0.012963
0 0.726823 0.192593 0.016667 0.012963
0 0.727604 0.201852 0.016667 0.012963
0 0.728906 0.212963 0.016667 0.012963
0 0.735677 0.131944 0.016667 0.011111
0 0.736198 0.141204 0.016667 0.011111
0 0.736979 0.151389 0.016667 0.011111
0 0.738542 0.161111 0.016667 0.011111
0 0.739323 0.169444 0.016667 0.011111
0 0.740625 0.179630 0.016667 0.011111
0 0.742188 0.189815 0.016667 0.011111
0 0.743620 0.202083 0.017969 0.012500
0 0.745703 0.211343 0.017969 0.012500
