0 0.161458 0.497222 0.069792 0.050000
0 0.148958 0.539583 0.072396 0.051389
0 0.136328 0.585185 0.074740 0.054630
0 0.123177 0.631250 0.075000 0.058796
0 0.219010 0.501620 0.069271 0.051389
0 0.207422 0.544907 0.071094 0.053704
0 0.196745 0.590278 0.074740 0.056481
0 0.184115 0.638426 0.076042 0.059259
0 0.169401 0.688657 0.077344 0.062500
0 0.277604 0.506019 0.070312 0.050000
0 0.267188 0.549306 0.072917 0.054167
0 0.258854 0.595370 0.073438 0.054630
0 0.240495 0.677315 0.077865 0.061111
0 0.229687 0.730556 0.080208 0.065741
0 0.216667 0.787269 0.084375 0.069907
0 0.337500 0.509722 0.069792 0.049074
0 0.330078 0.553704 0.074219 0.052778
0 0.322266 0.600463 0.074740 0.058333
0 0.305990 0.683796 0.076563 0.061111
0 0.297005 0.737731 0.079427 0.066204
0 0.287630 0.794444 0.081510 0.071296
0 0.398307 0.513889 0.071094 0.051852
0 0.392839 0.557870 0.072656 0.054630
0 0.385937 0.605787 0.073438 0.057870
0 0.373568 0.689120 0.077344 0.062500
0 0.365495 0.745370 0.079427 0.067593
0 0.357161 0.802315 0.079948 0.072222
0 0.459896 0.518287 0.068229 0.050463
0 0.456120 0.562269 0.070573 0.053241
0 0.451042 0.611343 0.073438 0.056019
0 0.442057 0.695370 0.076823 0.062037
0 0.435937 0.751157 0.079167 0.068056
0 0.429948 0.810185 0.081250 0.072222
0 0.523047 0.523380 0.067969 0.053241
0 0.520182 0.567361 0.070573 0.056019
0 0.517188 0.615278 0.071875 0.060185
0 0.511068 0.700926 0.075781 0.066667
0 0.507031 0.759028 0.077604 0.070833
0 0.503646 0.818287 0.080729 0.075463
0 0.587630 0.525926 0.068490 0.052778
0 0.586458 0.571528 0.071875 0.056019
0 0.585286 0.619907 0.074219 0.059259
0 0.581510 0.709259 0.078646 0.067593
0 0.581250 0.766435 0.079687 0.070833
0 0.579557 0.827315 0.080469 0.075926
0 0.654167 0.530093 0.069271 0.054630
0 0.655078 0.576620 0.073698 0.058796
0 0.654818 0.626620 0.074219 0.062500
0 0.656510 0.718056 0.078646 0.069444
0 0.657161 0.774074 0.079948 0.075000
0 0.657552 0.837500 0.081771 0.076852
0 0.739323 0.488657 0.077604 0.053241
0 0.742708 0.538889 0.079687 0.057407
0 0.745833 0.590509 0.081250 0.062500
0 0.751172 0.672685 0.085156 0.070370
0 0.754167 0.734259 0.089063 0.075000
0 0.758594 0.799769 0.091667 0.080093
0 0.813151 0.492361 0.081510 0.054167
0 0.817839 0.541898 0.086198 0.060648
0 0.823307 0.594676 0.087760 0.062500
0 0.832682 0.679630 0.091406 0.067593
0 0.837500 0.741204 0.095833 0.076852
0 0.844922 0.807639 0.097656 0.079167
0 0.887891 0.493750 0.083594 0.055093
0 0.895052 0.545139 0.088021 0.059722
0 0.902604 0.599537 0.091146 0.065741
0 0.915755 0.685185 0.096094 0.072222
0 0.924609 0.748148 0.100781 0.078704
0 0.935026 0.816667 0.103385 0.082407
