0 0.174609 0.349769 0.069010 0.049537
0 0.164974 0.391667 0.070573 0.053704
0 0.153385 0.436111 0.072396 0.056481
0 0.143099 0.482870 0.072656 0.059259
0 0.232161 0.355093 0.067969 0.049074
0 0.222917 0.397222 0.070833 0.051852
0 0.213021 0.442593 0.071354 0.054630
0 0.202344 0.489352 0.072917 0.055556
0 0.189323 0.537731 0.076042 0.058796
0 0.289974 0.358333 0.069531 0.050926
0 0.283464 0.401389 0.070573 0.051852
0 0.273958 0.447917 0.072917 0.056019
0 0.259635 0.527315 0.073438 0.057407
0 0.249740 0.578472 0.076042 0.062500
0 0.239453 0.632407 0.078385 0.066667
0 0.350000 0.364120 0.068750 0.049537
0 0.343620 0.406713 0.071094 0.054167
0 0.336589 0.452315 0.072656 0.057407
0 0.323698 0.533796 0.076042 0.061111
0 0.314323 0.587269 0.078125 0.063426
0 0.307682 0.639583 0.078385 0.068056
0 0.410677 0.367593 0.068229 0.048148
0 0.405859 0.412037 0.070573 0.053704
0 0.399479 0.457639 0.071875 0.059722
0 0.388411 0.538657 0.075781 0.060648
0 0.382031 0.590972 0.076563 0.064352
0 0.375391 0.645833 0.078385 0.067593
0 0.471745 0.371528 0.067969 0.050463
0 0.467969 0.416898 0.069271 0.055093
0 0.462891 0.462037 0.071094 0.057407
0 0.455339 0.544676 0.072656 0.060648
0 0.450651 0.597685 0.075781 0.063889
0 0.445182 0.652778 0.077865 0.069444
0 0.534245 0.375694 0.066927 0.050463
0 0.531120 0.420833 0.070573 0.055556
0 0.528646 0.468287 0.071875 0.056944
0 0.522656 0.551157 0.071875 0.061574
0 0.519141 0.604630 0.074740 0.066667
0 0.516276 0.661111 0.077344 0.069444
0 0.598177 0.379630 0.069271 0.051852
0 0.595573 0.425231 0.070312 0.054167
0 0.594271 0.472917 0.070312 0.058796
0 0.591667 0.557407 0.073958 0.062963
0 0.590234 0.612269 0.075781 0.068056
0 0.589063 0.669676 0.077604 0.072685
0 0.663151 0.382176 0.069010 0.052315
0 0.663802 0.431250 0.069792 0.055093
0 0.663802 0.478935 0.072917 0.057870
0 0.663151 0.564583 0.075781 0.066204
0 0.663802 0.620139 0.077083 0.067130
0 0.664062 0.677778 0.078125 0.072222
0 0.748307 0.343056 0.074219 0.055556
0 0.750130 0.390046 0.076302 0.056944
0 0.752474 0.442361 0.077865 0.058796
0 0.756901 0.521991 0.082031 0.067130
0 0.759375 0.581481 0.084896 0.070370
0 0.761328 0.643056 0.086719 0.073148
0 0.820833 0.344213 0.077604 0.056019
0 0.824609 0.394676 0.079427 0.060648
0 0.828646 0.446528 0.081771 0.061574
0 0.835807 0.527546 0.086719 0.068056
0 0.840755 0.588889 0.090365 0.071296
0 0.845182 0.649769 0.091406 0.075463
0 0.894531 0.347685 0.082292 0.053704
0 0.899870 0.397917 0.084115 0.059722
0 0.905729 0.451157 0.089063 0.062500
0 0.917318 0.533565 0.091406 0.068056
0 0.924349 0.594213 0.093490 0.074537
0 0.931380 0.659028 0.096615 0.078241
