0 0.274479 0.230093 0.032292 0.070370
0 0.303906 0.228472 0.030208 0.072685
0 0.330990 0.224769 0.030208 0.072685
0 0.358333 0.223843 0.030208 0.072685
0 0.385807 0.219213 0.028906 0.071759
0 0.413151 0.214583 0.028906 0.071759
0 0.439193 0.212731 0.028906 0.071759
0 0.466667 0.207176 0.030208 0.073611
0 0.493229 0.203241 0.032292 0.074074
0 0.271354 0.303704 0.035417 0.078704
0 0.301563 0.297685 0.035417 0.078704
0 0.329427 0.294676 0.034375 0.075463
0 0.358333 0.290972 0.034375 0.075463
0 0.386719 0.286343 0.034375 0.075463
0 0.414974 0.282639 0.033073 0.076389
0 0.442318 0.278472 0.033073 0.076389
0 0.470052 0.277315 0.033854 0.079630
0 0.498828 0.271528 0.033073 0.076389
0 0.369661 0.413426 0.060677 0.049074
0 0.372135 0.453935 0.060417 0.052315
0 0.374219 0.496991 0.061979 0.057870
0 0.375521 0.542824 0.061979 0.057870
0 0.377474 0.590741 0.064323 0.064815
0 0.378385 0.639120 0.066146 0.063426
0 0.380078 0.692361 0.069010 0.068981
0 0.381380 0.746991 0.069010 0.068981
0 0.444401 0.401852 0.059635 0.051852
0 0.447786 0.441204 0.059635 0.051852
0 0.451172 0.484722 0.060677 0.053704
0 0.455469 0.527778 0.063021 0.056481
0 0.458854 0.574769 0.064062 0.062500
0 0.462240 0.621759 0.064583 0.065741
0 0.465885 0.673148 0.067187 0.068519
0 0.469531 0.727778 0.069271 0.073148
