0 0.233984 0.646065 0.044531 0.043981
0 0.278255 0.638194 0.044531 0.043981
0 0.320182 0.630787 0.044531 0.043981
0 0.234115 0.682407 0.045312 0.047222
0 0.234896 0.719444 0.045312 0.047222
0 0.235417 0.775463 0.046354 0.049074
0 0.234896 0.813889 0.045833 0.050926
0 0.235156 0.854167 0.045833 0.050926
0 0.279036 0.675231 0.044531 0.043981
0 0.279036 0.710880 0.045052 0.046759
0 0.280339 0.765509 0.045052 0.046759
0 0.280859 0.804861 0.045052 0.048611
0 0.281510 0.845139 0.045833 0.048611
0 0.321484 0.666898 0.043490 0.044907
0 0.323177 0.703472 0.043750 0.047685
0 0.324219 0.757176 0.043750 0.047685
0 0.325130 0.796296 0.044010 0.050926
0 0.326562 0.835417 0.045312 0.049537
0 0.370443 0.630093 0.041927 0.045370
0 0.372266 0.666667 0.041927 0.045370
0 0.373568 0.700694 0.042969 0.045833
0 0.375260 0.758796 0.043229 0.050000
0 0.376693 0.795833 0.042448 0.050000
0 0.378646 0.833796 0.044271 0.050926
0 0.409766 0.623843 0.041927 0.043981
0 0.411979 0.657870 0.043229 0.044444
0 0.414062 0.692593 0.043229 0.044444
0 0.416797 0.751389 0.044531 0.046296
0 0.418359 0.786574 0.045052 0.048148
0 0.421094 0.825694 0.043750 0.049537
0 0.448958 0.616204 0.042188 0.043519
0 0.450781 0.648843 0.043229 0.043056
0 0.453255 0.683102 0.042969 0.043981
0 0.457292 0.741667 0.043229 0.046296
0 0.459635 0.777315 0.043229 0.046296
0 0.461979 0.814120 0.044271 0.046759
0 0.487760 0.608333 0.042188 0.043519
0 0.489844 0.641898 0.041667 0.043056
0 0.492578 0.674537 0.041406 0.043519
0 0.496484 0.733333 0.042448 0.044444
0 0.500000 0.768981 0.043229 0.047222
0 0.502995 0.804398 0.044010 0.046759
0 0.525000 0.601389 0.042188 0.043519
0 0.528646 0.634722 0.042708 0.043519
0 0.530990 0.667130 0.042708 0.043519
0 0.535677 0.724074 0.042708 0.043519
0 0.539323 0.760648 0.043750 0.045370
0 0.542708 0.796528 0.045833 0.046759
0 0.562760 0.594676 0.042708 0.041204
0 0.565625 0.626852 0.044271 0.043519
0 0.569531 0.659028 0.043229 0.041204
0 0.575260 0.716204 0.044792 0.045370
0 0.578385 0.751852 0.044792 0.045370
0 0.581771 0.787731 0.043750 0.046759
0 0.599740 0.587037 0.042188 0.041667
0 0.603125 0.618519 0.042188 0.042593
0 0.607161 0.652315 0.042448 0.040741
0 0.613151 0.708102 0.043490 0.043056
0 0.617318 0.743287 0.042969 0.045833
0 0.621615 0.778935 0.044792 0.046759
0 0.644661 0.633102 0.041927 0.042130
0 0.648047 0.666435 0.042969 0.043056
0 0.651432 0.700694 0.044531 0.043981
0 0.657161 0.735417 0.043490 0.046759
0 0.661458 0.771065 0.043750 0.044907
0 0.685156 0.659954 0.041667 0.041204
0 0.689583 0.693056 0.043229 0.042593
0 0.694792 0.728472 0.043750 0.043981
0 0.699219 0.762731 0.043229 0.044907
