0 0.157422 0.505556 0.067969 0.049074
0 0.146094 0.546296 0.069271 0.050926
0 0.133724 0.591667 0.072656 0.054630
0 0.120573 0.637500 0.073958 0.058333
0 0.213151 0.510185 0.069010 0.049074
0 0.202344 0.551620 0.072396 0.052315
0 0.192188 0.596296 0.073958 0.055556
0 0.179948 0.643981 0.075000 0.058333
0 0.165625 0.692824 0.075521 0.061574
0 0.270833 0.513889 0.068750 0.050000
0 0.261198 0.556019 0.071354 0.052778
0 0.251823 0.601620 0.074479 0.055093
0 0.235026 0.682639 0.075781 0.060648
0 0.223828 0.733565 0.078906 0.064352
0 0.210938 0.788657 0.082812 0.067130
0 0.328646 0.517130 0.068229 0.049074
0 0.321224 0.560417 0.071094 0.054167
0 0.313542 0.606713 0.072917 0.055093
0 0.298047 0.687963 0.076823 0.061111
0 0.288932 0.740278 0.078385 0.065741
0 0.279818 0.795602 0.078906 0.069907
0 0.388411 0.520833 0.066927 0.049074
0 0.382292 0.565741 0.070312 0.052778
0 0.375651 0.611343 0.072656 0.056019
0 0.363021 0.694676 0.075521 0.061574
0 0.354948 0.747222 0.079167 0.065741
0 0.347135 0.804167 0.079687 0.069444
0 0.448437 0.524306 0.066146 0.049537
0 0.444141 0.568981 0.070052 0.054630
0 0.438802 0.615278 0.070312 0.057407
0 0.427995 0.699769 0.075260 0.062500
0 0.423307 0.753472 0.076823 0.067130
0 0.416536 0.811343 0.079948 0.070833
0 0.509115 0.530093 0.067187 0.051852
0 0.505859 0.573611 0.070052 0.053704
0 0.502214 0.620833 0.071094 0.059259
0 0.496224 0.705787 0.073698 0.064352
0 0.491927 0.760648 0.076563 0.070370
0 0.488411 0.819213 0.079948 0.071759
0 0.571354 0.532176 0.067187 0.052315
0 0.569792 0.578935 0.069792 0.055093
0 0.568099 0.625463 0.071615 0.059259
0 0.564974 0.712963 0.074219 0.065741
0 0.562760 0.768056 0.076563 0.071296
0 0.560677 0.826620 0.078125 0.073611
0 0.635547 0.537731 0.068490 0.054167
0 0.635938 0.583796 0.069792 0.057407
0 0.635677 0.632407 0.072396 0.061111
0 0.635286 0.719444 0.074740 0.066667
0 0.636068 0.775231 0.076823 0.072685
0 0.635807 0.836111 0.079427 0.075000
0 0.717839 0.498148 0.075781 0.053704
0 0.720443 0.547222 0.076823 0.058333
0 0.722917 0.597685 0.079167 0.062037
0 0.726302 0.678935 0.081771 0.067130
0 0.729167 0.737269 0.085417 0.073611
0 0.731380 0.801852 0.086198 0.075000
0 0.788672 0.501852 0.078385 0.055556
0 0.792188 0.550231 0.082292 0.060648
0 0.796875 0.602778 0.083854 0.061111
0 0.804948 0.684722 0.088021 0.067593
0 0.809505 0.745370 0.090885 0.075000
0 0.815625 0.809491 0.093229 0.079167
0 0.860807 0.505787 0.080990 0.054167
0 0.866797 0.554630 0.084115 0.063889
0 0.872917 0.606944 0.086458 0.063889
0 0.884635 0.690046 0.090104 0.071759
0 0.892578 0.752315 0.095052 0.076852
0 0.900391 0.817593 0.098177 0.079630
