0 0.220964 0.178935 0.008594 0.022685
0 0.226953 0.176620 0.008594 0.022685
0 0.233464 0.172917 0.008594 0.022685
0 0.248177 0.167361 0.008333 0.023611
0 0.240755 0.169676 0.008594 0.022685
0 0.254688 0.163657 0.008333 0.023611
0 0.261719 0.161343 0.008333 0.023611
0 0.268750 0.157639 0.008333 0.023611
0 0.275521 0.154398 0.008333 0.023611
0 0.282813 0.152083 0.008333 0.023611
0 0.293490 0.150231 0.008854 0.023611
0 0.301042 0.151620 0.008854 0.023611
0 0.309375 0.152546 0.008854 0.023611
0 0.316927 0.153009 0.008854 0.023611
0 0.324479 0.154398 0.008854 0.023611
0 0.332292 0.155324 0.008854 0.023611
0 0.339583 0.155787 0.008854 0.023611
0 0.361979 0.159491 0.008854 0.023611
0 0.345833 0.154861 0.008854 0.023611
0 0.353906 0.156250 0.008854 0.023611
0 0.376563 0.156713 0.008854 0.023611
0 0.383073 0.153935 0.008854 0.023611
0 0.390365 0.151620 0.008854 0.023611
0 0.397917 0.149769 0.008854 0.023611
0 0.404687 0.146065 0.008854 0.023611
0 0.426302 0.139120 0.008854 0.023611
0 0.411458 0.141898 0.008854 0.023611
0 0.419010 0.138657 0.008854 0.023611
0 0.433854 0.135417 0.008854 0.023611
0 0.441406 0.132176 0.008854 0.023611
0 0.447917 0.130324 0.008854 0.023611
0 0.462760 0.125231 0.008854 0.023611
0 0.455208 0.126620 0.008854 0.023611
0 0.476042 0.122454 0.008854 0.023611
0 0.483333 0.122917 0.008854 0.023611
0 0.491146 0.123380 0.008854 0.023611
0 0.498177 0.124306 0.008854 0.023611
0 0.505990 0.123380 0.008854 0.023611
0 0.512500 0.123380 0.008854 0.023611
0 0.519922 0.124306 0.010156 0.023611
0 0.527214 0.124769 0.010156 0.023611
0 0.535026 0.125463 0.010677 0.022222
0 0.541797 0.125463 0.010677 0.022222
0 0.548568 0.124537 0.010677 0.022222
0 0.555859 0.125463 0.010677 0.022222
0 0.563151 0.126852 0.010677 0.022222
0 0.570443 0.125926 0.010677 0.022222
0 0.576953 0.125463 0.010677 0.022222
0 0.584245 0.127546 0.010156 0.022685
0 0.591536 0.126620 0.010156 0.022685
0 0.598047 0.127546 0.010156 0.021759
0 0.226432 0.196065 0.008594 0.022685
0 0.233724 0.192824 0.008594 0.022685
0 0.239974 0.189583 0.008594 0.022685
0 0.247786 0.186806 0.008594 0.022685
0 0.254557 0.183102 0.008594 0.022685
0 0.268880 0.178009 0.008594 0.022685
0 0.261068 0.179861 0.008594 0.022685
0 0.274870 0.174537 0.009115 0.025926
0 0.282422 0.172222 0.009115 0.025926
0 0.293620 0.171759 0.009115 0.025926
0 0.301432 0.171296 0.009115 0.023148
0 0.308984 0.173148 0.009115 0.023148
0 0.317057 0.173611 0.009115 0.023148
0 0.324870 0.172685 0.009115 0.023148
0 0.331901 0.175000 0.009115 0.023148
0 0.339714 0.176389 0.009115 0.023148
0 0.347266 0.176389 0.009115 0.023148
0 0.354557 0.177315 0.009115 0.023148
0 0.420443 0.160648 0.009115 0.023148
0 0.376172 0.175926 0.009115 0.023148
0 0.383464 0.173611 0.009115 0.023148
0 0.390495 0.171759 0.009115 0.023148
0 0.398568 0.168981 0.009115 0.023148
0 0.404818 0.166204 0.009115 0.023148
0 0.412109 0.162037 0.009115 0.023148
0 0.427604 0.159028 0.010417 0.023611
0 0.434375 0.155324 0.010417 0.023611
0 0.441667 0.153009 0.010417 0.023611
0 0.448698 0.149769 0.010417 0.023611
0 0.456250 0.146991 0.010417 0.023611
0 0.463542 0.144213 0.010417 0.023611
0 0.478255 0.143056 0.009115 0.024074
0 0.485026 0.143981 0.009115 0.024074
0 0.492578 0.143056 0.009115 0.024074
0 0.499870 0.143519 0.009115 0.024074
0 0.507161 0.143750 0.009635 0.022685
0 0.513932 0.143287 0.009635 0.022685
0 0.521484 0.143750 0.009635 0.022685
0 0.528776 0.145139 0.009635 0.022685
0 0.536589 0.144213 0.009635 0.022685
0 0.543880 0.144676 0.009635 0.022685
0 0.551042 0.145602 0.010417 0.022685
0 0.558073 0.146065 0.010417 0.022685
0 0.565625 0.145139 0.010417 0.022685
0 0.572656 0.145602 0.010417 0.022685
0 0.579688 0.145602 0.010417 0.022685
0 0.587500 0.146991 0.010417 0.022685
0 0.593750 0.146759 0.009896 0.023148
0 0.600781 0.146991 0.009896 0.022685
0 0.221354 0.219676 0.008333 0.025463
0 0.228776 0.217361 0.008594 0.023611
0 0.235286 0.213657 0.008594 0.023611
0 0.242578 0.209954 0.008594 0.023611
0 0.248828 0.208102 0.008594 0.023611
0 0.268099 0.200231 0.008594 0.023611
0 0.274609 0.196528 0.008594 0.023611
0 0.281901 0.193750 0.008594 0.023611
0 0.292839 0.192361 0.008594 0.023611
0 0.300651 0.193750 0.008594 0.023611
0 0.308203 0.194676 0.008594 0.023611
0 0.327344 0.196296 0.008333 0.021296
0 0.334505 0.196759 0.009635 0.022222
0 0.341797 0.198148 0.009635 0.022222
0 0.350651 0.200000 0.009635 0.022222
0 0.357943 0.200926 0.009635 0.022222
0 0.366016 0.200463 0.009635 0.022222
0 0.377995 0.199074 0.009115 0.024074
0 0.384505 0.195370 0.009115 0.024074
0 0.392318 0.193981 0.009635 0.023148
0 0.398568 0.191204 0.009635 0.023148
0 0.406120 0.187963 0.009635 0.023148
0 0.412891 0.185185 0.009635 0.023148
0 0.420964 0.182870 0.009635 0.023148
0 0.427995 0.180093 0.009635 0.023148
0 0.435807 0.176852 0.010677 0.025000
0 0.442708 0.174769 0.010417 0.023611
0 0.450651 0.171991 0.011198 0.025463
0 0.457943 0.169213 0.010156 0.023611
0 0.465234 0.167361 0.010156 0.023611
0 0.479557 0.164583 0.009635 0.023611
0 0.486328 0.163657 0.009635 0.023611
0 0.494141 0.164583 0.009635 0.023611
0 0.501693 0.165509 0.009635 0.023611
0 0.508984 0.164583 0.009635 0.023611
0 0.516536 0.165509 0.010156 0.023611
0 0.523958 0.166667 0.009896 0.024074
0 0.530729 0.166667 0.009896 0.024074
0 0.539062 0.166667 0.009896 0.024074
0 0.545312 0.167593 0.009896 0.024074
0 0.552865 0.167130 0.009896 0.024074
0 0.560156 0.168287 0.010417 0.022685
0 0.567708 0.168287 0.010417 0.023611
0 0.574740 0.168287 0.010417 0.023611
0 0.582031 0.167824 0.010417 0.023611
0 0.588802 0.169676 0.010417 0.022685
0 0.596224 0.169213 0.009635 0.021759
0 0.602995 0.169676 0.009635 0.021759
0 0.221094 0.241667 0.008333 0.023148
0 0.227604 0.237500 0.008333 0.023148
0 0.234635 0.234722 0.008333 0.023148
0 0.241667 0.231481 0.008333 0.023148
0 0.248958 0.228241 0.008333 0.023148
0 0.267448 0.220370 0.008333 0.024074
0 0.274219 0.217130 0.008333 0.024074
0 0.280990 0.214815 0.008333 0.024074
0 0.292448 0.215278 0.009375 0.025926
0 0.300000 0.214815 0.008333 0.024074
0 0.308073 0.215278 0.008333 0.024074
0 0.325781 0.218056 0.008333 0.024074
0 0.333854 0.219444 0.008333 0.024074
0 0.340885 0.218056 0.008333 0.024074
0 0.349479 0.220370 0.008333 0.024074
0 0.357031 0.221296 0.008333 0.024074
0 0.364583 0.221759 0.008333 0.024074
0 0.377865 0.219444 0.008333 0.024074
0 0.385156 0.218056 0.008333 0.024074
0 0.392188 0.213889 0.008333 0.024074
0 0.399740 0.211111 0.008333 0.024074
0 0.406771 0.209259 0.008333 0.024074
0 0.414583 0.206481 0.008333 0.024074
0 0.421875 0.203704 0.008333 0.024074
0 0.428906 0.200926 0.008333 0.024074
0 0.436589 0.197917 0.009115 0.024537
0 0.444141 0.195602 0.009115 0.024537
0 0.451432 0.191898 0.009115 0.024537
0 0.458724 0.189583 0.009115 0.024537
0 0.466276 0.187269 0.009115 0.024537
0 0.480339 0.185417 0.009115 0.024537
0 0.488151 0.185417 0.009115 0.024537
0 0.502995 0.185417 0.009115 0.024537
0 0.494661 0.185417 0.009115 0.024537
0 0.510807 0.186343 0.009115 0.024537
0 0.518099 0.185880 0.009115 0.024537
0 0.525260 0.186806 0.009896 0.023611
0 0.532813 0.186806 0.009896 0.023611
0 0.539844 0.185880 0.009896 0.023611
0 0.547656 0.186343 0.009896 0.023611
0 0.554427 0.187731 0.009896 0.023611
0 0.562500 0.188194 0.009896 0.023611
0 0.570312 0.187269 0.009896 0.023611
0 0.583854 0.188657 0.009896 0.023611
0 0.575781 0.185880 0.009896 0.023611
0 0.591406 0.188657 0.009896 0.022685
0 0.598437 0.189120 0.009896 0.022685
0 0.605469 0.189120 0.009896 0.022685
0 0.216406 0.263889 0.008333 0.023148
0 0.223698 0.261574 0.008333 0.023148
0 0.231250 0.258796 0.008333 0.023148
0 0.237760 0.256019 0.008333 0.023148
0 0.244792 0.253241 0.008333 0.023148
0 0.251823 0.250000 0.008333 0.023148
0 0.259375 0.246296 0.008333 0.023148
0 0.266406 0.243981 0.008333 0.023148
0 0.273438 0.241204 0.008333 0.023148
0 0.280990 0.237037 0.008333 0.023148
0 0.291927 0.236111 0.008333 0.023148
0 0.300000 0.237037 0.008333 0.023148
0 0.307161 0.237963 0.009635 0.024074
0 0.316016 0.238426 0.009635 0.024074
0 0.324089 0.240278 0.009635 0.024074
0 0.332292 0.240741 0.009375 0.023148
0 0.339323 0.241667 0.009375 0.023148
0 0.347396 0.242593 0.009375 0.023148
0 0.355990 0.243519 0.009375 0.023148
0 0.363281 0.243056 0.009375 0.023148
0 0.379427 0.242130 0.009375 0.023148
0 0.386068 0.239815 0.009635 0.025000
0 0.393880 0.237500 0.009635 0.025000
0 0.400391 0.235648 0.009635 0.025000
0 0.407682 0.231944 0.009635 0.025000
0 0.437891 0.221296 0.009635 0.025000
0 0.414453 0.227778 0.009635 0.025000
0 0.422266 0.226852 0.009635 0.025000
0 0.429036 0.223148 0.009635 0.025000
0 0.444661 0.218519 0.009635 0.025000
0 0.452474 0.214815 0.009635 0.025000
0 0.460026 0.212963 0.009635 0.025000
0 0.467057 0.209722 0.009635 0.025000
0 0.482682 0.208796 0.009635 0.025000
0 0.488672 0.208333 0.009635 0.025000
0 0.497005 0.208333 0.009635 0.025000
0 0.504557 0.209259 0.009635 0.025000
0 0.512370 0.208796 0.009635 0.025000
0 0.520182 0.209259 0.009635 0.025000
0 0.534766 0.210648 0.009635 0.025000
0 0.526432 0.207870 0.009635 0.025000
0 0.542318 0.210648 0.009635 0.025000
0 0.549870 0.211111 0.009635 0.025000
0 0.557161 0.211111 0.009635 0.025000
0 0.564193 0.210185 0.009635 0.025000
0 0.571484 0.211574 0.009635 0.025000
0 0.579557 0.210648 0.009635 0.025000
0 0.586068 0.211574 0.009635 0.025000
0 0.593490 0.211343 0.009896 0.022685
0 0.601042 0.211343 0.009896 0.022685
0 0.607812 0.211806 0.009896 0.022685
0 0.213672 0.287037 0.008594 0.025000
0 0.220703 0.285648 0.008594 0.025000
0 0.227995 0.281481 0.008594 0.025000
0 0.235026 0.280093 0.008594 0.025000
0 0.242057 0.275926 0.008594 0.025000
0 0.249089 0.272222 0.008594 0.025000
0 0.266406 0.265741 0.009375 0.025926
0 0.272917 0.262500 0.009375 0.025926
0 0.279948 0.259722 0.009375 0.025926
0 0.291667 0.258333 0.009375 0.024074
0 0.300260 0.257407 0.009375 0.024074
0 0.306771 0.259259 0.009375 0.024074
0 0.324740 0.260185 0.009375 0.024074
0 0.349740 0.263426 0.009375 0.024074
0 0.333073 0.261111 0.009375 0.024074
0 0.340885 0.262500 0.009375 0.024074
0 0.357552 0.265278 0.009375 0.024074
0 0.365625 0.265278 0.009375 0.024074
0 0.378906 0.263889 0.009375 0.024074
0 0.386458 0.261574 0.009375 0.024074
0 0.394141 0.258565 0.009635 0.025463
0 0.400911 0.256713 0.009635 0.025463
0 0.408464 0.253472 0.009635 0.025463
0 0.416276 0.250231 0.009635 0.025463
0 0.424089 0.248843 0.009635 0.025463
0 0.431641 0.245602 0.009635 0.025463
0 0.438411 0.242361 0.009635 0.025463
0 0.445964 0.239583 0.009635 0.025463
0 0.453516 0.237731 0.009635 0.025463
0 0.461589 0.234028 0.009635 0.025463
0 0.468359 0.231713 0.009635 0.025463
0 0.483203 0.230787 0.009635 0.025463
0 0.491276 0.229861 0.009635 0.025463
0 0.498047 0.230324 0.009635 0.025463
0 0.521745 0.232639 0.009635 0.025463
0 0.505078 0.230324 0.009635 0.025463
0 0.513672 0.230787 0.009635 0.025463
0 0.536328 0.232176 0.009635 0.025463
0 0.529036 0.231481 0.009635 0.025000
0 0.543880 0.232639 0.009635 0.025463
0 0.550911 0.233102 0.009635 0.025463
0 0.558464 0.232176 0.009635 0.025463
0 0.574219 0.231944 0.009896 0.023148
0 0.566016 0.230787 0.009635 0.025463
0 0.581120 0.232176 0.011198 0.022685
0 0.589193 0.232639 0.011198 0.022685
0 0.596224 0.231713 0.011198 0.022685
0 0.602995 0.232639 0.011198 0.022685
0 0.610547 0.233102 0.010156 0.021759
0 0.212109 0.310185 0.008594 0.025000
0 0.219401 0.308796 0.008594 0.025000
0 0.226953 0.305093 0.008594 0.025000
0 0.280078 0.282870 0.008594 0.025000
0 0.233984 0.301852 0.008594 0.025000
0 0.241276 0.299074 0.008594 0.025000
0 0.248568 0.294444 0.008594 0.025000
0 0.264974 0.289352 0.008594 0.025000
0 0.272526 0.287037 0.008594 0.025000
0 0.290755 0.282407 0.008594 0.025000
0 0.299609 0.283333 0.009635 0.025926
0 0.307292 0.283565 0.010417 0.025463
0 0.327344 0.284491 0.010417 0.025463
0 0.335026 0.286343 0.009635 0.025463
0 0.343099 0.287731 0.009635 0.025463
0 0.351432 0.288657 0.009635 0.025463
0 0.359245 0.289120 0.009635 0.025463
0 0.367839 0.289583 0.009635 0.025463
0 0.379688 0.286806 0.008854 0.026389
0 0.387500 0.284954 0.008854 0.026389
0 0.394792 0.282639 0.008854 0.026389
0 0.402865 0.279398 0.008854 0.026389
0 0.402344 0.278472 0.008854 0.026389
0 0.409375 0.277083 0.008854 0.026389
0 0.417187 0.274769 0.008854 0.026389
0 0.424740 0.271991 0.008854 0.026389
0 0.424219 0.271065 0.008854 0.026389
0 0.432031 0.269676 0.008854 0.026389
0 0.439844 0.266435 0.008854 0.026389
0 0.447656 0.263194 0.008854 0.026389
0 0.455469 0.260417 0.008854 0.026389
0 0.462760 0.257176 0.008854 0.026389
0 0.470573 0.254398 0.008854 0.026389
0 0.485156 0.254398 0.008854 0.026389
0 0.493229 0.253935 0.008854 0.026389
0 0.500391 0.254861 0.010156 0.024537
0 0.507682 0.253935 0.010156 0.024537
0 0.515755 0.254398 0.010156 0.024537
0 0.523307 0.254861 0.010156 0.024537
0 0.531120 0.255787 0.010156 0.024537
0 0.538411 0.254398 0.010156 0.024537
0 0.546745 0.254861 0.010156 0.024537
0 0.553516 0.254398 0.010156 0.024537
0 0.560807 0.255324 0.010156 0.024537
0 0.568620 0.255787 0.010156 0.024537
0 0.575911 0.254861 0.010156 0.024537
0 0.583203 0.255324 0.010156 0.024537
0 0.590755 0.254861 0.010156 0.024537
0 0.599089 0.254861 0.010156 0.024537
0 0.605599 0.255787 0.010156 0.024537
0 0.613411 0.255787 0.010156 0.024537
0 0.212630 0.332870 0.008594 0.025000
0 0.220182 0.330556 0.008594 0.025000
0 0.227474 0.327778 0.008594 0.025000
0 0.234766 0.324537 0.008594 0.025000
0 0.242578 0.321296 0.008594 0.025000
0 0.249870 0.318519 0.008594 0.025000
0 0.256901 0.315278 0.008594 0.025000
0 0.264062 0.311806 0.008854 0.026389
0 0.272005 0.308796 0.009115 0.025926
0 0.279427 0.306019 0.008854 0.026852
0 0.290495 0.304630 0.009635 0.026852
0 0.298568 0.306019 0.009635 0.026852
0 0.307161 0.305556 0.009635 0.026852
0 0.315495 0.306944 0.009635 0.026852
0 0.323828 0.307870 0.009635 0.026852
0 0.332161 0.308333 0.009635 0.026852
0 0.340755 0.309722 0.009635 0.026852
0 0.348047 0.310648 0.009635 0.026852
0 0.356250 0.311574 0.009896 0.025000
0 0.364323 0.312500 0.009896 0.025000
0 0.380469 0.308796 0.009375 0.026852
0 0.388021 0.307407 0.009375 0.026852
0 0.395052 0.304167 0.009375 0.026852
0 0.402604 0.302315 0.009375 0.026852
0 0.410417 0.298611 0.009375 0.026852
0 0.417969 0.295833 0.009375 0.026852
0 0.426302 0.293981 0.009375 0.026852
0 0.433333 0.290278 0.009375 0.026852
0 0.448698 0.286111 0.009375 0.026852
0 0.440365 0.287500 0.009375 0.026852
0 0.456510 0.283333 0.009375 0.026852
0 0.463802 0.279630 0.009375 0.026852
0 0.471615 0.277315 0.009375 0.026852
0 0.486589 0.276157 0.009635 0.026389
0 0.494141 0.276389 0.009635 0.025926
0 0.502214 0.277315 0.009635 0.025926
0 0.510156 0.276620 0.009896 0.025463
0 0.517708 0.275694 0.009896 0.025463
0 0.524740 0.276620 0.009896 0.025463
0 0.532552 0.276389 0.009896 0.024074
0 0.540625 0.276852 0.009896 0.024074
0 0.547917 0.276852 0.009896 0.024074
0 0.555469 0.276852 0.009896 0.024074
0 0.563281 0.276852 0.009896 0.024074
0 0.570833 0.276852 0.009896 0.024074
0 0.578385 0.277315 0.009896 0.024074
0 0.586198 0.277778 0.009896 0.024074
0 0.593750 0.277315 0.009896 0.024074
0 0.600260 0.277315 0.009896 0.024074
0 0.608073 0.276852 0.009896 0.024074
0 0.615885 0.277315 0.009896 0.024074
0 0.211849 0.358565 0.009115 0.026389
0 0.218880 0.356250 0.009115 0.026389
0 0.226172 0.352546 0.009115 0.026389
0 0.233724 0.349306 0.009115 0.026389
0 0.241276 0.347454 0.009115 0.026389
0 0.247786 0.343287 0.009115 0.026389
0 0.256641 0.340972 0.009115 0.026389
0 0.263672 0.337731 0.009115 0.026389
0 0.271224 0.334491 0.009115 0.026389
0 0.270703 0.333565 0.009115 0.026389
0 0.279036 0.329861 0.009115 0.026389
0 0.290495 0.328935 0.009115 0.026389
0 0.298568 0.329861 0.009115 0.026389
0 0.307422 0.330787 0.009115 0.026389
0 0.315495 0.331250 0.009115 0.026389
0 0.324089 0.331713 0.009115 0.026389
0 0.332422 0.333565 0.009115 0.026389
0 0.340234 0.334028 0.009115 0.026389
0 0.348828 0.335880 0.009115 0.026389
0 0.356510 0.335417 0.009375 0.025463
0 0.365104 0.336343 0.009375 0.025463
0 0.380208 0.333796 0.009896 0.026852
0 0.388281 0.330093 0.009896 0.026852
0 0.395833 0.327315 0.009896 0.026852
0 0.403125 0.324074 0.009896 0.026852
0 0.411458 0.321759 0.009896 0.026852
0 0.418750 0.320370 0.009896 0.026852
0 0.427083 0.317130 0.009896 0.026852
0 0.434375 0.313426 0.009896 0.026852
0 0.442188 0.311574 0.009896 0.026852
0 0.449479 0.309722 0.009896 0.026852
0 0.457552 0.306944 0.009896 0.026852
0 0.465625 0.304167 0.009896 0.026852
0 0.472917 0.301852 0.009896 0.026852
0 0.488021 0.301389 0.009896 0.026852
0 0.496615 0.301852 0.009896 0.026852
0 0.503385 0.301620 0.011458 0.025463
0 0.512109 0.302546 0.010156 0.025463
0 0.518620 0.302083 0.010156 0.025463
0 0.527214 0.302083 0.010156 0.025463
0 0.534505 0.301620 0.010156 0.025463
0 0.542578 0.301157 0.010156 0.025463
0 0.550391 0.302083 0.010156 0.025463
0 0.557422 0.301620 0.010156 0.025463
0 0.565755 0.302546 0.010156 0.025463
0 0.573568 0.303009 0.010156 0.025463
0 0.581380 0.302546 0.010156 0.025463
0 0.588672 0.301157 0.010156 0.025463
0 0.596484 0.301620 0.010156 0.025463
0 0.604297 0.303472 0.010156 0.025463
0 0.611849 0.302083 0.010156 0.025463
0 0.619141 0.301620 0.010156 0.025463
0 0.209245 0.382176 0.009115 0.026389
0 0.217057 0.379398 0.009115 0.026389
0 0.224089 0.377083 0.009115 0.026389
0 0.231380 0.373380 0.009115 0.026389
0 0.239453 0.370602 0.009115 0.026389
0 0.246484 0.366898 0.009115 0.026389
0 0.263151 0.359954 0.009115 0.026389
0 0.270964 0.357176 0.009115 0.026389
0 0.277995 0.354861 0.009115 0.026389
0 0.289974 0.352546 0.009635 0.025463
0 0.298047 0.353009 0.009635 0.025463
0 0.306120 0.353935 0.009635 0.025463
0 0.326432 0.355324 0.009635 0.025463
0 0.335547 0.357176 0.009635 0.025463
0 0.360547 0.358565 0.009635 0.025463
0 0.343359 0.355787 0.009635 0.025463
0 0.351693 0.356713 0.009635 0.025463
0 0.368880 0.359491 0.009635 0.025463
0 0.381120 0.356250 0.009635 0.025463
0 0.388672 0.354167 0.010156 0.026852
0 0.397135 0.351389 0.009375 0.027778
0 0.404687 0.349074 0.009375 0.027778
0 0.412240 0.345602 0.009896 0.026389
0 0.419792 0.343287 0.009896 0.026389
0 0.427604 0.340509 0.009896 0.026389
0 0.436458 0.337731 0.009896 0.026389
0 0.444531 0.334954 0.009896 0.026389
0 0.450521 0.333102 0.009896 0.026389
0 0.458854 0.329398 0.009896 0.026389
0 0.466667 0.327083 0.009896 0.026389
0 0.474740 0.324306 0.009896 0.026389
0 0.489844 0.324306 0.009896 0.026389
0 0.497917 0.324306 0.009896 0.026389
0 0.505729 0.325231 0.009896 0.026389
0 0.513281 0.325231 0.009896 0.026389
0 0.521094 0.325231 0.009896 0.026389
0 0.528906 0.324769 0.009896 0.026389
0 0.537109 0.325231 0.009115 0.026389
0 0.544271 0.325000 0.010937 0.025926
0 0.552344 0.325000 0.010937 0.025926
0 0.560677 0.325463 0.010937 0.025926
0 0.567708 0.325000 0.010937 0.025926
0 0.575000 0.325000 0.010937 0.025926
0 0.583073 0.325000 0.010937 0.025926
0 0.591146 0.325463 0.010937 0.025926
0 0.598698 0.325463 0.010937 0.025926
0 0.607031 0.325926 0.010937 0.025926
0 0.614062 0.325463 0.010937 0.025926
0 0.621354 0.325000 0.010937 0.025926
0 0.208984 0.408565 0.009115 0.026389
0 0.216536 0.405787 0.009115 0.026389
0 0.224870 0.402083 0.009115 0.026389
0 0.231120 0.399537 0.009635 0.028704
0 0.238932 0.396991 0.009115 0.026389
0 0.255078 0.390972 0.009115 0.026389
0 0.261458 0.387269 0.009896 0.028241
0 0.269792 0.384028 0.009896 0.028241
0 0.277865 0.382639 0.009896 0.028241
0 0.289583 0.380787 0.009896 0.028241
0 0.298177 0.381250 0.009896 0.028241
0 0.307031 0.382639 0.009896 0.028241
0 0.315104 0.382176 0.009896 0.028241
0 0.332031 0.384491 0.009896 0.028241
0 0.340365 0.384028 0.009896 0.028241
0 0.349479 0.384028 0.009896 0.028241
0 0.357292 0.385417 0.009896 0.028241
0 0.365365 0.384491 0.009896 0.028241
0 0.381771 0.382639 0.009375 0.026389
0 0.389844 0.379398 0.009375 0.026389
0 0.397396 0.377315 0.009896 0.027778
0 0.405729 0.375000 0.009896 0.027778
0 0.413281 0.371759 0.009896 0.027778
0 0.420833 0.369907 0.009896 0.027778
0 0.428906 0.366667 0.009896 0.027778
0 0.436458 0.363426 0.009896 0.027778
0 0.444792 0.362500 0.009896 0.027778
0 0.452083 0.357870 0.009896 0.027778
0 0.460156 0.356019 0.009896 0.027778
0 0.467969 0.353241 0.009896 0.027778
0 0.476302 0.350926 0.009896 0.027778
0 0.491276 0.348380 0.010677 0.026389
0 0.499089 0.347454 0.010677 0.026389
0 0.506380 0.347917 0.010677 0.026389
0 0.514714 0.346991 0.010677 0.026389
0 0.522526 0.348843 0.010677 0.026389
0 0.531120 0.347454 0.010677 0.026389
0 0.538411 0.347454 0.010677 0.026389
0 0.546484 0.347454 0.010677 0.026389
0 0.554818 0.348380 0.010677 0.026389
0 0.562370 0.347917 0.010677 0.026389
0 0.570443 0.347917 0.010677 0.026389
0 0.578255 0.347454 0.010677 0.026389
0 0.585547 0.348380 0.010677 0.026389
0 0.593099 0.348380 0.010677 0.026389
0 0.601172 0.348843 0.010677 0.026389
0 0.608984 0.347454 0.010677 0.026389
0 0.617057 0.347917 0.010677 0.026389
0 0.624089 0.348380 0.010677 0.026389
0 0.207682 0.431713 0.009115 0.026389
0 0.215234 0.429861 0.009115 0.026389
0 0.223307 0.426157 0.009115 0.026389
0 0.230339 0.424306 0.009115 0.026389
0 0.238021 0.420833 0.009375 0.027778
0 0.246094 0.417593 0.009375 0.027778
0 0.254167 0.415741 0.009375 0.027778
0 0.261458 0.412500 0.009375 0.027778
0 0.268490 0.408333 0.009375 0.027778
0 0.276953 0.406019 0.009635 0.028704
0 0.289193 0.404630 0.009635 0.028704
0 0.297526 0.404167 0.009635 0.028704
0 0.307161 0.406481 0.009635 0.028704
0 0.314193 0.407407 0.009635 0.028704
0 0.323568 0.406944 0.009635 0.028704
0 0.332422 0.407870 0.009635 0.028704
0 0.341016 0.407407 0.009635 0.028704
0 0.349870 0.409722 0.009635 0.028704
0 0.357422 0.409722 0.009635 0.028704
0 0.365755 0.409259 0.009635 0.028704
0 0.382422 0.406481 0.009635 0.028704
0 0.390104 0.404167 0.009375 0.027778
0 0.398438 0.401620 0.009896 0.029167
0 0.406250 0.397917 0.009896 0.029167
0 0.414844 0.396528 0.009896 0.029167
0 0.421875 0.394213 0.009896 0.029167
0 0.430729 0.390509 0.009896 0.029167
0 0.437500 0.388657 0.009896 0.029167
0 0.445312 0.385417 0.009896 0.029167
0 0.453646 0.383102 0.009896 0.029167
0 0.461198 0.380324 0.009896 0.029167
0 0.469271 0.377083 0.009896 0.029167
0 0.477604 0.374769 0.009896 0.029167
0 0.492969 0.372454 0.010937 0.027315
0 0.500781 0.372454 0.010937 0.027315
0 0.509115 0.371991 0.010937 0.027315
0 0.516667 0.371528 0.010937 0.027315
0 0.524740 0.372454 0.010937 0.027315
0 0.532552 0.371991 0.010937 0.027315
0 0.540885 0.371528 0.010937 0.027315
0 0.548438 0.371991 0.010937 0.027315
0 0.557031 0.371991 0.010937 0.027315
0 0.564844 0.371528 0.010937 0.027315
0 0.572656 0.371528 0.010937 0.027315
0 0.580469 0.371296 0.010937 0.026852
0 0.588021 0.371759 0.010937 0.026852
0 0.596094 0.371759 0.010937 0.026852
0 0.604427 0.371296 0.010937 0.026852
0 0.612109 0.371296 0.011719 0.025000
0 0.618880 0.371296 0.011719 0.025000
0 0.627734 0.371296 0.011719 0.025000
0 0.205208 0.459259 0.009375 0.027778
0 0.213021 0.456481 0.010417 0.029630
0 0.220833 0.453704 0.010417 0.029630
0 0.227865 0.450463 0.010417 0.029630
0 0.235677 0.447685 0.010417 0.029630
0 0.244141 0.444444 0.009635 0.027778
0 0.260807 0.438194 0.009635 0.028241
0 0.268359 0.434028 0.009635 0.028241
0 0.275911 0.432176 0.009635 0.028241
0 0.288672 0.431250 0.009635 0.028241
0 0.297526 0.430787 0.009635 0.028241
0 0.305078 0.430324 0.009635 0.028241
0 0.325911 0.432639 0.009635 0.028241
0 0.335026 0.432639 0.009635 0.028241
0 0.343359 0.433102 0.009635 0.028241
0 0.351693 0.433102 0.009635 0.028241
0 0.361068 0.434028 0.009635 0.028241
0 0.368880 0.433565 0.009635 0.028241
0 0.383464 0.433565 0.009635 0.028241
0 0.390755 0.431250 0.009635 0.028241
0 0.399609 0.428009 0.009635 0.028241
0 0.407161 0.425694 0.009635 0.028241
0 0.414974 0.422917 0.009635 0.028241
0 0.422526 0.418750 0.009635 0.028241
0 0.439714 0.414583 0.009635 0.028241
0 0.430078 0.415972 0.009635 0.028241
0 0.447135 0.411806 0.010417 0.026389
0 0.454948 0.408565 0.010417 0.026389
0 0.463021 0.406713 0.010417 0.026389
0 0.470964 0.404630 0.010677 0.027778
0 0.479297 0.400926 0.010677 0.027778
0 0.494531 0.398843 0.010417 0.025463
0 0.502344 0.397454 0.010417 0.025463
0 0.510677 0.397917 0.010417 0.025463
0 0.518490 0.398380 0.010417 0.025463
0 0.527083 0.398843 0.010417 0.025463
0 0.535677 0.398380 0.010417 0.025463
0 0.542969 0.397454 0.010417 0.025463
0 0.550781 0.398380 0.010417 0.025463
0 0.559115 0.397454 0.010417 0.025463
0 0.566927 0.397917 0.010417 0.025463
0 0.575130 0.398380 0.011198 0.026389
0 0.583203 0.398380 0.011198 0.026389
0 0.590234 0.397917 0.011198 0.026389
0 0.598047 0.398380 0.011198 0.026389
0 0.605859 0.398380 0.011198 0.026389
0 0.614193 0.397454 0.011198 0.026389
0 0.622266 0.397917 0.011198 0.026389
0 0.629818 0.396991 0.011198 0.026389
0 0.203906 0.484722 0.009375 0.027778
0 0.211719 0.481713 0.009896 0.030093
0 0.219531 0.478472 0.009896 0.030093
0 0.227083 0.476157 0.009896 0.030093
0 0.235417 0.472917 0.009896 0.030093
0 0.242708 0.469676 0.009896 0.030093
0 0.259896 0.463657 0.009896 0.030093
0 0.267708 0.460880 0.009896 0.030093
0 0.275260 0.457639 0.009896 0.030093
0 0.287760 0.456250 0.009896 0.030093
0 0.296354 0.455787 0.009896 0.030093
0 0.305729 0.456250 0.009896 0.030093
0 0.326562 0.457639 0.009896 0.029167
0 0.334896 0.457639 0.009896 0.030093
0 0.343750 0.458333 0.009896 0.026852
0 0.352604 0.457407 0.009896 0.026852
0 0.361198 0.458796 0.009896 0.026852
0 0.369531 0.459259 0.009896 0.026852
0 0.384635 0.457870 0.009896 0.026852
0 0.391406 0.455093 0.009896 0.026852
0 0.400521 0.453241 0.009896 0.026852
0 0.407943 0.450463 0.010156 0.028704
0 0.416016 0.446759 0.010156 0.028704
0 0.423828 0.444444 0.010156 0.028704
0 0.432682 0.442593 0.010156 0.028704
0 0.439974 0.439815 0.010156 0.028704
0 0.448828 0.436111 0.010156 0.028704
0 0.456901 0.434259 0.010156 0.028704
0 0.464453 0.431019 0.010156 0.028704
0 0.473047 0.429167 0.010156 0.028704
0 0.480859 0.425926 0.010156 0.028704
0 0.495703 0.423611 0.010156 0.028704
0 0.504818 0.422685 0.010156 0.028704
0 0.512109 0.422685 0.010156 0.028704
0 0.520443 0.423148 0.010156 0.028704
0 0.528516 0.422685 0.010156 0.028704
0 0.537370 0.422222 0.010156 0.028704
0 0.545182 0.422685 0.011198 0.026852
0 0.552474 0.422685 0.011198 0.026852
0 0.561328 0.422222 0.011198 0.026852
0 0.569661 0.421759 0.011198 0.026852
0 0.577214 0.422685 0.011198 0.026852
0 0.584766 0.422685 0.011198 0.026852
0 0.592578 0.422222 0.011198 0.026852
0 0.601172 0.422222 0.011198 0.026852
0 0.609505 0.422222 0.011198 0.026852
0 0.617318 0.422685 0.011198 0.026852
0 0.625391 0.422222 0.011198 0.026852
0 0.633203 0.421296 0.011198 0.026852
0 0.203516 0.512963 0.009635 0.029630
0 0.211328 0.509259 0.009635 0.029630
0 0.219141 0.506944 0.009635 0.029630
0 0.227214 0.504630 0.009635 0.029630
0 0.234766 0.501389 0.009635 0.029630
0 0.243620 0.498611 0.009635 0.029630
0 0.251432 0.495370 0.009635 0.029630
0 0.258464 0.492593 0.009635 0.029630
0 0.266276 0.489352 0.009635 0.029630
0 0.274870 0.486111 0.009635 0.029630
0 0.287109 0.485648 0.009635 0.029630
0 0.296094 0.484722 0.010937 0.028704
0 0.305469 0.485648 0.010937 0.028704
0 0.314063 0.486574 0.010937 0.028704
0 0.322135 0.485648 0.010937 0.028704
0 0.331510 0.485185 0.010937 0.028704
0 0.340365 0.487037 0.010937 0.028704
0 0.349609 0.487037 0.011198 0.028704
0 0.358333 0.488657 0.010417 0.029167
0 0.384766 0.485880 0.010156 0.029167
0 0.366276 0.486343 0.010156 0.029167
0 0.392318 0.483102 0.010156 0.029167
0 0.401172 0.480787 0.010156 0.029167
0 0.408464 0.478472 0.010156 0.029167
0 0.417318 0.475231 0.010156 0.029167
0 0.425391 0.472917 0.010156 0.029167
0 0.433203 0.470139 0.010156 0.029167
0 0.442188 0.467824 0.010417 0.029167
0 0.449479 0.464120 0.010417 0.029167
0 0.457813 0.462269 0.010417 0.029167
0 0.465885 0.459028 0.010417 0.029167
0 0.474219 0.456250 0.010417 0.029167
0 0.482292 0.453935 0.010417 0.029167
0 0.498437 0.451620 0.010417 0.029167
0 0.506250 0.451157 0.010417 0.029167
0 0.514583 0.450926 0.010937 0.027778
0 0.522396 0.450000 0.010937 0.027778
0 0.531250 0.450463 0.010937 0.027778
0 0.539323 0.450000 0.010937 0.027778
0 0.547656 0.450463 0.010937 0.027778
0 0.555990 0.450926 0.010937 0.027778
0 0.563542 0.450000 0.010937 0.027778
0 0.571615 0.450463 0.010937 0.027778
0 0.580208 0.450463 0.010937 0.027778
0 0.588281 0.449537 0.010937 0.027778
0 0.596094 0.448611 0.011979 0.025926
0 0.604167 0.448611 0.011979 0.025926
0 0.612240 0.449537 0.011979 0.025926
0 0.619792 0.448611 0.011979 0.025926
0 0.628125 0.448611 0.011979 0.025926
0 0.636198 0.448611 0.011979 0.025926
0 0.202214 0.539352 0.010156 0.030556
0 0.210807 0.537500 0.010156 0.030556
0 0.218099 0.533796 0.010156 0.030556
0 0.225651 0.530556 0.010156 0.030556
0 0.233724 0.527778 0.010156 0.030556
0 0.241797 0.525463 0.010156 0.030556
0 0.258203 0.518519 0.010156 0.030556
0 0.266276 0.516204 0.010156 0.030556
0 0.273828 0.512500 0.010156 0.030556
0 0.286849 0.511806 0.010156 0.029167
0 0.295703 0.512731 0.010156 0.029167
0 0.304557 0.512269 0.010156 0.029167
0 0.326172 0.513657 0.010156 0.029167
0 0.334766 0.513194 0.010156 0.029167
0 0.343880 0.513657 0.010156 0.029167
0 0.352734 0.514120 0.010156 0.029167
0 0.361068 0.514583 0.010156 0.029167
0 0.369922 0.513657 0.010156 0.029167
0 0.384766 0.511806 0.010156 0.029167
0 0.392578 0.509028 0.010156 0.029167
0 0.401432 0.506019 0.010677 0.029630
0 0.409245 0.503704 0.010677 0.029630
0 0.418099 0.500463 0.010677 0.029630
0 0.425911 0.498148 0.010677 0.029630
0 0.435026 0.496296 0.010677 0.029630
0 0.442839 0.492593 0.010677 0.029630
0 0.450651 0.491204 0.010677 0.029630
0 0.459505 0.487731 0.010677 0.029167
0 0.467318 0.484028 0.010677 0.029167
0 0.474870 0.482176 0.010677 0.029167
0 0.484245 0.479398 0.010677 0.029167
0 0.499219 0.477083 0.010937 0.027315
0 0.508073 0.476620 0.010937 0.027315
0 0.516146 0.476620 0.010937 0.027315
0 0.524740 0.475694 0.010937 0.027315
0 0.533333 0.476157 0.010937 0.027315
0 0.540885 0.475694 0.010937 0.027315
0 0.549479 0.476157 0.010937 0.027315
0 0.557813 0.474769 0.010937 0.027315
0 0.566146 0.474306 0.010937 0.027315
0 0.573958 0.474769 0.010937 0.027315
0 0.582292 0.475231 0.010937 0.027315
0 0.590885 0.475231 0.010937 0.027315
0 0.598698 0.474306 0.010937 0.027315
0 0.606510 0.474306 0.010937 0.027315
0 0.614583 0.473380 0.010937 0.027315
0 0.623177 0.474306 0.010937 0.027315
0 0.630990 0.473843 0.010937 0.027315
0 0.638802 0.472454 0.010937 0.027315
0 0.199609 0.567593 0.010156 0.030556
0 0.207422 0.563889 0.010156 0.030556
0 0.216016 0.561111 0.010156 0.030556
0 0.223828 0.558333 0.010156 0.030556
0 0.232422 0.556019 0.010156 0.030556
0 0.239453 0.554167 0.010156 0.030556
0 0.256901 0.547685 0.010156 0.030556
0 0.266016 0.545370 0.010156 0.030556
0 0.273568 0.541667 0.010156 0.030556
0 0.285547 0.540741 0.010156 0.030556
0 0.294922 0.540278 0.010156 0.030556
0 0.303776 0.540741 0.010156 0.030556
0 0.325391 0.542130 0.010156 0.030556
0 0.334766 0.541667 0.010156 0.030556
0 0.343880 0.541204 0.010156 0.030556
0 0.352214 0.541204 0.010156 0.030556
0 0.361328 0.542593 0.010156 0.030556
0 0.370703 0.542593 0.010156 0.030556
0 0.385286 0.541204 0.010156 0.030556
0 0.394141 0.537963 0.010156 0.030556
0 0.402214 0.534259 0.010156 0.030556
0 0.410547 0.532407 0.010156 0.030556
0 0.418620 0.530093 0.010156 0.030556
0 0.426953 0.527315 0.010156 0.030556
0 0.435547 0.524074 0.010156 0.030556
0 0.443620 0.522222 0.010156 0.030556
0 0.452734 0.518519 0.010156 0.030556
0 0.460286 0.515741 0.010156 0.030556
0 0.468880 0.513657 0.010677 0.031019
0 0.476953 0.510880 0.010677 0.031019
0 0.485547 0.508565 0.010677 0.031019
0 0.501172 0.505787 0.010677 0.031019
0 0.510156 0.506019 0.010937 0.030556
0 0.517708 0.505093 0.010937 0.030556
0 0.526693 0.504630 0.011198 0.028704
0 0.535286 0.503704 0.011198 0.028704
0 0.543620 0.504167 0.011198 0.028704
0 0.551432 0.504167 0.011198 0.028704
0 0.559766 0.503704 0.011198 0.028704
0 0.568620 0.502778 0.011198 0.028704
0 0.577474 0.502778 0.011198 0.028704
0 0.585026 0.501852 0.011198 0.028704
0 0.593620 0.503241 0.011198 0.028704
0 0.601172 0.502315 0.011198 0.028704
0 0.609245 0.501389 0.011198 0.028704
0 0.617839 0.501389 0.011198 0.028704
0 0.626432 0.501852 0.011198 0.028704
0 0.634245 0.501389 0.011198 0.028704
0 0.642318 0.501389 0.011198 0.028704
0 0.199349 0.595370 0.010156 0.030556
0 0.206901 0.592593 0.010156 0.030556
0 0.215234 0.589352 0.010156 0.030556
0 0.223568 0.585185 0.010156 0.030556
0 0.231641 0.584259 0.010156 0.030556
0 0.239714 0.580093 0.010156 0.030556
0 0.247786 0.578241 0.010156 0.030556
0 0.256641 0.575463 0.010156 0.030556
0 0.263932 0.572222 0.010156 0.030556
0 0.272786 0.568981 0.010156 0.030556
0 0.285026 0.568981 0.010156 0.030556
0 0.294922 0.568981 0.010156 0.030556
0 0.304557 0.568981 0.010156 0.030556
0 0.313411 0.569907 0.010156 0.030556
0 0.322266 0.568981 0.010156 0.030556
0 0.331380 0.570370 0.010156 0.030556
0 0.340495 0.569907 0.010156 0.030556
0 0.349870 0.569907 0.010156 0.030556
0 0.359766 0.569907 0.010156 0.030556
0 0.367839 0.570370 0.010156 0.030556
0 0.385807 0.568056 0.010156 0.030556
0 0.394141 0.564815 0.010156 0.030556
0 0.402734 0.561111 0.010156 0.030556
0 0.411328 0.559722 0.010156 0.030556
0 0.419661 0.556481 0.010156 0.030556
0 0.427995 0.553704 0.010156 0.030556
0 0.436849 0.552778 0.010156 0.030556
0 0.444141 0.548611 0.010156 0.030556
0 0.453776 0.545833 0.011198 0.029630
0 0.461328 0.542593 0.011198 0.029630
0 0.470443 0.540741 0.011198 0.029630
0 0.479036 0.537500 0.011198 0.029630
0 0.487370 0.535648 0.011198 0.029630
0 0.502995 0.532407 0.011198 0.029630
0 0.511589 0.531944 0.011198 0.029630
0 0.520443 0.531481 0.011198 0.029630
0 0.537109 0.530556 0.011198 0.029630
0 0.527995 0.530556 0.011198 0.029630
0 0.545182 0.530093 0.011198 0.029630
0 0.554036 0.530093 0.011198 0.029630
0 0.562630 0.531019 0.011198 0.029630
0 0.570964 0.529861 0.011719 0.029167
0 0.579557 0.529398 0.011719 0.029167
0 0.588021 0.528935 0.013021 0.028241
0 0.595573 0.528472 0.013021 0.028241
0 0.604688 0.528472 0.013021 0.028241
0 0.612240 0.528472 0.013021 0.028241
0 0.620833 0.528472 0.013021 0.028241
0 0.629427 0.528472 0.013021 0.028241
0 0.636458 0.527546 0.013021 0.028241
0 0.645052 0.527546 0.013021 0.028241
0 0.197396 0.626389 0.010937 0.031481
0 0.204948 0.623611 0.010937 0.031481
0 0.213542 0.622222 0.010937 0.031481
0 0.221615 0.618519 0.010937 0.031481
0 0.229948 0.616667 0.010937 0.031481
0 0.238281 0.612963 0.010937 0.031481
0 0.247135 0.610648 0.010937 0.031481
0 0.254688 0.607870 0.010937 0.031481
0 0.263802 0.605093 0.010937 0.031481
0 0.271094 0.600926 0.010937 0.031481
0 0.284375 0.600926 0.010937 0.031481
0 0.294271 0.599537 0.010937 0.031481
0 0.303385 0.600926 0.010937 0.031481
0 0.312760 0.600463 0.010937 0.031481
0 0.321875 0.600000 0.010937 0.031481
0 0.331250 0.600926 0.010937 0.031481
0 0.340365 0.599537 0.010937 0.031481
0 0.349219 0.599537 0.010937 0.031481
0 0.358333 0.600000 0.010937 0.031481
0 0.367708 0.599074 0.010937 0.031481
0 0.387240 0.597685 0.010937 0.031481
0 0.394792 0.595370 0.010937 0.031481
0 0.402865 0.591667 0.010937 0.031481
0 0.411979 0.588889 0.010937 0.031481
0 0.420573 0.586574 0.010937 0.031481
0 0.428906 0.583796 0.010937 0.031481
0 0.437500 0.580093 0.010937 0.031481
0 0.445573 0.579167 0.010937 0.031481
0 0.454427 0.576389 0.010937 0.031481
0 0.462500 0.573148 0.010937 0.031481
0 0.471615 0.570370 0.010937 0.031481
0 0.480469 0.566667 0.010937 0.031481
0 0.489063 0.565741 0.010937 0.031481
0 0.504687 0.561111 0.010937 0.031481
0 0.513802 0.560185 0.010937 0.031481
0 0.521875 0.560185 0.010937 0.031481
0 0.530990 0.560648 0.010937 0.031481
0 0.539583 0.560648 0.010937 0.031481
0 0.547656 0.559722 0.010937 0.031481
0 0.556250 0.560185 0.010937 0.031481
0 0.564844 0.557407 0.010937 0.031481
0 0.573177 0.558333 0.010937 0.031481
0 0.581510 0.558333 0.010937 0.031481
0 0.590495 0.558102 0.011719 0.031944
0 0.598958 0.557870 0.011458 0.031481
0 0.607552 0.557870 0.011458 0.031481
0 0.615365 0.557639 0.011458 0.031944
0 0.623958 0.556944 0.010937 0.031481
0 0.633073 0.557407 0.011979 0.030556
0 0.640365 0.556019 0.011979 0.030556
0 0.649219 0.556019 0.011979 0.030556
0 0.193750 0.657176 0.010417 0.032870
0 0.192708 0.686806 0.010417 0.032870
0 0.201302 0.654398 0.010417 0.032870
0 0.210417 0.652083 0.010417 0.032870
0 0.218229 0.649306 0.010417 0.032870
0 0.227083 0.645139 0.010417 0.032870
0 0.234896 0.643287 0.010417 0.032870
0 0.254427 0.637037 0.010417 0.032407
0 0.262760 0.634259 0.010417 0.032407
0 0.271354 0.630556 0.010417 0.032407
0 0.284375 0.629167 0.010417 0.032407
0 0.294010 0.628704 0.010417 0.032407
0 0.303385 0.629167 0.010417 0.032407
0 0.325521 0.629630 0.010417 0.032407
0 0.335677 0.629167 0.010417 0.032407
0 0.344010 0.629167 0.010417 0.032407
0 0.353385 0.629630 0.010417 0.032407
0 0.362500 0.628704 0.010417 0.032407
0 0.371615 0.628241 0.010417 0.032407
0 0.387760 0.625463 0.010417 0.032407
0 0.394792 0.623611 0.010417 0.032407
0 0.403906 0.619907 0.010417 0.032407
0 0.413021 0.617593 0.010417 0.032407
0 0.420573 0.614815 0.010417 0.032407
0 0.429688 0.612500 0.010417 0.032407
0 0.438672 0.609259 0.010677 0.030556
0 0.447396 0.605787 0.010417 0.031019
0 0.456120 0.603472 0.010677 0.031019
0 0.464844 0.600694 0.010937 0.030093
0 0.473177 0.597454 0.010937 0.030093
0 0.481510 0.595139 0.010937 0.030093
0 0.490625 0.593287 0.010937 0.032870
0 0.506510 0.588889 0.010937 0.029630
0 0.515104 0.588426 0.010937 0.029630
0 0.524219 0.587500 0.010937 0.029630
0 0.533073 0.587500 0.010937 0.029630
0 0.541276 0.587731 0.011719 0.030093
0 0.550391 0.587731 0.011719 0.030093
0 0.558984 0.587269 0.011719 0.030093
0 0.567318 0.586343 0.011719 0.030093
0 0.576172 0.586343 0.011719 0.030093
0 0.585026 0.586806 0.011719 0.030093
0 0.593359 0.586343 0.011719 0.030093
0 0.601953 0.585880 0.011719 0.030093
0 0.610547 0.585417 0.011719 0.030093
0 0.618620 0.584954 0.011719 0.030093
0 0.626693 0.585417 0.011719 0.030093
0 0.635286 0.584491 0.011719 0.030093
0 0.643620 0.583565 0.011719 0.030093
0 0.652214 0.583796 0.012240 0.029630
0 0.200781 0.684954 0.010417 0.032870
0 0.208854 0.681713 0.010417 0.032870
0 0.217448 0.678009 0.010417 0.032870
0 0.225781 0.676620 0.010417 0.032870
0 0.234375 0.672917 0.010417 0.032870
0 0.253646 0.666435 0.010417 0.032870
0 0.261979 0.664120 0.010417 0.032870
0 0.270313 0.660880 0.010417 0.032870
0 0.283594 0.659954 0.010417 0.032870
0 0.293490 0.659028 0.010417 0.032870
0 0.303125 0.658102 0.010417 0.032870
0 0.326042 0.658796 0.010417 0.031481
0 0.334896 0.657870 0.010417 0.031481
0 0.344010 0.658333 0.010417 0.031481
0 0.354167 0.656944 0.010417 0.031481
0 0.363021 0.658333 0.010417 0.031481
0 0.372656 0.656944 0.010417 0.031481
0 0.388021 0.656944 0.010417 0.031481
0 0.395833 0.654167 0.010417 0.031481
0 0.404687 0.651620 0.010937 0.032870
0 0.414062 0.648380 0.010937 0.032870
0 0.422135 0.644213 0.010937 0.032870
0 0.431510 0.643287 0.010937 0.032870
0 0.439063 0.640972 0.010937 0.032870
0 0.448437 0.636806 0.010937 0.032870
0 0.457813 0.634028 0.010937 0.032870
0 0.466406 0.632639 0.010937 0.032870
0 0.474740 0.629398 0.010937 0.032870
0 0.483854 0.625231 0.010937 0.032870
0 0.492708 0.623380 0.010937 0.032870
0 0.509115 0.621759 0.011458 0.032407
0 0.517708 0.620833 0.011458 0.032407
0 0.526042 0.620833 0.011458 0.032407
0 0.534896 0.620833 0.011458 0.032407
0 0.544531 0.619907 0.011458 0.032407
0 0.552865 0.618519 0.011458 0.032407
0 0.561198 0.618519 0.011458 0.032407
0 0.570312 0.618981 0.011458 0.032407
0 0.578516 0.617593 0.011719 0.031481
0 0.587370 0.617130 0.011719 0.031481
0 0.596484 0.617130 0.011719 0.031481
0 0.604557 0.617593 0.011719 0.031481
0 0.613932 0.616204 0.011719 0.031481
0 0.622266 0.615741 0.011719 0.031481
0 0.630599 0.615741 0.011719 0.031481
0 0.639453 0.616667 0.011719 0.031481
0 0.647786 0.615278 0.012760 0.031481
0 0.656380 0.614815 0.012760 0.031481
0 0.192188 0.721991 0.010417 0.032870
0 0.201042 0.718287 0.010417 0.032870
0 0.209115 0.715509 0.010417 0.032870
0 0.217448 0.713194 0.010417 0.032870
0 0.226823 0.709954 0.010417 0.032870
0 0.234896 0.708102 0.010417 0.032870
0 0.244010 0.705324 0.010417 0.032870
0 0.252083 0.701157 0.010417 0.032870
0 0.260937 0.698843 0.010417 0.032870
0 0.269792 0.695602 0.010417 0.032870
0 0.283333 0.693750 0.010417 0.032870
0 0.292187 0.693287 0.010417 0.032870
0 0.302083 0.692824 0.010417 0.032870
0 0.311458 0.693287 0.010417 0.032870
0 0.344531 0.692824 0.010417 0.032870
0 0.354167 0.691898 0.010417 0.032870
0 0.363281 0.690972 0.010417 0.032870
0 0.371875 0.690046 0.010417 0.032870
0 0.387760 0.687269 0.010417 0.032870
0 0.396354 0.684028 0.010417 0.032870
0 0.405469 0.680787 0.010417 0.032870
0 0.414583 0.678009 0.010417 0.032870
0 0.423698 0.675231 0.010417 0.032870
0 0.432422 0.672685 0.010677 0.033333
0 0.441016 0.669907 0.010677 0.033333
0 0.449609 0.667593 0.010677 0.033333
0 0.458594 0.664120 0.011458 0.032870
0 0.467969 0.661343 0.011458 0.032870
0 0.475781 0.658102 0.011458 0.032870
0 0.485547 0.656713 0.012240 0.033796
0 0.494141 0.653472 0.012240 0.033796
0 0.511068 0.650694 0.012240 0.033796
0 0.519661 0.650231 0.012240 0.033796
0 0.528776 0.650694 0.012240 0.033796
0 0.537891 0.649306 0.012240 0.033796
0 0.547005 0.648843 0.012240 0.033796
0 0.555599 0.648611 0.012760 0.032407
0 0.563932 0.648843 0.011719 0.032870
0 0.573177 0.647685 0.011979 0.030556
0 0.581510 0.646759 0.011979 0.030556
0 0.590885 0.646759 0.011979 0.030556
0 0.598958 0.645833 0.011979 0.030556
0 0.607812 0.645833 0.011979 0.030556
0 0.616406 0.645833 0.013021 0.030556
0 0.625260 0.644907 0.013021 0.030556
0 0.633854 0.644444 0.013021 0.030556
0 0.642969 0.644444 0.013021 0.030556
0 0.650521 0.643519 0.013021 0.030556
0 0.659896 0.643981 0.013021 0.030556
0 0.133854 0.803241 0.020833 0.020370
0 0.153125 0.795833 0.020833 0.020370
0 0.132812 0.818981 0.020833 0.020370
0 0.131771 0.837500 0.020833 0.020370
0 0.131771 0.853704 0.020833 0.020370
0 0.130469 0.870370 0.020833 0.020370
0 0.129948 0.886574 0.020833 0.020370
0 0.128646 0.902315 0.021354 0.022222
0 0.127604 0.920833 0.021354 0.022222
0 0.126823 0.938426 0.021354 0.022222
0 0.152083 0.813426 0.020313 0.022222
0 0.151823 0.830093 0.020313 0.022222
0 0.151042 0.847685 0.020313 0.022222
0 0.150260 0.864583 0.020833 0.022685
0 0.149479 0.882176 0.020833 0.022685
0 0.148177 0.898843 0.020833 0.022685
0 0.147396 0.917361 0.020833 0.022685
0 0.146615 0.934028 0.020833 0.022685
0 0.179427 0.791204 0.020833 0.020370
0 0.179167 0.806944 0.020833 0.020370
0 0.178385 0.824074 0.020833 0.020370
0 0.177604 0.841204 0.020833 0.020370
0 0.177083 0.858333 0.020833 0.020370
0 0.176563 0.875926 0.020833 0.020370
0 0.175781 0.893519 0.020833 0.022222
0 0.174740 0.911111 0.020833 0.022222
0 0.174349 0.929398 0.021615 0.023611
0 0.198307 0.788426 0.020052 0.022222
0 0.198047 0.805093 0.020052 0.023148
0 0.197526 0.821759 0.020052 0.023148
0 0.196224 0.837500 0.020052 0.023148
0 0.195964 0.856019 0.020052 0.023148
0 0.195964 0.873380 0.020573 0.024537
0 0.194922 0.890046 0.020573 0.024537
0 0.194661 0.907176 0.020573 0.024537
0 0.194141 0.922917 0.020573 0.024537
