0 0.328385 0.372454 0.020313 0.017130
0 0.326042 0.383565 0.020313 0.017130
0 0.319531 0.417361 0.020833 0.015278
0 0.323698 0.394676 0.020313 0.017130
0 0.322135 0.404861 0.020313 0.017130
0 0.346354 0.375694 0.020313 0.017130
0 0.345052 0.386806 0.020313 0.017130
0 0.342187 0.398380 0.020313 0.017130
0 0.340885 0.410417 0.020313 0.017130
0 0.338542 0.421528 0.020313 0.017130
0 0.433724 0.299537 0.029427 0.026852
0 0.431380 0.315278 0.029427 0.026852
0 0.430339 0.331019 0.029427 0.026852
0 0.429557 0.347222 0.029427 0.026852
0 0.427995 0.363426 0.029427 0.026852
0 0.426693 0.381250 0.030990 0.028241
0 0.424870 0.398380 0.030990 0.028241
0 0.422786 0.414120 0.030990 0.028241
0 0.421484 0.433102 0.032552 0.029167
0 0.419141 0.451620 0.032552 0.029167
0 0.416797 0.470602 0.032552 0.029167
0 0.414974 0.490972 0.032552 0.029167
0 0.413021 0.511574 0.033333 0.030556
0 0.410417 0.532407 0.033333 0.030556
0 0.408724 0.554630 0.035677 0.033333
0 0.406120 0.575926 0.035677 0.033333
0 0.403255 0.598148 0.035677 0.033333
0 0.400651 0.622222 0.035677 0.033333
0 0.398828 0.646528 0.038281 0.036574
0 0.395703 0.671991 0.038281 0.036574
0 0.393359 0.696991 0.038281 0.036574
0 0.390234 0.723843 0.039323 0.037500
0 0.460807 0.309259 0.029427 0.026852
0 0.459766 0.324074 0.029427 0.026852
0 0.458984 0.342593 0.029427 0.026852
0 0.456901 0.357407 0.029427 0.026852
0 0.455859 0.372685 0.029427 0.026852
0 0.454557 0.389815 0.029427 0.026852
0 0.453255 0.406944 0.029427 0.026852
0 0.451432 0.424537 0.029427 0.026852
0 0.450911 0.442824 0.030990 0.029167
0 0.448828 0.461343 0.030990 0.029167
0 0.446745 0.479398 0.030990 0.029167
0 0.445833 0.500694 0.032292 0.030093
0 0.443750 0.521065 0.032292 0.030093
0 0.441667 0.541435 0.032292 0.030093
0 0.440104 0.563194 0.033854 0.031944
0 0.438542 0.585417 0.033854 0.031944
0 0.436068 0.608102 0.035677 0.034722
0 0.434245 0.631713 0.035677 0.034722
0 0.432552 0.656019 0.036979 0.036111
0 0.430208 0.680556 0.036979 0.036111
0 0.427604 0.706944 0.036979 0.036111
0 0.425521 0.734028 0.038542 0.037500
0 0.380078 0.362269 0.020573 0.018056
0 0.378255 0.374306 0.020573 0.018056
0 0.376953 0.382639 0.019531 0.012500
0 0.406380 0.367824 0.014844 0.015278
0 0.405599 0.378935 0.014844 0.015278
0 0.404297 0.390972 0.014844 0.015278
0 0.487370 0.318056 0.029427 0.026852
0 0.486328 0.334722 0.029427 0.026852
0 0.485026 0.349537 0.029427 0.026852
0 0.484505 0.367130 0.029427 0.026852
0 0.466146 0.665741 0.036458 0.036111
0 0.465104 0.691667 0.036458 0.036111
0 0.463021 0.717130 0.038542 0.039815
0 0.461328 0.744676 0.037240 0.038426
0 0.513151 0.326852 0.029427 0.026852
0 0.512109 0.343981 0.028385 0.027778
0 0.511849 0.360185 0.028385 0.027778
0 0.511328 0.376389 0.028385 0.027778
0 0.510807 0.391667 0.028385 0.027778
0 0.509505 0.408796 0.028385 0.027778
0 0.508724 0.425926 0.028385 0.027778
0 0.508203 0.444444 0.029948 0.028704
0 0.507422 0.461574 0.029948 0.028704
0 0.507161 0.479861 0.030469 0.030093
0 0.506120 0.499769 0.030469 0.030093
0 0.505599 0.519676 0.030990 0.031944
0 0.505078 0.540046 0.030990 0.031944
0 0.503776 0.560880 0.030990 0.031944
0 0.503125 0.582407 0.032292 0.032407
0 0.501563 0.604167 0.032292 0.032407
0 0.501432 0.628241 0.033073 0.034259
0 0.500391 0.650926 0.033073 0.034259
0 0.499609 0.675463 0.035156 0.034259
0 0.498047 0.700926 0.035156 0.034259
0 0.497786 0.727546 0.036198 0.039352
0 0.496224 0.755787 0.036198 0.039352
0 0.539453 0.338889 0.029427 0.026852
0 0.538021 0.368519 0.028125 0.025000
0 0.537891 0.352546 0.027865 0.026389
0 0.537760 0.384722 0.028125 0.025000
0 0.536979 0.400926 0.028125 0.025000
0 0.536458 0.417130 0.028125 0.025000
0 0.536719 0.436111 0.028125 0.025000
0 0.536198 0.452778 0.028125 0.025000
0 0.535937 0.471296 0.028646 0.028704
0 0.535677 0.489815 0.028646 0.028704
0 0.535677 0.511111 0.028646 0.028704
0 0.534896 0.530324 0.029167 0.031944
0 0.534766 0.549769 0.031510 0.031019
0 0.534505 0.571991 0.031510 0.031019
0 0.533984 0.592361 0.031510 0.031019
0 0.533333 0.614815 0.032813 0.032407
0 0.533333 0.637500 0.032813 0.032407
0 0.533333 0.661574 0.034375 0.036111
0 0.532552 0.686574 0.034375 0.036111
0 0.531250 0.711111 0.034375 0.036111
0 0.531510 0.737500 0.034375 0.036111
0 0.530469 0.764815 0.034375 0.036111
