0 0.327734 0.494676 0.020573 0.016204
0 0.325911 0.504398 0.020573 0.016204
0 0.323828 0.516898 0.020573 0.016204
0 0.321094 0.528241 0.021354 0.015741
0 0.319792 0.539815 0.021354 0.015741
0 0.344922 0.498380 0.020573 0.016204
0 0.343880 0.509028 0.020573 0.016204
0 0.341536 0.520139 0.020573 0.016204
0 0.339974 0.531713 0.020573 0.016204
0 0.337500 0.542824 0.020833 0.016204
0 0.379948 0.484491 0.020313 0.017130
0 0.378385 0.494676 0.020313 0.017130
0 0.375781 0.504861 0.019271 0.013426
0 0.405859 0.490046 0.015365 0.017130
0 0.404297 0.501620 0.015365 0.017130
0 0.402995 0.512269 0.015365 0.017130
0 0.432943 0.425231 0.028906 0.025463
0 0.431380 0.441204 0.028385 0.025000
0 0.429818 0.455093 0.028385 0.025000
0 0.427734 0.471296 0.028385 0.025000
0 0.427604 0.488194 0.029687 0.026389
0 0.426042 0.504861 0.029687 0.026389
0 0.424219 0.521065 0.029687 0.026389
0 0.422005 0.538194 0.031510 0.027315
0 0.420443 0.556713 0.031510 0.027315
0 0.418359 0.575000 0.032552 0.028704
0 0.416536 0.594213 0.032552 0.031019
0 0.413672 0.615046 0.032552 0.031019
0 0.411589 0.635417 0.033594 0.031019
0 0.409505 0.657176 0.033594 0.031019
0 0.406510 0.678935 0.034896 0.031944
0 0.404036 0.701157 0.036198 0.032870
0 0.401432 0.724769 0.036198 0.032870
0 0.399349 0.748380 0.036719 0.034722
0 0.396354 0.774074 0.038542 0.037037
0 0.394010 0.800000 0.038542 0.037037
0 0.390625 0.827778 0.038542 0.037037
0 0.387891 0.855556 0.039844 0.036111
0 0.459115 0.434722 0.027604 0.025000
0 0.458333 0.449769 0.028646 0.025463
0 0.456771 0.465972 0.028646 0.025463
0 0.455469 0.481250 0.028646 0.025463
0 0.454167 0.496991 0.028646 0.025463
0 0.453385 0.514120 0.028646 0.025463
0 0.452083 0.529861 0.029167 0.027315
0 0.450521 0.547454 0.029167 0.027315
0 0.449219 0.565972 0.031250 0.028241
0 0.447656 0.584491 0.031250 0.028241
0 0.445703 0.604630 0.033073 0.029630
0 0.444661 0.623611 0.033073 0.029630
0 0.441406 0.644907 0.034375 0.032407
0 0.440625 0.666667 0.034375 0.032407
0 0.438281 0.688426 0.034375 0.032407
0 0.436198 0.711574 0.034375 0.032407
0 0.434505 0.734491 0.035677 0.032870
0 0.431901 0.758565 0.035677 0.032870
0 0.430208 0.784491 0.036458 0.034722
0 0.428255 0.810417 0.038281 0.037500
0 0.426693 0.836806 0.038281 0.037500
0 0.423438 0.865278 0.039583 0.038889
0 0.484896 0.442130 0.027604 0.025000
0 0.484245 0.458333 0.029948 0.025926
0 0.483203 0.475000 0.029948 0.025926
0 0.482552 0.490509 0.029167 0.026389
0 0.465234 0.795370 0.037240 0.037963
0 0.463411 0.821296 0.037240 0.037963
0 0.461068 0.847222 0.037240 0.037963
0 0.459505 0.875000 0.037240 0.037963
0 0.510938 0.452315 0.027083 0.025000
0 0.509635 0.465741 0.027083 0.025000
0 0.509375 0.481944 0.027083 0.025000
0 0.509115 0.499074 0.028646 0.023148
0 0.508464 0.515741 0.028385 0.026852
0 0.507682 0.531019 0.028385 0.026852
0 0.507422 0.548380 0.029948 0.027315
0 0.506901 0.566435 0.029948 0.027315
0 0.506250 0.584722 0.030729 0.029630
0 0.505208 0.604167 0.030729 0.029630
0 0.504167 0.623611 0.030729 0.029630
0 0.503385 0.643519 0.030729 0.029630
0 0.503385 0.664120 0.031771 0.030093
0 0.502604 0.685417 0.031771 0.030093
0 0.501953 0.707870 0.033594 0.032407
0 0.501042 0.730556 0.033854 0.034259
0 0.500521 0.753704 0.033854 0.034259
0 0.499479 0.778472 0.034375 0.035648
0 0.498177 0.805324 0.036458 0.037500
0 0.497135 0.831250 0.036458 0.037500
0 0.496094 0.857176 0.036458 0.037500
0 0.495312 0.884028 0.036458 0.037500
0 0.535677 0.458796 0.027083 0.025000
0 0.535937 0.475463 0.027083 0.025000
0 0.535677 0.489815 0.027083 0.025000
0 0.535286 0.507176 0.026823 0.027315
0 0.535547 0.523380 0.026823 0.027315
0 0.534766 0.541435 0.026823 0.027315
0 0.535156 0.558796 0.028646 0.029630
0 0.534375 0.577778 0.028646 0.029630
0 0.534375 0.594907 0.028646 0.029630
0 0.533854 0.612963 0.028646 0.029630
0 0.533724 0.632870 0.030469 0.029630
0 0.534245 0.652315 0.030469 0.029630
0 0.533854 0.674074 0.032292 0.029630
0 0.533594 0.694907 0.031771 0.033333
0 0.532292 0.717593 0.031771 0.033333
0 0.532031 0.740278 0.031771 0.033333
0 0.531771 0.762963 0.031771 0.033333
0 0.532552 0.788889 0.033854 0.033333
0 0.532031 0.812963 0.033333 0.037037
0 0.531380 0.840278 0.035156 0.038889
0 0.530859 0.867130 0.035156 0.038889
0 0.530859 0.895370 0.035156 0.038889
