0 0.270443 0.392130 0.064844 0.042593
0 0.265495 0.432407 0.064323 0.043519
0 0.259766 0.474306 0.064844 0.044907
0 0.254688 0.517130 0.066146 0.047222
0 0.247786 0.564815 0.066927 0.051852
0 0.241797 0.612269 0.069531 0.054167
0 0.235286 0.663657 0.069531 0.054167
0 0.226953 0.718750 0.073698 0.059722
0 0.218099 0.774074 0.079427 0.062037
0 0.328646 0.387269 0.063542 0.043056
0 0.325130 0.426389 0.064323 0.046296
0 0.319922 0.468981 0.064323 0.046296
0 0.315234 0.512037 0.065365 0.050000
0 0.310937 0.557176 0.066667 0.052315
0 0.306641 0.606944 0.071094 0.055556
0 0.301172 0.658565 0.074219 0.059722
0 0.295573 0.712963 0.075000 0.062037
0 0.289974 0.770602 0.077865 0.062500
0 0.400911 0.500000 0.033073 0.085185
0 0.432292 0.495602 0.031771 0.084722
0 0.463672 0.489583 0.032031 0.088426
0 0.494531 0.486574 0.032813 0.086111
0 0.525651 0.480787 0.036198 0.083796
0 0.557031 0.476852 0.038021 0.087037
0 0.587500 0.472685 0.039062 0.086111
0 0.619010 0.467824 0.041146 0.085648
0 0.395573 0.616435 0.036458 0.100463
0 0.428125 0.610880 0.036458 0.100463
0 0.463672 0.606019 0.037240 0.100000
0 0.496484 0.602315 0.036719 0.098148
0 0.529297 0.598380 0.037760 0.098611
0 0.562500 0.593750 0.039062 0.096759
0 0.602214 0.590972 0.042969 0.097685
0 0.630078 0.584954 0.042969 0.097685
