0 0.088151 0.253472 0.008073 0.018056
0 0.093359 0.252546 0.008073 0.018056
0 0.099089 0.251620 0.008073 0.018056
0 0.104557 0.250231 0.008073 0.018056
0 0.110026 0.249306 0.008073 0.018056
0 0.115495 0.247917 0.008073 0.018056
0 0.120964 0.246991 0.008073 0.018056
0 0.126693 0.246065 0.008073 0.018056
0 0.132812 0.244676 0.007812 0.018056
0 0.140625 0.243287 0.007812 0.018056
0 0.146354 0.242361 0.007812 0.018056
0 0.152083 0.240972 0.007812 0.018056
0 0.158333 0.239583 0.007812 0.018056
0 0.163021 0.238657 0.007812 0.018056
0 0.169271 0.238194 0.007812 0.018056
0 0.175000 0.236806 0.007812 0.018056
0 0.180208 0.235880 0.007812 0.018056
0 0.185938 0.234954 0.007812 0.018056
0 0.191406 0.233565 0.007812 0.018056
0 0.197396 0.231713 0.007812 0.018056
0 0.202865 0.231250 0.007812 0.018056
0 0.208854 0.230324 0.007812 0.018056
0 0.215625 0.228935 0.007812 0.018056
0 0.221875 0.227546 0.007812 0.018056
0 0.220312 0.245602 0.007812 0.018056
0 0.214062 0.246065 0.007812 0.018056
0 0.207292 0.247454 0.007812 0.018056
0 0.201563 0.248380 0.007812 0.018056
0 0.195833 0.249769 0.007812 0.018056
0 0.190365 0.250231 0.007812 0.018056
0 0.184115 0.251620 0.007812 0.018056
0 0.178646 0.253472 0.007812 0.018056
0 0.172917 0.253935 0.007812 0.018056
0 0.167187 0.255324 0.007812 0.018056
0 0.161719 0.256713 0.007812 0.018056
0 0.155729 0.257176 0.007812 0.018056
0 0.150000 0.258565 0.007812 0.018056
0 0.144792 0.259028 0.007812 0.018056
0 0.138802 0.260417 0.007812 0.018056
0 0.130469 0.261806 0.007812 0.018056
0 0.125000 0.262731 0.007812 0.018056
0 0.119010 0.264120 0.007812 0.018056
0 0.113281 0.265046 0.007812 0.018056
0 0.108073 0.266435 0.007812 0.018056
0 0.102344 0.267361 0.007812 0.018056
0 0.096875 0.268750 0.007812 0.018056
0 0.091146 0.269676 0.007812 0.018056
0 0.085938 0.270139 0.007812 0.018056
0 0.082552 0.290509 0.007812 0.018056
0 0.088021 0.289583 0.007812 0.018056
0 0.093750 0.288657 0.007812 0.018056
0 0.099219 0.287269 0.007812 0.018056
0 0.104427 0.286343 0.007812 0.018056
0 0.110156 0.285417 0.007812 0.018056
0 0.116146 0.284028 0.007812 0.018056
0 0.121615 0.283565 0.007812 0.018056
0 0.127604 0.282176 0.007812 0.018056
0 0.135417 0.281250 0.007812 0.018056
0 0.141406 0.279398 0.007812 0.018056
0 0.147135 0.278935 0.007812 0.018056
0 0.152604 0.277546 0.007812 0.018056
0 0.159115 0.276620 0.007812 0.018056
0 0.164583 0.275231 0.007812 0.018056
0 0.170703 0.274074 0.007552 0.018519
0 0.176432 0.273148 0.007552 0.018519
0 0.181901 0.272222 0.007552 0.018519
0 0.187891 0.271296 0.007552 0.018519
0 0.193620 0.269907 0.007552 0.018519
0 0.199349 0.268981 0.007552 0.018519
0 0.204557 0.268056 0.007552 0.018519
0 0.203516 0.286111 0.007552 0.018519
0 0.197266 0.287037 0.007552 0.018519
0 0.191797 0.288426 0.007552 0.018519
0 0.185807 0.288889 0.007552 0.018519
0 0.180078 0.290278 0.007552 0.018519
0 0.174349 0.291204 0.007552 0.018519
0 0.168099 0.292130 0.007552 0.018519
0 0.162370 0.293519 0.007552 0.018519
0 0.156901 0.294444 0.007552 0.018519
0 0.151172 0.295370 0.007552 0.018519
0 0.145703 0.296296 0.007552 0.018519
0 0.138932 0.298148 0.007552 0.018519
0 0.133464 0.298611 0.007552 0.018519
0 0.125391 0.300000 0.007552 0.018519
0 0.119922 0.300926 0.007552 0.018519
0 0.113932 0.301389 0.007552 0.018519
0 0.108464 0.303241 0.007552 0.018519
0 0.102995 0.303704 0.007552 0.018519
0 0.096745 0.305093 0.007552 0.018519
0 0.091016 0.307407 0.007552 0.018519
0 0.085547 0.307407 0.007552 0.018519
0 0.080339 0.308796 0.007552 0.018519
0 0.076953 0.328241 0.007552 0.018519
0 0.082422 0.327778 0.007552 0.018519
0 0.088151 0.326852 0.007552 0.018519
0 0.093620 0.325926 0.007552 0.018519
0 0.099870 0.325000 0.007552 0.018519
0 0.105339 0.324074 0.007552 0.018519
0 0.110807 0.323148 0.007552 0.018519
0 0.117057 0.321759 0.007552 0.018519
0 0.122786 0.320370 0.007552 0.018519
0 0.130859 0.318981 0.007552 0.018519
0 0.136849 0.318056 0.007552 0.018519
0 0.142578 0.316667 0.007552 0.018519
0 0.148307 0.315741 0.007552 0.018519
0 0.153776 0.314815 0.007552 0.018519
0 0.159766 0.314352 0.007552 0.018519
0 0.166146 0.312037 0.007812 0.019444
0 0.171615 0.311574 0.007812 0.019444
0 0.177865 0.310185 0.007812 0.019444
0 0.183333 0.309259 0.007812 0.019444
0 0.189062 0.308796 0.007812 0.019444
0 0.195312 0.306944 0.007812 0.019444
0 0.201302 0.306019 0.007812 0.019444
0 0.199609 0.324769 0.008073 0.019907
0 0.192969 0.325463 0.007812 0.019444
0 0.187240 0.326852 0.007812 0.019444
0 0.181510 0.327778 0.007812 0.019444
0 0.175521 0.328704 0.007812 0.019444
0 0.169531 0.329630 0.007812 0.019444
0 0.163802 0.330093 0.007812 0.019444
0 0.157552 0.331944 0.007812 0.019444
0 0.151823 0.332870 0.007812 0.019444
0 0.146094 0.333796 0.007812 0.019444
0 0.140104 0.334722 0.007812 0.019444
0 0.134375 0.336111 0.007812 0.019444
0 0.128385 0.336574 0.007812 0.019444
0 0.120313 0.337963 0.007812 0.019444
0 0.114062 0.339815 0.007812 0.019444
0 0.108333 0.340741 0.007812 0.019444
0 0.102865 0.342130 0.007812 0.019444
0 0.097135 0.342593 0.007812 0.019444
0 0.091667 0.343519 0.007812 0.019444
0 0.085417 0.344907 0.007812 0.019444
0 0.080208 0.345370 0.007812 0.019444
0 0.074479 0.346296 0.007812 0.019444
0 0.071354 0.368056 0.007812 0.019444
0 0.076823 0.366667 0.007812 0.019444
0 0.082292 0.366667 0.007812 0.019444
0 0.088281 0.364815 0.007812 0.019444
0 0.093750 0.364352 0.007812 0.019444
0 0.099740 0.363426 0.007812 0.019444
0 0.105469 0.362500 0.007812 0.019444
0 0.111198 0.361574 0.007812 0.019444
0 0.116927 0.360185 0.007812 0.019444
0 0.125521 0.358796 0.007812 0.019444
0 0.131771 0.357407 0.007812 0.019444
0 0.137240 0.356019 0.007812 0.019444
0 0.142969 0.355556 0.007812 0.019444
0 0.166927 0.350926 0.007812 0.019444
0 0.172917 0.350000 0.007812 0.019444
0 0.178646 0.349074 0.007812 0.019444
0 0.184896 0.348611 0.007812 0.019444
0 0.190885 0.346759 0.007812 0.019444
0 0.196875 0.345833 0.007812 0.019444
0 0.194792 0.364815 0.007812 0.019444
0 0.188542 0.365741 0.007812 0.019444
0 0.182552 0.367130 0.007812 0.019444
0 0.176823 0.367593 0.007812 0.019444
0 0.170573 0.368981 0.007812 0.019444
0 0.164844 0.369907 0.007812 0.019444
0 0.140885 0.374537 0.007812 0.019444
0 0.134896 0.375463 0.007812 0.019444
0 0.129167 0.376389 0.007812 0.019444
0 0.123177 0.377315 0.007812 0.019444
0 0.114844 0.378704 0.007812 0.019444
0 0.108854 0.380093 0.007812 0.019444
0 0.103125 0.380556 0.007812 0.019444
0 0.097135 0.381481 0.007812 0.019444
0 0.091667 0.382407 0.007812 0.019444
0 0.085677 0.383796 0.007812 0.019444
0 0.079948 0.384259 0.007812 0.019444
0 0.073958 0.386111 0.007812 0.019444
0 0.068229 0.386574 0.007812 0.019444
0 0.064583 0.408796 0.007812 0.019444
0 0.070312 0.407870 0.007812 0.019444
0 0.076563 0.406481 0.007812 0.019444
0 0.082292 0.405556 0.007812 0.019444
0 0.088021 0.404630 0.007812 0.019444
0 0.094010 0.404167 0.007812 0.019444
0 0.099740 0.402778 0.007812 0.019444
0 0.105729 0.401852 0.007812 0.019444
0 0.111719 0.400926 0.007812 0.019444
0 0.120052 0.399537 0.007812 0.019444
0 0.126042 0.398148 0.007812 0.019444
0 0.132292 0.397685 0.007812 0.019444
0 0.138281 0.397222 0.007812 0.019444
0 0.144271 0.395833 0.007812 0.019444
0 0.150000 0.394907 0.007812 0.019444
0 0.155990 0.393519 0.007812 0.019444
0 0.162240 0.392593 0.007812 0.019444
0 0.168229 0.391667 0.007812 0.019444
0 0.174479 0.390278 0.007812 0.019444
0 0.180469 0.389352 0.007812 0.019444
0 0.186198 0.387963 0.007812 0.019444
0 0.192188 0.387500 0.007812 0.019444
0 0.190625 0.406481 0.007812 0.019444
0 0.184115 0.408333 0.007812 0.019444
0 0.177865 0.408796 0.007812 0.019444
0 0.172396 0.409722 0.007812 0.019444
0 0.166146 0.411111 0.007812 0.019444
0 0.159896 0.411574 0.007812 0.019444
0 0.153906 0.412500 0.007812 0.019444
0 0.147917 0.412963 0.007812 0.019444
0 0.141667 0.415278 0.007812 0.019444
0 0.135677 0.415741 0.007812 0.019444
0 0.129427 0.416667 0.007812 0.019444
0 0.123828 0.417361 0.008594 0.020833
0 0.117578 0.418287 0.008594 0.020833
0 0.109766 0.420139 0.008594 0.020833
0 0.103255 0.421065 0.008594 0.020833
0 0.097526 0.422454 0.008594 0.020833
0 0.091536 0.423843 0.008594 0.020833
0 0.085547 0.424769 0.008594 0.020833
0 0.079818 0.425694 0.008594 0.020833
0 0.073828 0.426157 0.008594 0.020833
0 0.067839 0.427083 0.008594 0.020833
0 0.062109 0.428009 0.008594 0.020833
0 0.058984 0.447454 0.008594 0.020833
0 0.064714 0.446991 0.008594 0.020833
0 0.070703 0.446528 0.008594 0.020833
0 0.076693 0.446065 0.008594 0.020833
0 0.085547 0.439120 0.008594 0.020833
0 0.091016 0.438194 0.008594 0.020833
0 0.097526 0.437269 0.008594 0.020833
0 0.103255 0.436343 0.008594 0.020833
0 0.121224 0.440972 0.008594 0.020833
0 0.126172 0.440509 0.008594 0.020833
0 0.132161 0.440046 0.008594 0.020833
0 0.138932 0.439583 0.008594 0.020833
0 0.144661 0.438657 0.008594 0.020833
0 0.150651 0.437731 0.008594 0.020833
0 0.156641 0.436343 0.008594 0.020833
0 0.162630 0.434954 0.008594 0.020833
0 0.168880 0.434028 0.008594 0.020833
0 0.175130 0.433102 0.008594 0.020833
0 0.181120 0.432176 0.008594 0.020833
0 0.188021 0.431944 0.009375 0.021296
0 0.185938 0.451852 0.009375 0.021296
0 0.179167 0.452778 0.009375 0.021296
0 0.173177 0.454167 0.009375 0.021296
0 0.167448 0.455093 0.009375 0.021296
0 0.161198 0.455556 0.009375 0.021296
0 0.154948 0.456481 0.009375 0.021296
0 0.148698 0.456944 0.009375 0.021296
0 0.142448 0.457407 0.009375 0.021296
0 0.136458 0.458333 0.009375 0.021296
0 0.130469 0.459259 0.009375 0.021296
0 0.123958 0.459722 0.009375 0.021296
0 0.118750 0.461111 0.009375 0.021296
0 0.100781 0.455556 0.009375 0.021296
0 0.094531 0.456481 0.009375 0.021296
0 0.088281 0.457407 0.009375 0.021296
0 0.082812 0.458333 0.009375 0.021296
0 0.073958 0.465278 0.009375 0.021296
0 0.067969 0.466204 0.009375 0.021296
0 0.061979 0.467130 0.009375 0.021296
0 0.055990 0.468519 0.009375 0.021296
0 0.052344 0.487963 0.009375 0.021296
0 0.058594 0.487037 0.009375 0.021296
0 0.064844 0.486574 0.009375 0.021296
0 0.070573 0.486111 0.009375 0.021296
0 0.079427 0.479167 0.009375 0.021296
0 0.086458 0.478241 0.009375 0.021296
0 0.091667 0.477315 0.009375 0.021296
0 0.097656 0.476389 0.009375 0.021296
0 0.115625 0.485648 0.009375 0.021296
0 0.121615 0.484722 0.009375 0.021296
0 0.127083 0.484259 0.009375 0.021296
0 0.132812 0.483333 0.009375 0.021296
0 0.139063 0.482407 0.009375 0.021296
0 0.145313 0.481019 0.009375 0.021296
0 0.151562 0.481019 0.009375 0.021296
0 0.157812 0.479630 0.009375 0.021296
0 0.164323 0.478704 0.009375 0.021296
0 0.170573 0.478241 0.009375 0.021296
0 0.177083 0.476852 0.009375 0.021296
0 0.183594 0.475926 0.009375 0.021296
0 0.181250 0.497685 0.009375 0.021296
0 0.174479 0.497685 0.009375 0.021296
0 0.168229 0.499074 0.009375 0.021296
0 0.162240 0.499074 0.009375 0.021296
0 0.155729 0.499537 0.009375 0.021296
0 0.149219 0.501389 0.009375 0.021296
0 0.142969 0.502315 0.009375 0.021296
0 0.136719 0.503241 0.009375 0.021296
0 0.130469 0.503704 0.009375 0.021296
0 0.124479 0.504630 0.009375 0.021296
0 0.117969 0.505093 0.009375 0.021296
0 0.112240 0.505556 0.009375 0.021296
0 0.105729 0.507407 0.009375 0.021296
0 0.097917 0.508333 0.009375 0.021296
0 0.091406 0.508333 0.009375 0.021296
0 0.085156 0.509722 0.009375 0.021296
0 0.079167 0.510648 0.009375 0.021296
0 0.072917 0.511574 0.009375 0.021296
0 0.067187 0.512037 0.009375 0.021296
0 0.060677 0.513889 0.009375 0.021296
0 0.054427 0.514815 0.009375 0.021296
0 0.048568 0.515509 0.009115 0.021759
0 0.044792 0.539120 0.008854 0.020833
0 0.051042 0.538657 0.008854 0.020833
0 0.057031 0.538194 0.008854 0.020833
0 0.062760 0.537269 0.008854 0.020833
0 0.069010 0.536343 0.008854 0.020833
0 0.075260 0.535417 0.008854 0.020833
0 0.081510 0.534491 0.008854 0.020833
0 0.088021 0.533565 0.008854 0.020833
0 0.094531 0.532639 0.008854 0.020833
0 0.102083 0.531250 0.008854 0.020833
0 0.108594 0.530324 0.008854 0.020833
0 0.114583 0.528935 0.008854 0.020833
0 0.121094 0.528472 0.008854 0.020833
0 0.127604 0.528009 0.008854 0.020833
0 0.133594 0.527083 0.008854 0.020833
0 0.139844 0.526157 0.008854 0.020833
0 0.146354 0.525694 0.008854 0.020833
0 0.153385 0.524306 0.008854 0.020833
0 0.159115 0.522917 0.008854 0.020833
0 0.165104 0.521991 0.008854 0.020833
0 0.171615 0.521991 0.008854 0.020833
0 0.177604 0.521065 0.008854 0.020833
0 0.176042 0.541898 0.008854 0.020833
0 0.169792 0.542824 0.008854 0.020833
0 0.163021 0.544213 0.008854 0.020833
0 0.157292 0.544676 0.008854 0.020833
0 0.149740 0.546528 0.008854 0.020833
0 0.144010 0.546528 0.008854 0.020833
0 0.137500 0.547454 0.008854 0.020833
0 0.131250 0.547917 0.008854 0.020833
0 0.124479 0.548843 0.008854 0.020833
0 0.118750 0.549769 0.008854 0.020833
0 0.112500 0.551157 0.008854 0.020833
0 0.105208 0.552083 0.008854 0.020833
0 0.099740 0.552546 0.008854 0.020833
0 0.091667 0.553935 0.008854 0.020833
0 0.085156 0.555324 0.008854 0.020833
0 0.078385 0.555787 0.008854 0.020833
0 0.072396 0.556250 0.008854 0.020833
0 0.066146 0.558102 0.008854 0.020833
0 0.060156 0.558565 0.008854 0.020833
0 0.053906 0.559028 0.008854 0.020833
0 0.047656 0.560417 0.008854 0.020833
0 0.041667 0.561343 0.008854 0.020833
0 0.037760 0.585417 0.008854 0.020833
0 0.043750 0.584491 0.008854 0.020833
0 0.050260 0.584028 0.008854 0.020833
0 0.056250 0.583102 0.008854 0.020833
0 0.062760 0.582639 0.008854 0.020833
0 0.068490 0.581713 0.008854 0.020833
0 0.075000 0.580787 0.008854 0.020833
0 0.080990 0.580324 0.008854 0.020833
0 0.087760 0.579398 0.008854 0.020833
0 0.095052 0.578472 0.008854 0.020833
0 0.102083 0.577546 0.008854 0.020833
0 0.108594 0.576157 0.008854 0.020833
0 0.114583 0.575694 0.008854 0.020833
0 0.120833 0.574769 0.008854 0.020833
0 0.127865 0.573843 0.008854 0.020833
0 0.133854 0.572917 0.008854 0.020833
0 0.140885 0.571991 0.008854 0.020833
0 0.146615 0.571065 0.008854 0.020833
0 0.153906 0.570139 0.008854 0.020833
0 0.160156 0.569676 0.008854 0.020833
0 0.166406 0.568750 0.008854 0.020833
0 0.173177 0.567824 0.008854 0.020833
0 0.171094 0.590046 0.008854 0.020833
0 0.164583 0.590509 0.008854 0.020833
0 0.157812 0.591435 0.008854 0.020833
0 0.151562 0.591898 0.008854 0.020833
0 0.144531 0.593750 0.008854 0.020833
0 0.138542 0.594213 0.008854 0.020833
0 0.131510 0.594676 0.008854 0.020833
0 0.125000 0.596065 0.008854 0.020833
0 0.118750 0.596528 0.008854 0.020833
0 0.112240 0.597454 0.008854 0.020833
0 0.106250 0.597917 0.008854 0.020833
0 0.100000 0.598843 0.008854 0.020833
0 0.092969 0.599306 0.008854 0.020833
0 0.085417 0.601157 0.008854 0.020833
0 0.078906 0.601157 0.008854 0.020833
0 0.072135 0.601620 0.008854 0.020833
0 0.066406 0.603472 0.008854 0.020833
0 0.059635 0.603935 0.008854 0.020833
0 0.053385 0.605324 0.008854 0.020833
0 0.047396 0.605324 0.008854 0.020833
0 0.040885 0.606250 0.008854 0.020833
0 0.034896 0.607176 0.008854 0.020833
0 0.030208 0.634722 0.008333 0.022222
0 0.036719 0.634259 0.008333 0.022222
0 0.042969 0.634259 0.008333 0.022222
0 0.048958 0.632870 0.008333 0.022222
0 0.055208 0.632407 0.008333 0.022222
0 0.061979 0.631481 0.008333 0.022222
0 0.068229 0.630556 0.008333 0.022222
0 0.074479 0.629630 0.008333 0.022222
0 0.089714 0.628241 0.009115 0.023148
0 0.073958 0.628704 0.008333 0.022222
0 0.096224 0.627315 0.009115 0.023148
0 0.102995 0.626852 0.009115 0.023148
0 0.109245 0.625926 0.009115 0.023148
0 0.115495 0.625463 0.009115 0.023148
0 0.122005 0.624537 0.009115 0.023148
0 0.128776 0.623611 0.009115 0.023148
0 0.135547 0.622685 0.009115 0.023148
0 0.141797 0.621759 0.009115 0.023148
0 0.148828 0.620833 0.009115 0.023148
0 0.155078 0.618981 0.009115 0.023148
0 0.161328 0.618981 0.009115 0.023148
0 0.167839 0.618519 0.009115 0.023148
0 0.165755 0.641204 0.009115 0.023148
0 0.158984 0.642130 0.009115 0.023148
0 0.152734 0.643056 0.009115 0.023148
0 0.145703 0.643981 0.009115 0.023148
0 0.139453 0.644907 0.009115 0.023148
0 0.132682 0.645370 0.009115 0.023148
0 0.126432 0.646296 0.009115 0.023148
0 0.119661 0.646759 0.009115 0.023148
0 0.112891 0.647685 0.009115 0.023148
0 0.106380 0.648148 0.009115 0.023148
0 0.100130 0.649074 0.009115 0.023148
0 0.093359 0.649074 0.009115 0.023148
0 0.087370 0.650926 0.009115 0.023148
0 0.078516 0.651852 0.009115 0.023148
0 0.071484 0.652315 0.009115 0.023148
0 0.065495 0.653704 0.009115 0.023148
0 0.059245 0.655093 0.009115 0.023148
0 0.052214 0.655093 0.009115 0.023148
0 0.046224 0.655556 0.009115 0.023148
0 0.039714 0.656481 0.009115 0.023148
0 0.033203 0.656944 0.009115 0.023148
0 0.027474 0.657407 0.009115 0.023148
0 0.022526 0.683333 0.009115 0.023148
0 0.028776 0.682870 0.009115 0.023148
0 0.035547 0.682870 0.009115 0.023148
0 0.041536 0.681481 0.009115 0.023148
0 0.048047 0.681019 0.009115 0.023148
0 0.054688 0.679861 0.009375 0.024537
0 0.060937 0.678935 0.009375 0.024537
0 0.067187 0.678472 0.009375 0.024537
0 0.073958 0.677546 0.009375 0.024537
0 0.083333 0.675694 0.009375 0.024537
0 0.089323 0.675231 0.009375 0.024537
0 0.096354 0.674769 0.009375 0.024537
0 0.102604 0.674306 0.009375 0.024537
0 0.109115 0.672917 0.009375 0.024537
0 0.115104 0.671991 0.009375 0.024537
0 0.122396 0.671065 0.009375 0.024537
0 0.129167 0.669676 0.009375 0.024537
0 0.135677 0.668750 0.009375 0.024537
0 0.142708 0.667361 0.009375 0.024537
0 0.149219 0.666435 0.009375 0.024537
0 0.155729 0.665972 0.009375 0.024537
0 0.162760 0.664583 0.009375 0.024537
0 0.169010 0.664120 0.009375 0.024537
0 0.177865 0.687731 0.009375 0.024537
0 0.171354 0.689120 0.009375 0.024537
0 0.164844 0.689120 0.009375 0.024537
0 0.158594 0.689583 0.009375 0.024537
0 0.151823 0.690046 0.009375 0.024537
0 0.145313 0.690972 0.009375 0.024537
0 0.139583 0.691435 0.009375 0.024537
0 0.133073 0.692824 0.009375 0.024537
0 0.126302 0.693750 0.009375 0.024537
0 0.119531 0.694676 0.009375 0.024537
0 0.113021 0.696065 0.009375 0.024537
0 0.106250 0.696065 0.009375 0.024537
0 0.100000 0.696528 0.009375 0.024537
0 0.093229 0.698380 0.009375 0.024537
0 0.086719 0.698380 0.009375 0.024537
0 0.080469 0.699306 0.009375 0.024537
0 0.071354 0.701157 0.009375 0.024537
0 0.064583 0.701157 0.009375 0.024537
0 0.057552 0.702083 0.009375 0.024537
0 0.051302 0.702546 0.009375 0.024537
0 0.044531 0.704398 0.009375 0.024537
0 0.038542 0.704398 0.009375 0.024537
0 0.032292 0.705324 0.009375 0.024537
0 0.025521 0.705324 0.009375 0.024537
0 0.019271 0.706713 0.009375 0.024537
0 0.013021 0.733565 0.009375 0.024537
0 0.019792 0.732639 0.009375 0.024537
0 0.025521 0.732639 0.009375 0.024537
0 0.032031 0.731713 0.009375 0.024537
0 0.038542 0.731250 0.009375 0.024537
0 0.045312 0.730324 0.009375 0.024537
0 0.051823 0.729398 0.009375 0.024537
0 0.057813 0.728472 0.009375 0.024537
0 0.064583 0.728935 0.009375 0.024537
0 0.071094 0.727546 0.009375 0.024537
0 0.077865 0.726157 0.009375 0.024537
0 0.084896 0.724769 0.009375 0.024537
0 0.091667 0.724306 0.009375 0.024537
0 0.097917 0.723380 0.009375 0.024537
0 0.104427 0.723380 0.009375 0.024537
0 0.111458 0.722454 0.009375 0.024537
0 0.117448 0.721528 0.009375 0.024537
0 0.124479 0.720602 0.009375 0.024537
0 0.130990 0.720602 0.009375 0.024537
0 0.137240 0.719676 0.009375 0.024537
0 0.144271 0.719676 0.009375 0.024537
0 0.150260 0.718750 0.009375 0.024537
0 0.156771 0.718287 0.009375 0.024537
0 0.163281 0.717824 0.009375 0.024537
0 0.176302 0.716435 0.009375 0.024537
0 0.168750 0.716435 0.009375 0.024537
0 0.212109 0.266204 0.007552 0.018519
0 0.218099 0.265278 0.007552 0.018519
0 0.213021 0.318981 0.007812 0.019444
0 0.221354 0.318519 0.007812 0.019444
0 0.227865 0.319444 0.007812 0.019444
0 0.225781 0.339352 0.007812 0.019444
0 0.219531 0.339352 0.007812 0.019444
0 0.210938 0.339815 0.007812 0.019444
0 0.209115 0.359722 0.007812 0.019444
0 0.217708 0.358796 0.007812 0.019444
0 0.224219 0.359722 0.007812 0.019444
0 0.221875 0.380093 0.007812 0.019444
0 0.215625 0.379630 0.007812 0.019444
0 0.208073 0.380093 0.007812 0.019444
0 0.201823 0.380556 0.007812 0.019444
0 0.200000 0.400926 0.007812 0.019444
0 0.205469 0.400463 0.007812 0.019444
0 0.213802 0.400463 0.007812 0.019444
0 0.220312 0.400463 0.007812 0.019444
0 0.217969 0.423611 0.007812 0.019444
0 0.211198 0.423148 0.007812 0.019444
0 0.203385 0.422685 0.007812 0.019444
0 0.197396 0.423611 0.007812 0.019444
0 0.195573 0.442130 0.007812 0.019444
0 0.201563 0.442593 0.007812 0.019444
0 0.209896 0.442593 0.007812 0.019444
0 0.216406 0.442593 0.007812 0.019444
0 0.214323 0.465509 0.008854 0.020833
0 0.207292 0.465509 0.008854 0.020833
0 0.199219 0.466435 0.008854 0.020833
0 0.193490 0.466435 0.008854 0.020833
0 0.190885 0.488194 0.008854 0.020833
0 0.196875 0.487731 0.008854 0.020833
0 0.205208 0.487731 0.008854 0.020833
0 0.211719 0.487731 0.008854 0.020833
0 0.209635 0.511806 0.008854 0.020833
0 0.203125 0.510880 0.008854 0.020833
0 0.194401 0.510880 0.008073 0.020833
0 0.188151 0.512037 0.008073 0.021296
0 0.207292 0.534491 0.008854 0.020833
0 0.200000 0.534491 0.008854 0.020833
0 0.191927 0.534028 0.008854 0.020833
0 0.186198 0.534491 0.008854 0.020833
0 0.183333 0.558565 0.008854 0.020833
0 0.189323 0.557639 0.008854 0.020833
0 0.197917 0.558102 0.008854 0.020833
0 0.204948 0.557639 0.008854 0.020833
0 0.202865 0.580787 0.008854 0.020833
0 0.195833 0.580324 0.008854 0.020833
0 0.188021 0.579861 0.008854 0.020833
0 0.180729 0.581713 0.008854 0.020833
0 0.237760 0.218750 0.007812 0.018056
0 0.244010 0.219213 0.007812 0.018056
0 0.250260 0.220139 0.007812 0.018056
0 0.256510 0.220602 0.007812 0.018056
0 0.262760 0.221528 0.007812 0.018056
0 0.268750 0.221528 0.007812 0.018056
0 0.275260 0.222917 0.007812 0.018056
0 0.282031 0.223843 0.007812 0.018056
0 0.288021 0.224769 0.007812 0.018056
0 0.294010 0.225694 0.007812 0.018056
0 0.300260 0.227083 0.007812 0.018056
0 0.306510 0.228472 0.007812 0.018056
0 0.311719 0.228472 0.007812 0.018056
0 0.317969 0.229398 0.007812 0.018056
0 0.323958 0.229861 0.007812 0.018056
0 0.329948 0.231250 0.007812 0.018056
0 0.328906 0.247454 0.007812 0.018056
0 0.322917 0.246991 0.007812 0.018056
0 0.316927 0.246065 0.007812 0.018056
0 0.311198 0.246065 0.007812 0.018056
0 0.304688 0.245139 0.007812 0.018056
0 0.293359 0.243750 0.007031 0.018981
0 0.299089 0.244444 0.007552 0.019444
0 0.287370 0.242824 0.007031 0.018981
0 0.281380 0.241898 0.007031 0.018981
0 0.275391 0.240972 0.007031 0.018981
0 0.269401 0.240509 0.007031 0.018981
0 0.263672 0.240046 0.007031 0.018981
0 0.257422 0.238657 0.007031 0.018981
0 0.251432 0.238657 0.007031 0.018981
0 0.245964 0.237269 0.007031 0.018981
0 0.239193 0.237269 0.007031 0.018981
0 0.233203 0.236806 0.007031 0.018981
0 0.231380 0.255787 0.007031 0.018981
0 0.237891 0.256713 0.007031 0.018981
0 0.243880 0.257176 0.007031 0.018981
0 0.249870 0.257639 0.007031 0.018981
0 0.256380 0.258565 0.007031 0.018981
0 0.261849 0.259491 0.007031 0.018981
0 0.268099 0.259954 0.007031 0.018981
0 0.274089 0.260417 0.007031 0.018981
0 0.280078 0.260880 0.007031 0.018981
0 0.286328 0.262269 0.007031 0.018981
0 0.292057 0.262731 0.007031 0.018981
0 0.298307 0.263194 0.007031 0.018981
0 0.303776 0.263657 0.007031 0.018981
0 0.310026 0.264583 0.007031 0.018981
0 0.316016 0.265046 0.007031 0.018981
0 0.322005 0.265972 0.007031 0.018981
0 0.327734 0.266898 0.007031 0.018981
0 0.327214 0.283102 0.007031 0.018981
0 0.320964 0.283102 0.007031 0.018981
0 0.314714 0.282176 0.007031 0.018981
0 0.308724 0.281713 0.007031 0.018981
0 0.303255 0.280787 0.007031 0.018981
0 0.297005 0.279861 0.007031 0.018981
0 0.290755 0.280787 0.007031 0.018981
0 0.285026 0.279398 0.007031 0.018981
0 0.279036 0.279398 0.007031 0.018981
0 0.273307 0.278009 0.007031 0.018981
0 0.267057 0.278009 0.007031 0.018981
0 0.261068 0.277083 0.007031 0.018981
0 0.254688 0.275694 0.007812 0.018056
0 0.248438 0.275231 0.007812 0.018056
0 0.242708 0.274769 0.007812 0.018056
0 0.235937 0.274769 0.007812 0.018056
0 0.229687 0.273843 0.007812 0.018056
0 0.631901 0.806481 0.016406 0.015741
0 0.617839 0.806481 0.016406 0.015741
0 0.616276 0.793981 0.016406 0.015741
0 0.631120 0.793056 0.016406 0.015741
0 0.616276 0.780556 0.016406 0.015741
0 0.630859 0.780093 0.016406 0.015741
0 0.629818 0.767593 0.016406 0.015741
0 0.616276 0.768056 0.016406 0.015741
0 0.615495 0.755556 0.016406 0.015741
0 0.629557 0.754630 0.016406 0.015741
0 0.628776 0.743056 0.016406 0.015741
0 0.614974 0.743056 0.016406 0.015741
0 0.614453 0.731019 0.016406 0.015741
0 0.627995 0.729167 0.016406 0.015741
0 0.627214 0.717593 0.016406 0.015741
0 0.613932 0.718056 0.016406 0.015741
0 0.613151 0.705556 0.016406 0.015741
0 0.626953 0.705093 0.016406 0.015741
0 0.594141 0.706481 0.016406 0.015741
0 0.594141 0.718519 0.016406 0.015741
0 0.594401 0.730556 0.016406 0.015741
0 0.594922 0.743519 0.016406 0.015741
0 0.595182 0.756481 0.016406 0.015741
0 0.595964 0.768981 0.016406 0.015741
0 0.596224 0.781481 0.016406 0.015741
0 0.596745 0.794444 0.016406 0.015741
0 0.597786 0.807870 0.016406 0.015741
0 0.583464 0.808333 0.015885 0.016667
0 0.582812 0.794907 0.016146 0.015741
0 0.582812 0.782870 0.016146 0.015741
0 0.581901 0.769907 0.016406 0.015741
0 0.581380 0.758333 0.016406 0.015741
0 0.581380 0.745370 0.016406 0.015741
0 0.580339 0.721759 0.015365 0.014815
0 0.580208 0.733565 0.015104 0.013426
0 0.579427 0.709259 0.015104 0.013889
0 0.240755 0.294676 0.008073 0.018056
0 0.247005 0.295139 0.008073 0.018056
0 0.252734 0.296065 0.008073 0.018056
0 0.259245 0.296528 0.008073 0.018056
0 0.265234 0.296991 0.008073 0.018056
0 0.271745 0.297454 0.008073 0.018056
0 0.276953 0.297917 0.008073 0.018056
0 0.283464 0.299306 0.008073 0.018056
0 0.289714 0.299769 0.008073 0.018056
0 0.295964 0.300231 0.008073 0.018056
0 0.301693 0.301620 0.008073 0.018056
0 0.307943 0.301620 0.008073 0.018056
0 0.313932 0.302546 0.008073 0.018056
0 0.319922 0.303009 0.008073 0.018056
0 0.325911 0.303935 0.008073 0.018056
0 0.325391 0.321065 0.008073 0.018056
0 0.318880 0.320602 0.008073 0.018056
0 0.313151 0.319676 0.008073 0.018056
0 0.306901 0.319213 0.008073 0.018056
0 0.301172 0.319213 0.008073 0.018056
0 0.294661 0.318287 0.008073 0.018056
0 0.288672 0.317361 0.008073 0.018056
0 0.282422 0.316435 0.008073 0.018056
0 0.276432 0.315972 0.008073 0.018056
0 0.270182 0.315509 0.008073 0.018056
0 0.263932 0.315046 0.008073 0.018056
0 0.257682 0.314583 0.008073 0.018056
0 0.251693 0.313657 0.008073 0.018056
0 0.245182 0.313657 0.008073 0.018056
0 0.239193 0.311806 0.008073 0.018056
0 0.237109 0.333102 0.008073 0.018056
0 0.243880 0.334028 0.008073 0.018056
0 0.249870 0.334491 0.008073 0.018056
0 0.255859 0.334954 0.008073 0.018056
0 0.262891 0.335880 0.008073 0.018056
0 0.268359 0.336343 0.008073 0.018056
0 0.275130 0.336806 0.008073 0.018056
0 0.281120 0.337269 0.008073 0.018056
0 0.287109 0.337731 0.008073 0.018056
0 0.293359 0.338194 0.008073 0.018056
0 0.299609 0.339120 0.008073 0.018056
0 0.305599 0.340046 0.008073 0.018056
0 0.311849 0.340509 0.008073 0.018056
0 0.318229 0.341435 0.007812 0.019907
0 0.329427 0.360417 0.007812 0.019907
0 0.323437 0.360417 0.007812 0.019907
0 0.316927 0.359028 0.007812 0.019907
0 0.311198 0.359028 0.007812 0.019907
0 0.304688 0.358565 0.007812 0.019907
0 0.298698 0.357639 0.007812 0.019907
0 0.292187 0.357176 0.007812 0.019907
0 0.285677 0.356250 0.007812 0.019907
0 0.279687 0.355324 0.007812 0.019907
0 0.273698 0.354861 0.007292 0.020833
0 0.267188 0.354398 0.007292 0.020833
0 0.261198 0.353935 0.007292 0.020833
0 0.255208 0.353009 0.007292 0.020833
0 0.248698 0.353009 0.007292 0.020833
0 0.242188 0.352083 0.007292 0.020833
0 0.235417 0.351157 0.007292 0.020833
0 0.234115 0.370139 0.007292 0.020833
0 0.240625 0.371065 0.007292 0.020833
0 0.247526 0.371065 0.008073 0.020833
0 0.253776 0.371528 0.008073 0.020833
0 0.259766 0.372454 0.008073 0.020833
0 0.265755 0.372917 0.008073 0.020833
0 0.272526 0.372917 0.008073 0.020833
0 0.278255 0.373843 0.008073 0.020833
0 0.284766 0.374306 0.008073 0.020833
0 0.291276 0.374769 0.008073 0.020833
0 0.297266 0.375694 0.008073 0.020833
0 0.303776 0.376620 0.008073 0.020833
0 0.309766 0.376620 0.008073 0.020833
0 0.316016 0.377546 0.008073 0.020833
0 0.322266 0.378472 0.008073 0.020833
0 0.328516 0.378472 0.008073 0.020833
0 0.314844 0.395370 0.007812 0.020370
0 0.308854 0.394907 0.007812 0.020370
0 0.302865 0.394907 0.007812 0.020370
0 0.296615 0.394444 0.007812 0.020370
0 0.290104 0.393519 0.007812 0.020370
0 0.283854 0.393056 0.007812 0.020370
0 0.277604 0.392130 0.007812 0.020370
0 0.271094 0.391667 0.007812 0.020370
0 0.265104 0.391204 0.007812 0.020370
0 0.258594 0.390741 0.007812 0.020370
0 0.252083 0.389815 0.007812 0.020370
0 0.246094 0.389352 0.007812 0.020370
0 0.239323 0.389352 0.007812 0.020370
0 0.232552 0.388426 0.007812 0.020370
0 0.230729 0.409028 0.008333 0.021759
0 0.237500 0.409954 0.008333 0.021759
0 0.244010 0.410880 0.008333 0.021759
0 0.250260 0.410417 0.008333 0.021759
0 0.256771 0.411343 0.008333 0.021759
0 0.263021 0.411806 0.008333 0.021759
0 0.269531 0.412731 0.008333 0.021759
0 0.276042 0.412731 0.008333 0.021759
0 0.282292 0.413657 0.008333 0.021759
0 0.288802 0.413657 0.008333 0.021759
0 0.295052 0.415046 0.008333 0.021759
0 0.301302 0.415972 0.008333 0.021759
0 0.307812 0.416435 0.008333 0.021759
0 0.313802 0.416898 0.008333 0.021759
0 0.320312 0.417824 0.008333 0.021759
0 0.319531 0.436343 0.008333 0.021759
0 0.313281 0.435880 0.008333 0.021759
0 0.306771 0.435880 0.008333 0.021759
0 0.300260 0.434954 0.008333 0.021759
0 0.294010 0.434954 0.008333 0.021759
0 0.287760 0.434028 0.008333 0.021759
0 0.280990 0.433102 0.008333 0.021759
0 0.275000 0.433102 0.008333 0.021759
0 0.268490 0.432639 0.008333 0.021759
0 0.261719 0.431713 0.008333 0.021759
0 0.255469 0.431250 0.008333 0.021759
0 0.249219 0.430787 0.008333 0.021759
0 0.242448 0.429861 0.008333 0.021759
0 0.236198 0.429398 0.008333 0.021759
0 0.229167 0.429398 0.008333 0.021759
0 0.227604 0.451157 0.008333 0.021759
0 0.234375 0.451157 0.008333 0.021759
0 0.240625 0.452083 0.008333 0.021759
0 0.247396 0.452546 0.008333 0.021759
0 0.253646 0.453472 0.008333 0.021759
0 0.260156 0.454398 0.008333 0.021759
0 0.266927 0.454861 0.008333 0.021759
0 0.272917 0.454861 0.008333 0.021759
0 0.279687 0.456250 0.008333 0.021759
0 0.285938 0.455787 0.008333 0.021759
0 0.292708 0.456713 0.008333 0.021759
0 0.298958 0.457176 0.008333 0.021759
0 0.305208 0.457639 0.008333 0.021759
0 0.311979 0.457639 0.008333 0.021759
0 0.318490 0.458565 0.008333 0.021759
0 0.324740 0.459954 0.008333 0.021759
0 0.310937 0.478472 0.008333 0.021759
0 0.304427 0.477083 0.008333 0.021759
0 0.297656 0.477083 0.008333 0.021759
0 0.290365 0.476157 0.008333 0.021759
0 0.284635 0.476157 0.008333 0.021759
0 0.278125 0.475231 0.008333 0.021759
0 0.271354 0.475231 0.008333 0.021759
0 0.265365 0.473843 0.008333 0.021759
0 0.258854 0.472917 0.008333 0.021759
0 0.252083 0.472917 0.008333 0.021759
0 0.245833 0.472917 0.008333 0.021759
0 0.239063 0.471991 0.008333 0.021759
0 0.232813 0.471528 0.008333 0.021759
0 0.226562 0.471528 0.008333 0.021759
0 0.223177 0.498380 0.008333 0.021759
0 0.230208 0.498843 0.008333 0.021759
0 0.236979 0.499306 0.008333 0.021759
0 0.243490 0.499769 0.008333 0.021759
0 0.250000 0.500231 0.008333 0.021759
0 0.256510 0.500231 0.008333 0.021759
0 0.263281 0.501157 0.008333 0.021759
0 0.270052 0.501620 0.008333 0.021759
0 0.276562 0.502083 0.008333 0.021759
0 0.283073 0.503009 0.008333 0.021759
0 0.290104 0.502546 0.008333 0.021759
0 0.296094 0.503935 0.008333 0.021759
0 0.302604 0.503935 0.008333 0.021759
0 0.309635 0.505324 0.008333 0.021759
0 0.315365 0.506250 0.008333 0.021759
0 0.322396 0.506250 0.008333 0.021759
0 0.307812 0.526620 0.008333 0.021759
0 0.301042 0.524769 0.008333 0.021759
0 0.294271 0.524769 0.008333 0.021759
0 0.288281 0.524769 0.008333 0.021759
0 0.281510 0.523380 0.008333 0.021759
0 0.275260 0.522917 0.008333 0.021759
0 0.268490 0.523380 0.008333 0.021759
0 0.261979 0.522917 0.008333 0.021759
0 0.254688 0.521991 0.008333 0.021759
0 0.248438 0.521991 0.008333 0.021759
0 0.241927 0.521528 0.008333 0.021759
0 0.235156 0.520602 0.008333 0.021759
0 0.228646 0.520139 0.008333 0.021759
0 0.221094 0.520602 0.008333 0.021759
0 0.347917 0.233102 0.007292 0.018981
0 0.353646 0.233102 0.007292 0.018981
0 0.359375 0.234491 0.007292 0.018981
0 0.365104 0.235417 0.007292 0.018981
0 0.370833 0.235880 0.007292 0.018981
0 0.376563 0.236806 0.007292 0.018981
0 0.382292 0.236806 0.007292 0.018981
0 0.388021 0.237731 0.007292 0.018981
0 0.393750 0.238194 0.007292 0.018981
0 0.401042 0.238194 0.007292 0.018981
0 0.407292 0.239120 0.007292 0.018981
0 0.413802 0.240509 0.007292 0.018981
0 0.412760 0.257639 0.007292 0.018981
0 0.406771 0.257639 0.007292 0.018981
0 0.400521 0.255787 0.007292 0.018981
0 0.393750 0.254861 0.007292 0.018981
0 0.387760 0.254861 0.007292 0.018981
0 0.381771 0.253935 0.007292 0.018981
0 0.376042 0.253472 0.007292 0.018981
0 0.370573 0.253009 0.007292 0.018981
0 0.364583 0.251620 0.007292 0.018981
0 0.358854 0.251157 0.007292 0.018981
0 0.352865 0.250231 0.007292 0.018981
0 0.346615 0.249769 0.007292 0.018981
0 0.345833 0.268750 0.007292 0.018981
0 0.352344 0.269676 0.007292 0.018981
0 0.357812 0.270139 0.007292 0.018981
0 0.363802 0.270602 0.007292 0.018981
0 0.369531 0.271065 0.007292 0.018981
0 0.375260 0.272917 0.007292 0.018981
0 0.380990 0.273380 0.007292 0.018981
0 0.386979 0.274306 0.007292 0.018981
0 0.392969 0.274769 0.007292 0.018981
0 0.400521 0.276157 0.007292 0.018981
0 0.406510 0.276620 0.007292 0.018981
0 0.412500 0.277083 0.007292 0.018981
0 0.412500 0.295139 0.007292 0.018981
0 0.406250 0.294676 0.007292 0.018981
0 0.399740 0.293750 0.007292 0.018981
0 0.392188 0.292361 0.007292 0.018981
0 0.386719 0.291435 0.007292 0.018981
0 0.380729 0.290046 0.007292 0.018981
0 0.374740 0.290046 0.007292 0.018981
0 0.369010 0.288657 0.007292 0.018981
0 0.363281 0.288194 0.007292 0.018981
0 0.357552 0.287269 0.007292 0.018981
0 0.351302 0.286806 0.007292 0.018981
0 0.345313 0.287269 0.007292 0.018981
0 0.344271 0.306713 0.007292 0.018981
0 0.350521 0.306713 0.007292 0.018981
0 0.356510 0.307639 0.007292 0.018981
0 0.362500 0.308102 0.007292 0.018981
0 0.368229 0.309028 0.007292 0.018981
0 0.374219 0.309954 0.007292 0.018981
0 0.380208 0.310880 0.007292 0.018981
0 0.385937 0.310880 0.007292 0.018981
0 0.391927 0.312269 0.007292 0.018981
0 0.391406 0.329861 0.007292 0.018981
0 0.399219 0.311806 0.007292 0.018981
0 0.405469 0.312269 0.007292 0.018981
0 0.411979 0.313194 0.007292 0.018981
0 0.411458 0.331250 0.007292 0.018981
0 0.405469 0.329861 0.007292 0.018981
0 0.398958 0.330324 0.007292 0.018981
0 0.391927 0.329398 0.007292 0.018981
0 0.385937 0.329398 0.007292 0.018981
0 0.379427 0.327546 0.007292 0.018981
0 0.373698 0.327546 0.007292 0.018981
0 0.367708 0.326620 0.007292 0.018981
0 0.361979 0.325694 0.007292 0.018981
0 0.355990 0.325694 0.007292 0.018981
0 0.349479 0.324769 0.007292 0.018981
0 0.343229 0.324306 0.007292 0.018981
0 0.342708 0.344213 0.007292 0.018981
0 0.348698 0.344676 0.007292 0.018981
0 0.354687 0.345139 0.007292 0.018981
0 0.360938 0.346065 0.007292 0.018981
0 0.366927 0.346528 0.007292 0.018981
0 0.372917 0.347454 0.007292 0.018981
0 0.378906 0.347917 0.007292 0.018981
0 0.384896 0.348380 0.007292 0.018981
0 0.391146 0.348843 0.007292 0.018981
0 0.398438 0.348380 0.007292 0.018981
0 0.404948 0.348843 0.007292 0.018981
0 0.411719 0.349769 0.007292 0.018981
0 0.411068 0.368056 0.007031 0.020370
0 0.404557 0.367593 0.007031 0.020370
0 0.398047 0.367130 0.007031 0.020370
0 0.391016 0.367130 0.007031 0.020370
0 0.384505 0.366667 0.007031 0.020370
0 0.378255 0.365741 0.007031 0.020370
0 0.372266 0.365278 0.007031 0.020370
0 0.366536 0.364352 0.007031 0.020370
0 0.360547 0.364352 0.007031 0.020370
0 0.354297 0.362963 0.007031 0.020370
0 0.348047 0.362963 0.007031 0.020370
0 0.342057 0.362037 0.007031 0.020370
0 0.341016 0.379630 0.007031 0.020370
0 0.347266 0.381481 0.007031 0.020370
0 0.353255 0.381481 0.007031 0.020370
0 0.359245 0.382407 0.007031 0.020370
0 0.365755 0.382870 0.007031 0.020370
0 0.372005 0.382870 0.007031 0.020370
0 0.377995 0.383796 0.007031 0.020370
0 0.383984 0.385185 0.007031 0.020370
0 0.390495 0.385648 0.007031 0.020370
0 0.397266 0.385648 0.007031 0.020370
0 0.403776 0.386574 0.007031 0.020370
0 0.410547 0.386574 0.007031 0.020370
0 0.410026 0.405556 0.007031 0.020370
0 0.403776 0.405556 0.007031 0.020370
0 0.397266 0.404630 0.007031 0.020370
0 0.389714 0.403704 0.007031 0.020370
0 0.383724 0.403704 0.007031 0.020370
0 0.377214 0.402315 0.007031 0.020370
0 0.371224 0.400926 0.007031 0.020370
0 0.364714 0.400926 0.007031 0.020370
0 0.358724 0.400926 0.007031 0.020370
0 0.352474 0.400463 0.007031 0.020370
0 0.346745 0.399074 0.007031 0.020370
0 0.339974 0.398148 0.007031 0.020370
0 0.339453 0.419444 0.007031 0.020370
0 0.345443 0.420370 0.007031 0.020370
0 0.351432 0.421296 0.007031 0.020370
0 0.357943 0.420370 0.007031 0.020370
0 0.364453 0.421296 0.007031 0.020370
0 0.370443 0.422685 0.007031 0.020370
0 0.376693 0.422685 0.007031 0.020370
0 0.382943 0.423148 0.007031 0.020370
0 0.389193 0.424074 0.007031 0.020370
0 0.396745 0.424074 0.007031 0.020370
0 0.403255 0.424537 0.007031 0.020370
0 0.409505 0.425463 0.007031 0.020370
0 0.409505 0.444444 0.007031 0.020370
0 0.402734 0.444444 0.007031 0.020370
0 0.396224 0.443981 0.007031 0.020370
0 0.388932 0.443056 0.007031 0.020370
0 0.382682 0.442593 0.007031 0.020370
0 0.376432 0.441204 0.007031 0.020370
0 0.369922 0.441667 0.007031 0.020370
0 0.363672 0.440741 0.007031 0.020370
0 0.357422 0.440741 0.007031 0.020370
0 0.351432 0.439815 0.007031 0.020370
0 0.344922 0.439815 0.007031 0.020370
0 0.338411 0.438426 0.007031 0.020370
0 0.337109 0.459722 0.007031 0.020370
0 0.344141 0.461574 0.007031 0.020370
0 0.349870 0.462037 0.007031 0.020370
0 0.356380 0.462037 0.007031 0.020370
0 0.362630 0.462037 0.007031 0.020370
0 0.369401 0.462963 0.007031 0.020370
0 0.375130 0.463426 0.007031 0.020370
0 0.381641 0.464352 0.007031 0.020370
0 0.388151 0.465278 0.007031 0.020370
0 0.395443 0.465278 0.007031 0.020370
0 0.402734 0.466204 0.007031 0.020370
0 0.409245 0.467130 0.007031 0.020370
0 0.408724 0.487037 0.007031 0.020370
0 0.402214 0.486111 0.007031 0.020370
0 0.394922 0.485185 0.007031 0.020370
0 0.387370 0.484722 0.007031 0.020370
0 0.380859 0.484259 0.007031 0.020370
0 0.374609 0.483796 0.007031 0.020370
0 0.368359 0.482870 0.007031 0.020370
0 0.361849 0.482407 0.007031 0.020370
0 0.355599 0.481944 0.007031 0.020370
0 0.349089 0.481481 0.007031 0.020370
0 0.342839 0.481019 0.007031 0.020370
0 0.336068 0.480093 0.007031 0.020370
0 0.334766 0.507870 0.007031 0.020370
0 0.341536 0.508333 0.007031 0.020370
0 0.348307 0.507407 0.007031 0.020370
0 0.354818 0.507870 0.007031 0.020370
0 0.361068 0.508796 0.007031 0.020370
0 0.367318 0.509722 0.007031 0.020370
0 0.373828 0.510648 0.007031 0.020370
0 0.380339 0.510185 0.007031 0.020370
0 0.386849 0.511111 0.007031 0.020370
0 0.394401 0.510185 0.007031 0.020370
0 0.401172 0.510648 0.007031 0.020370
0 0.408203 0.511111 0.007031 0.020370
0 0.407682 0.531481 0.007031 0.020370
0 0.400391 0.531481 0.007031 0.020370
0 0.393359 0.531019 0.007031 0.020370
0 0.385807 0.531481 0.007031 0.020370
0 0.379297 0.531019 0.007031 0.020370
0 0.373047 0.530093 0.007031 0.020370
0 0.366536 0.529630 0.007031 0.020370
0 0.359766 0.529167 0.007031 0.020370
0 0.353776 0.529630 0.007031 0.020370
0 0.347266 0.528704 0.007031 0.020370
0 0.340755 0.528241 0.007031 0.020370
0 0.333724 0.528241 0.007031 0.020370
0 0.372266 0.556944 0.007031 0.020370
0 0.365234 0.556944 0.007031 0.020370
0 0.358984 0.556481 0.007031 0.020370
0 0.352474 0.556019 0.007031 0.020370
0 0.345964 0.556019 0.007031 0.020370
0 0.339453 0.555093 0.007031 0.020370
0 0.332943 0.555093 0.007031 0.020370
0 0.326172 0.554630 0.007031 0.020370
0 0.319661 0.553704 0.007031 0.020370
0 0.312891 0.553704 0.007031 0.020370
0 0.306380 0.553704 0.007031 0.020370
0 0.299870 0.553241 0.007031 0.020370
0 0.293229 0.553009 0.007812 0.019907
0 0.286458 0.552315 0.007812 0.021296
0 0.279948 0.551852 0.007812 0.021296
0 0.272917 0.551389 0.007812 0.021296
0 0.266406 0.551389 0.007812 0.021296
0 0.259896 0.550926 0.007812 0.021296
0 0.253125 0.550463 0.007812 0.021296
0 0.246354 0.550000 0.007812 0.021296
0 0.239844 0.549537 0.007812 0.021296
0 0.233073 0.549537 0.007812 0.021296
0 0.226562 0.548611 0.007812 0.021296
0 0.219010 0.547685 0.007812 0.021296
0 0.217188 0.569213 0.008854 0.021759
0 0.224479 0.569676 0.008854 0.021759
0 0.230990 0.570139 0.008854 0.021759
0 0.238281 0.570602 0.008854 0.021759
0 0.245052 0.570602 0.008854 0.021759
0 0.251563 0.571528 0.008854 0.021759
0 0.258594 0.571991 0.008854 0.021759
0 0.265104 0.572454 0.008854 0.021759
0 0.271615 0.571991 0.008854 0.021759
0 0.278646 0.573380 0.008854 0.021759
0 0.285156 0.572917 0.008854 0.021759
0 0.291927 0.574306 0.008854 0.021759
0 0.298698 0.573380 0.008854 0.021759
0 0.305729 0.573843 0.008854 0.021759
0 0.311979 0.574306 0.008854 0.021759
0 0.318490 0.574769 0.008854 0.021759
0 0.325521 0.575231 0.008854 0.021759
0 0.332031 0.575231 0.008854 0.021759
0 0.338542 0.576157 0.008854 0.021759
0 0.344792 0.576157 0.008854 0.021759
0 0.351823 0.576620 0.008854 0.021759
0 0.358333 0.576620 0.008854 0.021759
0 0.364844 0.577083 0.008854 0.021759
0 0.372135 0.577546 0.008854 0.021759
0 0.371354 0.598380 0.008854 0.021759
0 0.364063 0.598380 0.008854 0.021759
0 0.357552 0.597917 0.008854 0.021759
0 0.350781 0.597917 0.008854 0.021759
0 0.344271 0.597454 0.008854 0.021759
0 0.337760 0.596991 0.008854 0.021759
0 0.331250 0.596991 0.008854 0.021759
0 0.324219 0.596528 0.008854 0.021759
0 0.304688 0.595139 0.008854 0.021759
0 0.297656 0.595139 0.008854 0.021759
0 0.290625 0.594213 0.008854 0.021759
0 0.284115 0.593287 0.008854 0.021759
0 0.277083 0.594213 0.008854 0.021759
0 0.270833 0.593750 0.008854 0.021759
0 0.263802 0.593287 0.008854 0.021759
0 0.256771 0.593287 0.008854 0.021759
0 0.250000 0.592361 0.008854 0.021759
0 0.243229 0.591898 0.008854 0.021759
0 0.236198 0.591435 0.008854 0.021759
0 0.229427 0.591435 0.008854 0.021759
0 0.222396 0.590972 0.008854 0.021759
0 0.215625 0.590509 0.008854 0.021759
0 0.214062 0.615509 0.008854 0.021759
0 0.220573 0.615972 0.008854 0.021759
0 0.227865 0.616435 0.008854 0.021759
0 0.234375 0.616898 0.008854 0.021759
0 0.241667 0.617824 0.008854 0.021759
0 0.248177 0.617824 0.008854 0.021759
0 0.255208 0.618287 0.008854 0.021759
0 0.261719 0.618287 0.008854 0.021759
0 0.268490 0.619213 0.008854 0.021759
0 0.275781 0.619676 0.008854 0.021759
0 0.282292 0.620139 0.008854 0.021759
0 0.289583 0.620139 0.008854 0.021759
0 0.296094 0.620139 0.008854 0.021759
0 0.302865 0.621065 0.008854 0.021759
0 0.309635 0.621528 0.008854 0.021759
0 0.316406 0.621528 0.008854 0.021759
0 0.322917 0.621991 0.008854 0.021759
0 0.329948 0.621991 0.008854 0.021759
0 0.336719 0.621991 0.008854 0.021759
0 0.343229 0.622454 0.008854 0.021759
0 0.350000 0.622917 0.008854 0.021759
0 0.356510 0.622917 0.008854 0.021759
0 0.363281 0.623380 0.008854 0.021759
0 0.370052 0.623843 0.008854 0.021759
0 0.369531 0.644213 0.008854 0.021759
0 0.362500 0.644676 0.008854 0.021759
0 0.355729 0.644213 0.008854 0.021759
0 0.348958 0.643750 0.008854 0.021759
0 0.342448 0.643750 0.008854 0.021759
0 0.335677 0.643287 0.008854 0.021759
0 0.328906 0.643287 0.008854 0.021759
0 0.321875 0.643287 0.008854 0.021759
0 0.315365 0.643287 0.008854 0.021759
0 0.308594 0.642361 0.008854 0.021759
0 0.301563 0.642824 0.008854 0.021759
0 0.294792 0.641898 0.008854 0.021759
0 0.288021 0.641898 0.008854 0.021759
0 0.280990 0.641435 0.008854 0.021759
0 0.274219 0.640972 0.008854 0.021759
0 0.267188 0.640972 0.008854 0.021759
0 0.260417 0.640509 0.008854 0.021759
0 0.253385 0.640509 0.008854 0.021759
0 0.246615 0.639583 0.008854 0.021759
0 0.239844 0.639583 0.008854 0.021759
0 0.232813 0.638657 0.008854 0.021759
0 0.225781 0.639120 0.008854 0.021759
0 0.218750 0.638194 0.008854 0.021759
0 0.212240 0.638194 0.008854 0.021759
0 0.190104 0.662963 0.008854 0.023148
0 0.197656 0.663426 0.008854 0.023148
0 0.204687 0.662963 0.008854 0.023148
0 0.211719 0.663889 0.008854 0.023148
0 0.218229 0.664352 0.008854 0.023148
0 0.225781 0.664352 0.008854 0.023148
0 0.232813 0.664815 0.008854 0.023148
0 0.239844 0.664815 0.008854 0.023148
0 0.246875 0.665278 0.008854 0.023148
0 0.253646 0.665741 0.008854 0.023148
0 0.260677 0.665741 0.008854 0.023148
0 0.267448 0.666667 0.008854 0.023148
0 0.274479 0.666204 0.008854 0.023148
0 0.280990 0.666667 0.008854 0.023148
0 0.288281 0.666667 0.008854 0.023148
0 0.295052 0.667130 0.008854 0.023148
0 0.301823 0.667593 0.008854 0.023148
0 0.308594 0.668519 0.008854 0.023148
0 0.315625 0.668519 0.008854 0.023148
0 0.322917 0.668981 0.008854 0.023148
0 0.329427 0.669444 0.008854 0.023148
0 0.336198 0.668519 0.008854 0.023148
0 0.342969 0.669907 0.008854 0.023148
0 0.349740 0.669907 0.008854 0.023148
0 0.356510 0.669907 0.008854 0.023148
0 0.363281 0.670370 0.008854 0.023148
0 0.362760 0.692593 0.008854 0.023148
0 0.355729 0.692130 0.008854 0.023148
0 0.348958 0.692130 0.008854 0.023148
0 0.341927 0.691667 0.008854 0.023148
0 0.335156 0.691667 0.008854 0.023148
0 0.328385 0.691204 0.008854 0.023148
0 0.321615 0.691204 0.008854 0.023148
0 0.314583 0.690741 0.008854 0.023148
0 0.307812 0.690741 0.008854 0.023148
0 0.301042 0.690741 0.008854 0.023148
0 0.294010 0.689815 0.008854 0.023148
0 0.287240 0.689352 0.008854 0.023148
0 0.280208 0.689352 0.008854 0.023148
0 0.272396 0.689352 0.008854 0.023148
0 0.265885 0.688889 0.008854 0.023148
0 0.259115 0.688426 0.008854 0.023148
0 0.252344 0.687963 0.008854 0.023148
0 0.245052 0.687963 0.008854 0.023148
0 0.237760 0.687963 0.008854 0.023148
0 0.230729 0.687500 0.008854 0.023148
0 0.223958 0.686574 0.008854 0.023148
0 0.216667 0.687037 0.008854 0.023148
0 0.209896 0.686574 0.008854 0.023148
0 0.202604 0.686111 0.008854 0.023148
0 0.195312 0.685417 0.009375 0.023611
0 0.188542 0.685417 0.009375 0.023611
0 0.185417 0.714120 0.009375 0.023611
0 0.192708 0.714120 0.009375 0.023611
0 0.200260 0.713657 0.009375 0.023611
0 0.207031 0.714120 0.009375 0.023611
0 0.214583 0.714120 0.009375 0.023611
0 0.222135 0.714583 0.009375 0.023611
0 0.228646 0.714583 0.009375 0.023611
0 0.235937 0.715046 0.009375 0.023611
0 0.242969 0.715046 0.009375 0.023611
0 0.250000 0.715509 0.009375 0.023611
0 0.257031 0.715509 0.009375 0.023611
0 0.264323 0.715046 0.009375 0.023611
0 0.271094 0.715509 0.009375 0.023611
0 0.278125 0.715509 0.009375 0.023611
0 0.285156 0.716435 0.009375 0.023611
0 0.291927 0.715972 0.009375 0.023611
0 0.299479 0.716435 0.009375 0.023611
0 0.305990 0.717361 0.009375 0.023611
0 0.313281 0.716898 0.009375 0.023611
0 0.319792 0.716898 0.009375 0.023611
0 0.326823 0.716435 0.009375 0.023611
0 0.333854 0.716435 0.009375 0.023611
0 0.340625 0.717361 0.009375 0.023611
0 0.347656 0.717361 0.009375 0.023611
0 0.354167 0.717361 0.009375 0.023611
0 0.361719 0.717361 0.009375 0.023611
0 0.601432 0.225231 0.007031 0.019907
0 0.607422 0.223380 0.007031 0.019907
0 0.613411 0.221528 0.007031 0.019907
0 0.619401 0.220139 0.007031 0.019907
0 0.625130 0.217824 0.007031 0.019907
0 0.631120 0.215972 0.007031 0.019907
0 0.637370 0.214120 0.007031 0.019907
0 0.643620 0.213194 0.007031 0.019907
0 0.649609 0.210880 0.007031 0.019907
0 0.655859 0.209491 0.007031 0.019907
0 0.657161 0.227546 0.007031 0.019907
0 0.650651 0.228472 0.007031 0.019907
0 0.644661 0.230787 0.007031 0.019907
0 0.638411 0.231713 0.007031 0.019907
0 0.632422 0.234028 0.007031 0.019907
0 0.626432 0.234954 0.007031 0.019907
0 0.620443 0.236806 0.007031 0.019907
0 0.614193 0.238657 0.007031 0.019907
0 0.608203 0.240046 0.007031 0.019907
0 0.605599 0.259491 0.007031 0.019907
0 0.611589 0.258565 0.007031 0.019907
0 0.617839 0.256713 0.007031 0.019907
0 0.624089 0.254861 0.007031 0.019907
0 0.629557 0.252546 0.007031 0.019907
0 0.645703 0.249306 0.007031 0.019907
0 0.651953 0.246528 0.007031 0.019907
0 0.658203 0.245602 0.007031 0.019907
0 0.659505 0.263657 0.007031 0.019907
0 0.652995 0.265509 0.007031 0.019907
0 0.647005 0.266898 0.007031 0.019907
0 0.630859 0.270602 0.007031 0.019907
0 0.624870 0.272454 0.007031 0.019907
0 0.618620 0.274769 0.007031 0.019907
0 0.612630 0.276157 0.007031 0.019907
0 0.606641 0.278009 0.007031 0.019907
0 0.604557 0.296528 0.007031 0.019907
0 0.610807 0.295602 0.007031 0.019907
0 0.616797 0.294213 0.007031 0.019907
0 0.623047 0.292824 0.007031 0.019907
0 0.629297 0.290972 0.007031 0.019907
0 0.635547 0.289120 0.007031 0.019907
0 0.641797 0.288194 0.007031 0.019907
0 0.648047 0.285880 0.007031 0.019907
0 0.654297 0.284491 0.007031 0.019907
0 0.660547 0.282639 0.007031 0.019907
0 0.662109 0.300694 0.007031 0.019907
0 0.655599 0.302083 0.007031 0.019907
0 0.649089 0.304398 0.007031 0.019907
0 0.635026 0.308102 0.007031 0.019907
0 0.628516 0.309491 0.007031 0.019907
0 0.622526 0.311343 0.007031 0.019907
0 0.616276 0.312731 0.007031 0.019907
0 0.610026 0.314120 0.007031 0.019907
0 0.603776 0.315972 0.007031 0.019907
0 0.604557 0.334491 0.007031 0.019907
0 0.610807 0.333565 0.007031 0.019907
0 0.617057 0.331713 0.007031 0.019907
0 0.623307 0.330324 0.007031 0.019907
0 0.629557 0.329398 0.007031 0.019907
0 0.636068 0.327083 0.007031 0.019907
0 0.650130 0.323843 0.007031 0.019907
0 0.656641 0.321991 0.007031 0.019907
0 0.662891 0.320139 0.007031 0.019907
0 0.664453 0.339583 0.007031 0.019907
0 0.657943 0.340972 0.007031 0.019907
0 0.651172 0.342824 0.007031 0.019907
0 0.645182 0.344213 0.007031 0.019907
0 0.638411 0.346065 0.007031 0.019907
0 0.631901 0.346991 0.007031 0.019907
0 0.625911 0.349306 0.007031 0.019907
0 0.619401 0.351157 0.007031 0.019907
0 0.613151 0.352083 0.007031 0.019907
0 0.607161 0.353935 0.007031 0.019907
0 0.607682 0.373843 0.007031 0.019907
0 0.613932 0.372454 0.007031 0.019907
0 0.620182 0.371528 0.007031 0.019907
0 0.626432 0.369676 0.007031 0.019907
0 0.632943 0.367824 0.007031 0.019907
0 0.639714 0.365509 0.007031 0.019907
0 0.645964 0.364120 0.007031 0.019907
0 0.652474 0.362269 0.007031 0.019907
0 0.659115 0.361343 0.007812 0.019907
0 0.665625 0.359954 0.007812 0.019907
0 0.666667 0.378935 0.007812 0.019907
0 0.660156 0.381250 0.007812 0.019907
0 0.653385 0.382176 0.007812 0.019907
0 0.639844 0.385417 0.007812 0.019907
0 0.633594 0.387731 0.007812 0.019907
0 0.626823 0.389120 0.007812 0.019907
0 0.620313 0.390509 0.007812 0.019907
0 0.614062 0.392361 0.007812 0.019907
0 0.607552 0.393750 0.007812 0.019907
0 0.609375 0.413657 0.007812 0.019907
0 0.615885 0.412731 0.007812 0.019907
0 0.622396 0.410880 0.007812 0.019907
0 0.628906 0.409028 0.007812 0.019907
0 0.635417 0.408565 0.007812 0.019907
0 0.648698 0.405324 0.007812 0.019907
0 0.655208 0.403472 0.007812 0.019907
0 0.661979 0.402083 0.007812 0.019907
0 0.668490 0.400694 0.007812 0.019907
0 0.669792 0.420602 0.007812 0.019907
0 0.663281 0.421991 0.007812 0.019907
0 0.656250 0.423380 0.007812 0.019907
0 0.649740 0.424769 0.007812 0.019907
0 0.642969 0.426620 0.007812 0.019907
0 0.636719 0.428009 0.007812 0.019907
0 0.629687 0.428935 0.007812 0.019907
0 0.623698 0.430324 0.007812 0.019907
0 0.616667 0.431250 0.007812 0.019907
0 0.610417 0.433565 0.007812 0.019907
0 0.610417 0.454398 0.007812 0.019907
0 0.616667 0.452546 0.007812 0.019907
0 0.623437 0.451620 0.007812 0.019907
0 0.629948 0.450231 0.007812 0.019907
0 0.636719 0.448843 0.007812 0.019907
0 0.642969 0.446991 0.007812 0.019907
0 0.657552 0.444213 0.007812 0.019907
0 0.664583 0.442824 0.007812 0.019907
0 0.671354 0.440972 0.007812 0.019907
0 0.672396 0.461343 0.007812 0.019907
0 0.665625 0.463194 0.007812 0.019907
0 0.659115 0.464583 0.007812 0.019907
0 0.644792 0.467824 0.007812 0.019907
0 0.637760 0.468750 0.007812 0.019907
0 0.630990 0.470602 0.007812 0.019907
0 0.624219 0.471528 0.007812 0.019907
0 0.617969 0.472454 0.007812 0.019907
0 0.611458 0.474306 0.007812 0.019907
0 0.613542 0.496065 0.007812 0.019907
0 0.619792 0.494676 0.007812 0.019907
0 0.626563 0.493750 0.007812 0.019907
0 0.633333 0.491667 0.008333 0.022222
0 0.639583 0.491204 0.008333 0.022222
0 0.646875 0.489815 0.008333 0.022222
0 0.653385 0.488889 0.008333 0.022222
0 0.660156 0.486574 0.008333 0.022222
0 0.666927 0.485185 0.008333 0.022222
0 0.674219 0.483796 0.008333 0.022222
0 0.675521 0.505556 0.008333 0.022222
0 0.668490 0.506481 0.008333 0.022222
0 0.661719 0.507407 0.008333 0.022222
0 0.647917 0.510648 0.008333 0.022222
0 0.641146 0.511574 0.008333 0.022222
0 0.634375 0.512963 0.008333 0.022222
0 0.627865 0.514352 0.008333 0.022222
0 0.620573 0.515278 0.008333 0.022222
0 0.614583 0.517130 0.008333 0.022222
0 0.614323 0.538426 0.008333 0.022222
0 0.621094 0.537500 0.008333 0.022222
0 0.628125 0.535648 0.008333 0.022222
0 0.634896 0.534259 0.008333 0.022222
0 0.641667 0.534259 0.008333 0.022222
0 0.648438 0.532870 0.008333 0.022222
0 0.663021 0.530556 0.008333 0.022222
0 0.669531 0.529167 0.008333 0.022222
0 0.677344 0.527315 0.008333 0.022222
0 0.678646 0.549537 0.008333 0.022222
0 0.671615 0.550926 0.008333 0.022222
0 0.664323 0.551852 0.008333 0.022222
0 0.657552 0.553241 0.008333 0.022222
0 0.650521 0.554167 0.008333 0.022222
0 0.643490 0.555556 0.008333 0.022222
0 0.636719 0.556481 0.008333 0.022222
0 0.629687 0.557407 0.008333 0.022222
0 0.622917 0.559259 0.008333 0.022222
0 0.615885 0.559722 0.008333 0.022222
0 0.617188 0.583796 0.008333 0.022222
0 0.623958 0.583333 0.008333 0.022222
0 0.631250 0.581481 0.008333 0.022222
0 0.637760 0.580556 0.008333 0.022222
0 0.644792 0.579167 0.008333 0.022222
0 0.652083 0.578241 0.008333 0.022222
0 0.659115 0.577315 0.008333 0.022222
0 0.666146 0.576389 0.008333 0.022222
0 0.672917 0.575000 0.008333 0.022222
0 0.679948 0.574074 0.008333 0.022222
0 0.681641 0.596759 0.009115 0.025000
0 0.674609 0.597685 0.009115 0.025000
0 0.667318 0.599074 0.009115 0.025000
0 0.650651 0.601852 0.009115 0.025000
0 0.643880 0.601852 0.009115 0.025000
0 0.637109 0.603241 0.009115 0.025000
0 0.630339 0.604630 0.009115 0.025000
0 0.623307 0.605093 0.009115 0.025000
0 0.616276 0.606944 0.009115 0.025000
0 0.617839 0.629167 0.009115 0.025000
0 0.625130 0.627315 0.009115 0.025000
0 0.631901 0.627778 0.009115 0.025000
0 0.638672 0.626852 0.009115 0.025000
0 0.645964 0.625463 0.009115 0.025000
0 0.652995 0.624074 0.009115 0.025000
0 0.668880 0.621296 0.009115 0.025000
0 0.675911 0.621296 0.009115 0.025000
0 0.683724 0.619907 0.009115 0.025000
0 0.685286 0.645833 0.009115 0.025000
0 0.677995 0.647685 0.009115 0.025000
0 0.670703 0.648148 0.009115 0.025000
0 0.663411 0.650000 0.009115 0.025000
0 0.656380 0.651389 0.009115 0.025000
0 0.648568 0.651389 0.009115 0.025000
0 0.642318 0.652778 0.009115 0.025000
0 0.634766 0.653241 0.009115 0.025000
0 0.627995 0.653704 0.009115 0.025000
0 0.621224 0.656019 0.009115 0.025000
0 0.664193 0.209491 0.007031 0.018056
0 0.669922 0.210417 0.007031 0.018056
0 0.675391 0.211343 0.007031 0.018056
0 0.680859 0.213194 0.007031 0.018056
0 0.687109 0.214120 0.007031 0.018056
0 0.692578 0.215509 0.007031 0.018056
0 0.697786 0.216435 0.007031 0.018056
0 0.703776 0.217824 0.007031 0.018056
0 0.708984 0.219213 0.007031 0.018056
0 0.714974 0.220602 0.007031 0.018056
0 0.710807 0.236806 0.007031 0.018056
0 0.705078 0.234954 0.007031 0.018056
0 0.699609 0.233565 0.007031 0.018056
0 0.693880 0.232176 0.007031 0.018056
0 0.687891 0.231250 0.007031 0.018056
0 0.682682 0.229398 0.007031 0.018056
0 0.676953 0.228472 0.007031 0.018056
0 0.671224 0.227546 0.007031 0.018056
0 0.665495 0.226620 0.007031 0.018056
0 0.667057 0.245139 0.007031 0.018056
0 0.672786 0.246065 0.007031 0.018056
0 0.678516 0.246991 0.007031 0.018056
0 0.692057 0.250694 0.007031 0.018056
0 0.697526 0.251620 0.007031 0.018056
0 0.702995 0.252546 0.007031 0.018056
0 0.708724 0.253472 0.007031 0.018056
0 0.714453 0.255787 0.007031 0.018056
0 0.719922 0.256713 0.007031 0.018056
0 0.720443 0.274306 0.007031 0.018056
0 0.714714 0.272917 0.007031 0.018056
0 0.709245 0.271528 0.007031 0.018056
0 0.703776 0.270602 0.007031 0.018056
0 0.698047 0.269213 0.007031 0.018056
0 0.692578 0.268287 0.007031 0.018056
0 0.679557 0.264583 0.007031 0.018056
0 0.673828 0.264583 0.007031 0.018056
0 0.668099 0.263194 0.007031 0.018056
0 0.669141 0.281713 0.007031 0.018056
0 0.675130 0.283102 0.007031 0.018056
0 0.680859 0.284028 0.007031 0.018056
0 0.686849 0.285880 0.007031 0.018056
0 0.692578 0.286806 0.007031 0.018056
0 0.698307 0.287731 0.007031 0.018056
0 0.704036 0.289120 0.007031 0.018056
0 0.709766 0.290509 0.007031 0.018056
0 0.715234 0.291435 0.007031 0.018056
0 0.720964 0.291898 0.007031 0.018056
0 0.723828 0.310880 0.007031 0.018056
0 0.718359 0.309954 0.007031 0.018056
0 0.712630 0.308565 0.007031 0.018056
0 0.706901 0.307176 0.007031 0.018056
0 0.700911 0.306250 0.007031 0.018056
0 0.695182 0.304861 0.007031 0.018056
0 0.682422 0.302546 0.007031 0.018056
0 0.676432 0.301157 0.007031 0.018056
0 0.670703 0.300694 0.007031 0.018056
0 0.672005 0.320139 0.007031 0.018056
0 0.677995 0.321065 0.007031 0.018056
0 0.683984 0.323380 0.007031 0.018056
0 0.697786 0.325694 0.007031 0.018056
0 0.703776 0.326620 0.007031 0.018056
0 0.709505 0.327546 0.007031 0.018056
0 0.714974 0.328935 0.007031 0.018056
0 0.720964 0.330324 0.007031 0.018056
0 0.726432 0.330787 0.007031 0.018056
0 0.726172 0.349769 0.007031 0.018056
0 0.720182 0.348380 0.007031 0.018056
0 0.714453 0.347454 0.007031 0.018056
0 0.708464 0.346528 0.007031 0.018056
0 0.702734 0.345602 0.007031 0.018056
0 0.697005 0.344213 0.007031 0.018056
0 0.691016 0.342824 0.007031 0.018056
0 0.685026 0.340972 0.007031 0.018056
0 0.679297 0.340046 0.007031 0.018056
0 0.673177 0.339352 0.007292 0.019444
0 0.674740 0.358796 0.007292 0.019444
0 0.680469 0.360185 0.007292 0.019444
0 0.686719 0.361111 0.007292 0.019444
0 0.692708 0.362037 0.007292 0.019444
0 0.698438 0.363426 0.007292 0.019444
0 0.704427 0.364352 0.007292 0.019444
0 0.710417 0.365278 0.007292 0.019444
0 0.716146 0.366204 0.007292 0.019444
0 0.721875 0.367130 0.007292 0.019444
0 0.728125 0.368519 0.007292 0.019444
0 0.732292 0.388426 0.007292 0.019444
0 0.726042 0.388426 0.007292 0.019444
0 0.720313 0.386574 0.007292 0.019444
0 0.714583 0.385185 0.007292 0.019444
0 0.708333 0.384259 0.007292 0.019444
0 0.702604 0.383333 0.007292 0.019444
0 0.688021 0.380093 0.007292 0.019444
0 0.682031 0.379630 0.007292 0.019444
0 0.676302 0.378241 0.007292 0.019444
0 0.677604 0.400000 0.007292 0.019444
0 0.683594 0.401389 0.007292 0.019444
0 0.689844 0.402315 0.007292 0.019444
0 0.696354 0.404167 0.007812 0.021296
0 0.708073 0.406481 0.007812 0.021296
0 0.713802 0.407407 0.007812 0.021296
0 0.720052 0.407870 0.007812 0.021296
0 0.726042 0.409259 0.007812 0.021296
0 0.732031 0.409722 0.007812 0.021296
0 0.733594 0.430556 0.007812 0.021296
0 0.727865 0.429167 0.007812 0.021296
0 0.721875 0.428704 0.007812 0.021296
0 0.715885 0.426852 0.007812 0.021296
0 0.709635 0.425926 0.007812 0.021296
0 0.703385 0.425000 0.007812 0.021296
0 0.697135 0.424074 0.007812 0.021296
0 0.691146 0.422685 0.007812 0.021296
0 0.684896 0.421759 0.007812 0.021296
0 0.678906 0.420833 0.007812 0.021296
0 0.680729 0.440741 0.007812 0.021296
0 0.686719 0.442130 0.007812 0.021296
0 0.692969 0.443056 0.007812 0.021296
0 0.707292 0.446296 0.007812 0.021296
0 0.713021 0.446759 0.007812 0.021296
0 0.719531 0.447685 0.007812 0.021296
0 0.725260 0.448611 0.007812 0.021296
0 0.731250 0.449537 0.007812 0.021296
0 0.737240 0.450000 0.007812 0.021296
0 0.739062 0.470370 0.007812 0.021296
0 0.733333 0.469444 0.007812 0.021296
0 0.727344 0.468981 0.007812 0.021296
0 0.720833 0.467130 0.007812 0.021296
0 0.715365 0.466204 0.007812 0.021296
0 0.708854 0.465741 0.007812 0.021296
0 0.694271 0.463426 0.007812 0.021296
0 0.688281 0.462037 0.007812 0.021296
0 0.681250 0.461574 0.007812 0.021296
0 0.683333 0.484722 0.007812 0.021296
0 0.690104 0.486111 0.007812 0.021296
0 0.696094 0.486111 0.007812 0.021296
0 0.702344 0.487500 0.007812 0.021296
0 0.708594 0.488426 0.007812 0.021296
0 0.714844 0.488889 0.007812 0.021296
0 0.720833 0.490278 0.007812 0.021296
0 0.727083 0.491667 0.007812 0.021296
0 0.733073 0.492130 0.007812 0.021296
0 0.739323 0.493519 0.007812 0.021296
0 0.743229 0.514352 0.007812 0.021296
0 0.736979 0.513889 0.007812 0.021296
0 0.730729 0.512963 0.007812 0.021296
0 0.724740 0.512037 0.007812 0.021296
0 0.718229 0.511111 0.007812 0.021296
0 0.712240 0.510185 0.007812 0.021296
0 0.697656 0.507407 0.007812 0.021296
0 0.691406 0.506944 0.007812 0.021296
0 0.684896 0.506019 0.007812 0.021296
0 0.686458 0.528241 0.007812 0.021296
0 0.692969 0.529630 0.007812 0.021296
0 0.699479 0.530093 0.007812 0.021296
0 0.714323 0.531944 0.007812 0.021296
0 0.720313 0.533333 0.007812 0.021296
0 0.726562 0.534722 0.007812 0.021296
0 0.732812 0.535185 0.007812 0.021296
0 0.738802 0.536574 0.007812 0.021296
0 0.745313 0.537037 0.007812 0.021296
0 0.745052 0.558333 0.007812 0.021296
0 0.738281 0.557870 0.007812 0.021296
0 0.732292 0.557407 0.007812 0.021296
0 0.726302 0.556481 0.007812 0.021296
0 0.719010 0.555093 0.007812 0.021296
0 0.713542 0.554167 0.007812 0.021296
0 0.707031 0.553241 0.007812 0.021296
0 0.701042 0.552315 0.007812 0.021296
0 0.694792 0.551389 0.007812 0.021296
0 0.687760 0.550463 0.007812 0.021296
0 0.690104 0.574537 0.007812 0.021296
0 0.696354 0.574537 0.007812 0.021296
0 0.702865 0.575463 0.007812 0.021296
0 0.709115 0.576389 0.007812 0.021296
0 0.715365 0.577315 0.007812 0.021296
0 0.721615 0.577778 0.007812 0.021296
0 0.728125 0.579630 0.007812 0.021296
0 0.734115 0.580093 0.007812 0.021296
0 0.741146 0.581019 0.007812 0.021296
0 0.746875 0.581944 0.007812 0.021296
0 0.751823 0.605324 0.008854 0.022685
0 0.745573 0.604861 0.008854 0.022685
0 0.739323 0.603935 0.008854 0.022685
0 0.732812 0.603009 0.008854 0.022685
0 0.726562 0.602083 0.008854 0.022685
0 0.720313 0.601157 0.008854 0.022685
0 0.704948 0.598380 0.008854 0.022685
0 0.698438 0.597454 0.008854 0.022685
0 0.691667 0.596528 0.008854 0.022685
0 0.693229 0.619213 0.008854 0.022685
0 0.695312 0.645139 0.008854 0.022685
0 0.701823 0.645602 0.008854 0.022685
0 0.708333 0.646528 0.008854 0.022685
0 0.714844 0.647917 0.008854 0.022685
0 0.736719 0.651620 0.008854 0.022685
0 0.743750 0.652083 0.008854 0.022685
0 0.749740 0.653009 0.008854 0.022685
0 0.756250 0.652546 0.008854 0.022685
0 0.725911 0.220139 0.007031 0.018056
0 0.731641 0.219213 0.007031 0.018056
0 0.738151 0.217361 0.007031 0.018056
0 0.743880 0.216435 0.007031 0.018056
0 0.750521 0.214815 0.007812 0.020370
0 0.756250 0.212963 0.007812 0.020370
0 0.763021 0.212037 0.007812 0.020370
0 0.768750 0.210648 0.007812 0.020370
0 0.775000 0.209722 0.007812 0.020370
0 0.781250 0.208333 0.007812 0.020370
0 0.787760 0.206944 0.007812 0.020370
0 0.794010 0.205556 0.007812 0.020370
0 0.800521 0.204167 0.007812 0.020370
0 0.803125 0.221296 0.007812 0.020370
0 0.796094 0.223611 0.007812 0.020370
0 0.789583 0.223611 0.007812 0.020370
0 0.783594 0.225463 0.007812 0.020370
0 0.777604 0.226852 0.007812 0.020370
0 0.770833 0.227778 0.007812 0.020370
0 0.764583 0.229630 0.007812 0.020370
0 0.758333 0.230556 0.007812 0.020370
0 0.752083 0.232407 0.007812 0.020370
0 0.745833 0.233333 0.007812 0.020370
0 0.739844 0.234259 0.007812 0.020370
0 0.733333 0.236574 0.007812 0.020370
0 0.727604 0.237963 0.007812 0.020370
0 0.729427 0.256019 0.007812 0.020370
0 0.735156 0.255093 0.007812 0.020370
0 0.741667 0.254167 0.007812 0.020370
0 0.747917 0.252315 0.007812 0.020370
0 0.754167 0.250463 0.007812 0.020370
0 0.760156 0.249537 0.007812 0.020370
0 0.766667 0.248148 0.007812 0.020370
0 0.772917 0.246759 0.007812 0.020370
0 0.779167 0.245370 0.007812 0.020370
0 0.785677 0.243981 0.007812 0.020370
0 0.792188 0.243056 0.007812 0.020370
0 0.798177 0.241667 0.007812 0.020370
0 0.804688 0.239352 0.007812 0.020370
0 0.807292 0.257870 0.007812 0.020370
0 0.800521 0.259722 0.007812 0.020370
0 0.794531 0.260648 0.007812 0.020370
0 0.787760 0.261574 0.007812 0.020370
0 0.781510 0.263426 0.007812 0.020370
0 0.775521 0.264352 0.007812 0.020370
0 0.768750 0.266204 0.007812 0.020370
0 0.762500 0.267130 0.007812 0.020370
0 0.755990 0.269444 0.007812 0.020370
0 0.749479 0.269907 0.007812 0.020370
0 0.743490 0.272222 0.007812 0.020370
0 0.736979 0.273148 0.007812 0.020370
0 0.730990 0.274537 0.007812 0.020370
0 0.732812 0.293519 0.007812 0.020370
0 0.739062 0.291667 0.007812 0.020370
0 0.745573 0.290741 0.007812 0.020370
0 0.751563 0.289352 0.007812 0.020370
0 0.758073 0.287963 0.007812 0.020370
0 0.764583 0.286574 0.007812 0.020370
0 0.770833 0.285648 0.007812 0.020370
0 0.777083 0.283796 0.007812 0.020370
0 0.783594 0.282407 0.007812 0.020370
0 0.789844 0.281481 0.007812 0.020370
0 0.796354 0.280093 0.007812 0.020370
0 0.802865 0.278241 0.007812 0.020370
0 0.809375 0.276852 0.007812 0.020370
0 0.812109 0.295602 0.008594 0.019907
0 0.805339 0.296991 0.008594 0.019907
0 0.798568 0.297917 0.008594 0.019907
0 0.792318 0.299769 0.008594 0.019907
0 0.786068 0.300694 0.008594 0.019907
0 0.779036 0.302546 0.008594 0.019907
0 0.772786 0.303472 0.008594 0.019907
0 0.766536 0.305324 0.008594 0.019907
0 0.759766 0.306250 0.008594 0.019907
0 0.753776 0.307176 0.008594 0.019907
0 0.747266 0.309491 0.008594 0.019907
0 0.741016 0.309491 0.008594 0.019907
0 0.734245 0.312269 0.008594 0.019907
0 0.736589 0.330324 0.008594 0.019907
0 0.742578 0.328935 0.008594 0.019907
0 0.749089 0.327546 0.008594 0.019907
0 0.755339 0.327083 0.008594 0.019907
0 0.762109 0.325231 0.008594 0.019907
0 0.768620 0.323843 0.008594 0.019907
0 0.774870 0.321991 0.008594 0.019907
0 0.781120 0.321528 0.008594 0.019907
0 0.788151 0.320139 0.008594 0.019907
0 0.794922 0.318750 0.008594 0.019907
0 0.800911 0.317824 0.008594 0.019907
0 0.807943 0.316435 0.008594 0.019907
0 0.814193 0.314583 0.008594 0.019907
0 0.816797 0.333565 0.008594 0.019907
0 0.809766 0.334954 0.008594 0.019907
0 0.803516 0.335417 0.008594 0.019907
0 0.797005 0.337269 0.008594 0.019907
0 0.790495 0.338657 0.008594 0.019907
0 0.783724 0.340509 0.008594 0.019907
0 0.777474 0.341898 0.008594 0.019907
0 0.770703 0.342824 0.008594 0.019907
0 0.764193 0.344213 0.008594 0.019907
0 0.757682 0.345139 0.008594 0.019907
0 0.751432 0.346528 0.008594 0.019907
0 0.744661 0.347917 0.008594 0.019907
0 0.738411 0.348843 0.008594 0.019907
0 0.739974 0.368750 0.008594 0.019907
0 0.746745 0.366898 0.008594 0.019907
0 0.752995 0.365972 0.008594 0.019907
0 0.759766 0.365046 0.008594 0.019907
0 0.766016 0.364120 0.008594 0.019907
0 0.772786 0.361806 0.008594 0.019907
0 0.779297 0.360880 0.008594 0.019907
0 0.785807 0.359954 0.008594 0.019907
0 0.792578 0.358565 0.008594 0.019907
0 0.799349 0.357176 0.008594 0.019907
0 0.805859 0.355787 0.008594 0.019907
0 0.812630 0.354398 0.008594 0.019907
0 0.819141 0.353009 0.008594 0.019907
0 0.821745 0.372454 0.008594 0.019907
0 0.814974 0.373843 0.008594 0.019907
0 0.808203 0.375694 0.008594 0.019907
0 0.801693 0.377083 0.008594 0.019907
0 0.794922 0.378472 0.008594 0.019907
0 0.788151 0.379398 0.008594 0.019907
0 0.781901 0.380324 0.008594 0.019907
0 0.774870 0.381713 0.008594 0.019907
0 0.768359 0.382639 0.008594 0.019907
0 0.761589 0.384028 0.008594 0.019907
0 0.755339 0.384954 0.008594 0.019907
0 0.748568 0.386806 0.008594 0.019907
0 0.742318 0.388194 0.008594 0.019907
0 0.744401 0.409491 0.008594 0.019907
0 0.750651 0.408102 0.008594 0.019907
0 0.757422 0.406713 0.008594 0.019907
0 0.763932 0.405787 0.008594 0.019907
0 0.770964 0.404398 0.008594 0.019907
0 0.776953 0.403009 0.008594 0.019907
0 0.784245 0.401620 0.008594 0.019907
0 0.790755 0.400231 0.008594 0.019907
0 0.797266 0.399306 0.008594 0.019907
0 0.804036 0.397917 0.008594 0.019907
0 0.810547 0.396528 0.008594 0.019907
0 0.817578 0.395602 0.008594 0.019907
0 0.824609 0.394213 0.008594 0.019907
0 0.827214 0.414120 0.008594 0.019907
0 0.820182 0.415509 0.008594 0.019907
0 0.813411 0.416898 0.008594 0.019907
0 0.806380 0.418287 0.008594 0.019907
0 0.799609 0.418750 0.008594 0.019907
0 0.793099 0.420139 0.008594 0.019907
0 0.786328 0.421991 0.008594 0.019907
0 0.779297 0.422917 0.008594 0.019907
0 0.772786 0.424306 0.008594 0.019907
0 0.766276 0.425231 0.008594 0.019907
0 0.759766 0.426157 0.008594 0.019907
0 0.752734 0.427083 0.008594 0.019907
0 0.746224 0.429398 0.008594 0.019907
0 0.748307 0.451157 0.008594 0.019907
0 0.755078 0.449769 0.008594 0.019907
0 0.761589 0.448843 0.008594 0.019907
0 0.768620 0.447454 0.008594 0.019907
0 0.775130 0.445139 0.008594 0.019907
0 0.781641 0.444676 0.008594 0.019907
0 0.788672 0.443287 0.008594 0.019907
0 0.795703 0.442361 0.008594 0.019907
0 0.802214 0.441435 0.008594 0.019907
0 0.809505 0.440046 0.008594 0.019907
0 0.816016 0.438657 0.008594 0.019907
0 0.822786 0.437269 0.008594 0.019907
0 0.829818 0.435880 0.008594 0.019907
0 0.832422 0.457176 0.008594 0.019907
0 0.825391 0.458102 0.008594 0.019907
0 0.818620 0.459028 0.008594 0.019907
0 0.811589 0.460417 0.008594 0.019907
0 0.804818 0.461343 0.008594 0.019907
0 0.797786 0.462269 0.008594 0.019907
0 0.790755 0.463657 0.008594 0.019907
0 0.783984 0.465046 0.008594 0.019907
0 0.777214 0.466435 0.008594 0.019907
0 0.770443 0.467361 0.008594 0.019907
0 0.763672 0.468750 0.008594 0.019907
0 0.756901 0.469213 0.008594 0.019907
0 0.750130 0.470602 0.008594 0.019907
0 0.752214 0.493287 0.008594 0.021759
0 0.758984 0.492824 0.008594 0.021759
0 0.765755 0.491435 0.008594 0.021759
0 0.772526 0.490046 0.008594 0.021759
0 0.779557 0.488657 0.008594 0.021759
0 0.786328 0.488194 0.008594 0.021759
0 0.793359 0.486343 0.008594 0.021759
0 0.800391 0.485417 0.008594 0.021759
0 0.807161 0.484491 0.008594 0.021759
0 0.814193 0.483565 0.008594 0.021759
0 0.821224 0.482639 0.008594 0.021759
0 0.828255 0.480787 0.008594 0.021759
0 0.835286 0.480324 0.010156 0.022685
0 0.837891 0.501620 0.010156 0.022685
0 0.830859 0.503009 0.010156 0.022685
0 0.823568 0.503009 0.010156 0.022685
0 0.817057 0.504398 0.010156 0.022685
0 0.809766 0.506250 0.010156 0.022685
0 0.802734 0.506713 0.010156 0.022685
0 0.795703 0.508102 0.010156 0.022685
0 0.788932 0.509028 0.010156 0.022685
0 0.781120 0.510417 0.010156 0.022685
0 0.775130 0.511343 0.010156 0.022685
0 0.768099 0.512269 0.010156 0.022685
0 0.761328 0.513194 0.010156 0.022685
0 0.754297 0.514583 0.010156 0.022685
0 0.756380 0.536806 0.010156 0.022685
0 0.763672 0.535880 0.010156 0.022685
0 0.770443 0.534491 0.010156 0.022685
0 0.776953 0.534028 0.010156 0.022685
0 0.784245 0.532639 0.010156 0.022685
0 0.790755 0.531713 0.010156 0.022685
0 0.798307 0.530324 0.010156 0.022685
0 0.805339 0.529398 0.010156 0.022685
0 0.812109 0.528472 0.010156 0.022685
0 0.819141 0.528009 0.010156 0.022685
0 0.826432 0.525694 0.010156 0.022685
0 0.834245 0.524769 0.010156 0.022685
0 0.841146 0.524306 0.010417 0.023611
0 0.843750 0.546065 0.010417 0.023611
0 0.836198 0.547917 0.010417 0.023611
0 0.829167 0.548843 0.010417 0.023611
0 0.821875 0.549769 0.010417 0.023611
0 0.815104 0.550694 0.010417 0.023611
0 0.808073 0.551620 0.010417 0.023611
0 0.800260 0.552546 0.010417 0.023611
0 0.793490 0.553935 0.010417 0.023611
0 0.786458 0.554398 0.010417 0.023611
0 0.779167 0.555787 0.010417 0.023611
0 0.772917 0.557176 0.010417 0.023611
0 0.765625 0.557639 0.010417 0.023611
0 0.758594 0.559028 0.010417 0.023611
0 0.760677 0.583565 0.010417 0.023611
0 0.767969 0.581713 0.010417 0.023611
0 0.775000 0.580324 0.010417 0.023611
0 0.781510 0.579398 0.010417 0.023611
0 0.788802 0.578472 0.010417 0.023611
0 0.795833 0.576620 0.010417 0.023611
0 0.802604 0.576157 0.010417 0.023611
0 0.810156 0.575231 0.010417 0.023611
0 0.817448 0.574306 0.010417 0.023611
0 0.824740 0.572454 0.010417 0.023611
0 0.832031 0.571528 0.010417 0.023611
0 0.839583 0.570139 0.010417 0.023611
0 0.846615 0.569213 0.010417 0.023611
0 0.849740 0.591898 0.010417 0.023611
0 0.841927 0.592824 0.010417 0.023611
0 0.834635 0.593287 0.010417 0.023611
0 0.827865 0.596065 0.010417 0.023611
0 0.820312 0.596528 0.010417 0.023611
0 0.812760 0.597917 0.010417 0.023611
0 0.805729 0.597917 0.010417 0.023611
0 0.798958 0.598843 0.010417 0.023611
0 0.791667 0.600694 0.010417 0.023611
0 0.784375 0.601620 0.010417 0.023611
0 0.777083 0.603472 0.010417 0.023611
0 0.770312 0.603935 0.010417 0.023611
0 0.763021 0.604861 0.010417 0.023611
0 0.765625 0.628472 0.010417 0.023611
0 0.772135 0.627546 0.010417 0.023611
0 0.779427 0.626620 0.010417 0.023611
0 0.786458 0.626157 0.010417 0.023611
0 0.794010 0.625231 0.010417 0.023611
0 0.801042 0.623380 0.010417 0.023611
0 0.808854 0.622454 0.010417 0.023611
0 0.816406 0.621065 0.010417 0.023611
0 0.822917 0.620139 0.010417 0.023611
0 0.830208 0.619213 0.010417 0.023611
0 0.838021 0.618750 0.010417 0.023611
0 0.845313 0.617361 0.010417 0.023611
0 0.852344 0.615972 0.010417 0.023611
0 0.855729 0.640046 0.010417 0.023611
0 0.848177 0.640972 0.010417 0.023611
0 0.840885 0.641435 0.010417 0.023611
0 0.833333 0.642361 0.010417 0.023611
0 0.826042 0.643750 0.010417 0.023611
0 0.819010 0.644213 0.010417 0.023611
0 0.811458 0.646065 0.010417 0.023611
0 0.804167 0.646528 0.010417 0.023611
0 0.796615 0.647917 0.010417 0.023611
0 0.789323 0.648380 0.010417 0.023611
0 0.782292 0.649306 0.010417 0.023611
0 0.775000 0.650231 0.010417 0.023611
0 0.767969 0.651157 0.010417 0.023611
0 0.811458 0.202546 0.007812 0.018056
0 0.817187 0.203472 0.007812 0.018056
0 0.822656 0.203472 0.007812 0.018056
0 0.828646 0.204861 0.007812 0.018056
0 0.834115 0.205324 0.007812 0.018056
0 0.839583 0.206250 0.007812 0.018056
0 0.845313 0.207639 0.007812 0.018056
0 0.851042 0.208565 0.007812 0.018056
0 0.856250 0.209028 0.007812 0.018056
0 0.861979 0.209954 0.007812 0.018056
0 0.867448 0.210417 0.007812 0.018056
0 0.873177 0.211343 0.007812 0.018056
0 0.878906 0.212269 0.007812 0.018056
0 0.884375 0.213657 0.007812 0.018056
0 0.889583 0.214120 0.007812 0.018056
0 0.895312 0.215509 0.007812 0.018056
0 0.900521 0.215509 0.007812 0.018056
0 0.905990 0.216435 0.007812 0.018056
0 0.909115 0.233565 0.007812 0.018056
0 0.903646 0.232639 0.007812 0.018056
0 0.897917 0.232176 0.007812 0.018056
0 0.892448 0.231250 0.007812 0.018056
0 0.886979 0.230324 0.007812 0.018056
0 0.881250 0.229398 0.007812 0.018056
0 0.875781 0.228935 0.007812 0.018056
0 0.870573 0.228009 0.007812 0.018056
0 0.864062 0.227083 0.007812 0.018056
0 0.858854 0.227083 0.007812 0.018056
0 0.853125 0.226157 0.007812 0.018056
0 0.847656 0.224769 0.007812 0.018056
0 0.842187 0.223843 0.007812 0.018056
0 0.836719 0.223843 0.007812 0.018056
0 0.830729 0.222917 0.007812 0.018056
0 0.825000 0.221528 0.007812 0.018056
0 0.819271 0.220602 0.007812 0.018056
0 0.813802 0.220602 0.007812 0.018056
0 0.816146 0.238657 0.007812 0.018056
0 0.821875 0.239120 0.007812 0.018056
0 0.827344 0.240046 0.007812 0.018056
0 0.833333 0.240972 0.007812 0.018056
0 0.839063 0.242361 0.007812 0.018056
0 0.844271 0.242824 0.007812 0.018056
0 0.850000 0.243750 0.007812 0.018056
0 0.855990 0.244676 0.007812 0.018056
0 0.861458 0.245139 0.007812 0.018056
0 0.867188 0.246065 0.007812 0.018056
0 0.872917 0.246528 0.007812 0.018056
0 0.878646 0.247917 0.007812 0.018056
0 0.884115 0.248843 0.007812 0.018056
0 0.890104 0.249306 0.007812 0.018056
0 0.895312 0.250231 0.007812 0.018056
0 0.901302 0.250694 0.007812 0.018056
0 0.906510 0.251620 0.007812 0.018056
0 0.912240 0.252546 0.007812 0.018056
0 0.914844 0.270602 0.007812 0.018056
0 0.909635 0.269676 0.007812 0.018056
0 0.903646 0.269213 0.007812 0.018056
0 0.898177 0.268287 0.007812 0.018056
0 0.892448 0.267361 0.007812 0.018056
0 0.886719 0.266435 0.007812 0.018056
0 0.881250 0.265509 0.007812 0.018056
0 0.875260 0.265046 0.007812 0.018056
0 0.869792 0.264120 0.007812 0.018056
0 0.864323 0.263194 0.007812 0.018056
0 0.858594 0.262269 0.007812 0.018056
0 0.852865 0.261806 0.007812 0.018056
0 0.847135 0.260880 0.007812 0.018056
0 0.841406 0.260417 0.007812 0.018056
0 0.835677 0.259491 0.007812 0.018056
0 0.829688 0.258102 0.007812 0.018056
0 0.824479 0.256713 0.007812 0.018056
0 0.818229 0.256713 0.007812 0.018056
0 0.820833 0.277546 0.007812 0.018056
0 0.826562 0.277546 0.007812 0.018056
0 0.832292 0.278472 0.007812 0.018056
0 0.838281 0.278472 0.007812 0.018056
0 0.844271 0.279398 0.007812 0.018056
0 0.850000 0.280787 0.007812 0.018056
0 0.855729 0.280787 0.007812 0.018056
0 0.861198 0.281713 0.007812 0.018056
0 0.867188 0.282639 0.007812 0.018056
0 0.872917 0.283102 0.007812 0.018056
0 0.878646 0.284028 0.007812 0.018056
0 0.884375 0.285417 0.007812 0.018056
0 0.890104 0.285417 0.007812 0.018056
0 0.895312 0.286806 0.007812 0.018056
0 0.901042 0.287269 0.007812 0.018056
0 0.906771 0.287731 0.007812 0.018056
0 0.912500 0.288657 0.007812 0.018056
0 0.918229 0.289120 0.007812 0.018056
0 0.921094 0.307639 0.007812 0.018056
0 0.915104 0.306713 0.007812 0.018056
0 0.909896 0.306250 0.007812 0.018056
0 0.903646 0.305787 0.007812 0.018056
0 0.898438 0.304398 0.007812 0.018056
0 0.892708 0.303935 0.007812 0.018056
0 0.886979 0.303009 0.007812 0.018056
0 0.881250 0.302546 0.007812 0.018056
0 0.875521 0.301620 0.007812 0.018056
0 0.869531 0.301157 0.007812 0.018056
0 0.863802 0.300231 0.007812 0.018056
0 0.858333 0.299769 0.007812 0.018056
0 0.852604 0.298380 0.007812 0.018056
0 0.846354 0.297917 0.007812 0.018056
0 0.840885 0.296991 0.007812 0.018056
0 0.834896 0.296065 0.007812 0.018056
0 0.829167 0.295602 0.007812 0.018056
0 0.822917 0.294676 0.007812 0.018056
0 0.826042 0.315509 0.008854 0.020833
0 0.832031 0.316435 0.008854 0.020833
0 0.837760 0.316435 0.008854 0.020833
0 0.843490 0.317361 0.008854 0.020833
0 0.849219 0.317824 0.008854 0.020833
0 0.855208 0.318750 0.008854 0.020833
0 0.861198 0.319676 0.008854 0.020833
0 0.866667 0.320139 0.008854 0.020833
0 0.872656 0.321065 0.008854 0.020833
0 0.878385 0.321528 0.008854 0.020833
0 0.884635 0.322917 0.008854 0.020833
0 0.890104 0.323380 0.008854 0.020833
0 0.895833 0.323843 0.008854 0.020833
0 0.901563 0.324306 0.008854 0.020833
0 0.907552 0.324769 0.008854 0.020833
0 0.912760 0.326157 0.008854 0.020833
0 0.918490 0.326620 0.008854 0.020833
0 0.924479 0.327083 0.008854 0.020833
0 0.927604 0.346065 0.008854 0.020833
0 0.921875 0.345139 0.008854 0.020833
0 0.916146 0.345139 0.008854 0.020833
0 0.910156 0.343750 0.008854 0.020833
0 0.904687 0.343287 0.008854 0.020833
0 0.898698 0.342361 0.008854 0.020833
0 0.892969 0.341898 0.008854 0.020833
0 0.886979 0.341435 0.008854 0.020833
0 0.881510 0.340509 0.008854 0.020833
0 0.875521 0.339583 0.008854 0.020833
0 0.869792 0.339120 0.008854 0.020833
0 0.863802 0.338194 0.008854 0.020833
0 0.857812 0.336806 0.008854 0.020833
0 0.852083 0.336343 0.008854 0.020833
0 0.846354 0.336806 0.008854 0.020833
0 0.840625 0.335880 0.008854 0.020833
0 0.834635 0.335880 0.008854 0.020833
0 0.828385 0.334028 0.008854 0.020833
0 0.831250 0.355324 0.008854 0.020833
0 0.837500 0.356250 0.008854 0.020833
0 0.843490 0.356250 0.008854 0.020833
0 0.849479 0.356713 0.008854 0.020833
0 0.855469 0.357176 0.008854 0.020833
0 0.861198 0.358565 0.008854 0.020833
0 0.867188 0.359028 0.008854 0.020833
0 0.872917 0.359491 0.008854 0.020833
0 0.878906 0.360880 0.008854 0.020833
0 0.884896 0.361343 0.008854 0.020833
0 0.890625 0.362269 0.008854 0.020833
0 0.896094 0.363194 0.008854 0.020833
0 0.902344 0.364120 0.008854 0.020833
0 0.907813 0.365046 0.008854 0.020833
0 0.913802 0.365509 0.008854 0.020833
0 0.920052 0.365509 0.008854 0.020833
0 0.925521 0.366435 0.008854 0.020833
0 0.931250 0.367361 0.008854 0.020833
0 0.934375 0.386806 0.008854 0.020833
0 0.928646 0.385880 0.008854 0.020833
0 0.923177 0.385880 0.008854 0.020833
0 0.916667 0.385417 0.008854 0.020833
0 0.910937 0.384491 0.008854 0.020833
0 0.904948 0.384028 0.008854 0.020833
0 0.899740 0.383102 0.008854 0.020833
0 0.893490 0.381713 0.008854 0.020833
0 0.887240 0.381713 0.008854 0.020833
0 0.881510 0.380324 0.008854 0.020833
0 0.876042 0.379861 0.008854 0.020833
0 0.870052 0.378935 0.008854 0.020833
0 0.864062 0.378009 0.008854 0.020833
0 0.857552 0.377083 0.008854 0.020833
0 0.851823 0.376620 0.008854 0.020833
0 0.846094 0.376157 0.008854 0.020833
0 0.839844 0.375231 0.008854 0.020833
0 0.834115 0.375231 0.008854 0.020833
0 0.836719 0.394213 0.008854 0.020833
0 0.842708 0.395139 0.008854 0.020833
0 0.848437 0.395139 0.008854 0.020833
0 0.854688 0.396065 0.008854 0.020833
0 0.860417 0.396528 0.008854 0.020833
0 0.866406 0.396991 0.008854 0.020833
0 0.872917 0.397917 0.008854 0.020833
0 0.878125 0.398380 0.008854 0.020833
0 0.884896 0.399769 0.008854 0.020833
0 0.890625 0.400231 0.008854 0.020833
0 0.896875 0.401157 0.008854 0.020833
0 0.902344 0.402083 0.008854 0.020833
0 0.908073 0.402546 0.008854 0.020833
0 0.914062 0.403009 0.008854 0.020833
0 0.919792 0.403009 0.008854 0.020833
0 0.925781 0.404398 0.008854 0.020833
0 0.932031 0.406250 0.008854 0.020833
0 0.937760 0.405787 0.008854 0.020833
0 0.941146 0.426157 0.008854 0.020833
0 0.934635 0.425694 0.008854 0.020833
0 0.929167 0.425231 0.008854 0.020833
0 0.922917 0.424306 0.008854 0.020833
0 0.917188 0.423843 0.008854 0.020833
0 0.911458 0.422917 0.008854 0.020833
0 0.905469 0.422454 0.008854 0.020833
0 0.899219 0.421528 0.008854 0.020833
0 0.893750 0.420602 0.008854 0.020833
0 0.887240 0.420139 0.008854 0.020833
0 0.881510 0.419676 0.008854 0.020833
0 0.875521 0.418750 0.008854 0.020833
0 0.869010 0.417824 0.008854 0.020833
0 0.863281 0.416898 0.008854 0.020833
0 0.857292 0.415972 0.008854 0.020833
0 0.851042 0.415046 0.008854 0.020833
0 0.844792 0.415046 0.008854 0.020833
0 0.839063 0.413657 0.008854 0.020833
0 0.841927 0.435417 0.008854 0.020833
0 0.848177 0.435880 0.008854 0.020833
0 0.853906 0.436343 0.008854 0.020833
0 0.860156 0.438194 0.008854 0.020833
0 0.866667 0.438194 0.008854 0.020833
0 0.872135 0.439120 0.008854 0.020833
0 0.878125 0.440046 0.008854 0.020833
0 0.884635 0.440046 0.008854 0.020833
0 0.890365 0.440972 0.008854 0.020833
0 0.896615 0.441898 0.008854 0.020833
0 0.902865 0.442361 0.008854 0.020833
0 0.908854 0.443287 0.008854 0.020833
0 0.914844 0.443750 0.008854 0.020833
0 0.920573 0.444676 0.008854 0.020833
0 0.927083 0.445602 0.008854 0.020833
0 0.932813 0.446065 0.008854 0.020833
0 0.938542 0.446528 0.008854 0.020833
0 0.944531 0.446991 0.008854 0.020833
0 0.948177 0.467361 0.008854 0.020833
0 0.941927 0.466898 0.008854 0.020833
0 0.935677 0.466435 0.008854 0.020833
0 0.929688 0.465509 0.008854 0.020833
0 0.923698 0.465046 0.008854 0.020833
0 0.918229 0.464583 0.008854 0.020833
0 0.911458 0.463657 0.008854 0.020833
0 0.905990 0.463657 0.008854 0.020833
0 0.899740 0.462731 0.008854 0.020833
0 0.893490 0.462269 0.008854 0.020833
0 0.887500 0.461343 0.008854 0.020833
0 0.881510 0.460417 0.008854 0.020833
0 0.875521 0.459954 0.008854 0.020833
0 0.869271 0.458565 0.008854 0.020833
0 0.862760 0.458102 0.008854 0.020833
0 0.856771 0.457176 0.008854 0.020833
0 0.850781 0.456713 0.008854 0.020833
0 0.844531 0.456250 0.008854 0.020833
0 0.847396 0.479398 0.008854 0.020833
0 0.853646 0.479861 0.008854 0.020833
0 0.859896 0.480324 0.008854 0.020833
0 0.866146 0.480787 0.008854 0.020833
0 0.878255 0.481944 0.009635 0.021296
0 0.871615 0.480787 0.008854 0.020833
0 0.884766 0.483333 0.009635 0.021296
0 0.891016 0.483796 0.009635 0.021296
0 0.897005 0.484722 0.009635 0.021296
0 0.903255 0.485185 0.009635 0.021296
0 0.908984 0.485185 0.009635 0.021296
0 0.915234 0.486111 0.009635 0.021296
0 0.921484 0.487037 0.009635 0.021296
0 0.927474 0.487500 0.009635 0.021296
0 0.933203 0.488426 0.009635 0.021296
0 0.939974 0.489352 0.009635 0.021296
0 0.945703 0.488426 0.009635 0.021296
0 0.952214 0.489352 0.009635 0.021296
0 0.955469 0.511343 0.009375 0.021759
0 0.948958 0.510880 0.009375 0.021759
0 0.942708 0.510417 0.009375 0.021759
0 0.936719 0.509491 0.009375 0.021759
0 0.930729 0.508565 0.009375 0.021759
0 0.924479 0.508102 0.009375 0.021759
0 0.918229 0.507639 0.009375 0.021759
0 0.912500 0.506713 0.009375 0.021759
0 0.906250 0.506713 0.009375 0.021759
0 0.900260 0.505787 0.009375 0.021759
0 0.894271 0.505324 0.009375 0.021759
0 0.887500 0.505324 0.009375 0.021759
0 0.881250 0.503935 0.009375 0.021759
0 0.875000 0.503472 0.009375 0.021759
0 0.868490 0.503009 0.009375 0.021759
0 0.862370 0.502083 0.009115 0.021759
0 0.856641 0.500694 0.009115 0.021759
0 0.849609 0.500694 0.009115 0.021759
0 0.852734 0.523380 0.009115 0.021759
0 0.859505 0.523380 0.009115 0.021759
0 0.865234 0.523843 0.009115 0.021759
0 0.872005 0.524769 0.009115 0.021759
0 0.878255 0.524769 0.009115 0.021759
0 0.883984 0.525694 0.009115 0.021759
0 0.890755 0.526620 0.009115 0.021759
0 0.897005 0.527083 0.009115 0.021759
0 0.903255 0.528009 0.009115 0.021759
0 0.909245 0.528472 0.009115 0.021759
0 0.915234 0.528935 0.009115 0.021759
0 0.922005 0.529861 0.009115 0.021759
0 0.927995 0.530324 0.009115 0.021759
0 0.933984 0.531250 0.009115 0.021759
0 0.940234 0.531250 0.009115 0.021759
0 0.946484 0.532176 0.009115 0.021759
0 0.952734 0.532639 0.009115 0.021759
0 0.958724 0.532639 0.009115 0.021759
0 0.962109 0.555324 0.009115 0.021759
0 0.955859 0.554398 0.009115 0.021759
0 0.949870 0.553472 0.009115 0.021759
0 0.943620 0.553472 0.009115 0.021759
0 0.937630 0.552546 0.009115 0.021759
0 0.931380 0.552083 0.009115 0.021759
0 0.925391 0.551157 0.009115 0.021759
0 0.918620 0.550694 0.009115 0.021759
0 0.912370 0.550231 0.009115 0.021759
0 0.906380 0.549306 0.009115 0.021759
0 0.900130 0.548843 0.009115 0.021759
0 0.893880 0.548380 0.009115 0.021759
0 0.887630 0.547917 0.009115 0.021759
0 0.880859 0.547454 0.009115 0.021759
0 0.875130 0.546528 0.009115 0.021759
0 0.868880 0.546528 0.009115 0.021759
0 0.862109 0.545602 0.009115 0.021759
0 0.855859 0.545139 0.009115 0.021759
0 0.858724 0.568750 0.009115 0.021759
0 0.864974 0.569213 0.009115 0.021759
0 0.871745 0.569676 0.009115 0.021759
0 0.878255 0.570139 0.009115 0.021759
0 0.884766 0.571065 0.009115 0.021759
0 0.891016 0.571528 0.009115 0.021759
0 0.897526 0.572454 0.009115 0.021759
0 0.903516 0.572917 0.009115 0.021759
0 0.910286 0.573380 0.009115 0.021759
0 0.916536 0.573843 0.009115 0.021759
0 0.922266 0.574769 0.009115 0.021759
0 0.928776 0.574769 0.009115 0.021759
0 0.935026 0.576157 0.009115 0.021759
0 0.941016 0.576157 0.009115 0.021759
0 0.947526 0.577083 0.009115 0.021759
0 0.953516 0.577083 0.009115 0.021759
0 0.960026 0.578472 0.009115 0.021759
0 0.965755 0.578009 0.009115 0.021759
0 0.970182 0.600231 0.009635 0.022685
0 0.963672 0.600694 0.009635 0.022685
0 0.957943 0.599769 0.009635 0.022685
0 0.950911 0.599306 0.009635 0.022685
0 0.944922 0.598380 0.009635 0.022685
0 0.938932 0.597917 0.009635 0.022685
0 0.932161 0.597917 0.009635 0.022685
0 0.925911 0.597454 0.009635 0.022685
0 0.919401 0.596528 0.009635 0.022685
0 0.913411 0.595139 0.009635 0.022685
0 0.907161 0.595602 0.009635 0.022685
0 0.900651 0.594676 0.009635 0.022685
0 0.894141 0.594213 0.009635 0.022685
0 0.887891 0.593287 0.009635 0.022685
0 0.881380 0.592824 0.009635 0.022685
0 0.875130 0.591898 0.009635 0.022685
0 0.868359 0.591898 0.009635 0.022685
0 0.862109 0.591435 0.009635 0.022685
0 0.865234 0.616435 0.009635 0.022685
0 0.871745 0.617361 0.009635 0.022685
0 0.877995 0.617824 0.009635 0.022685
0 0.884766 0.618750 0.009635 0.022685
0 0.891016 0.618287 0.009635 0.022685
0 0.897526 0.618750 0.009635 0.022685
0 0.904036 0.619213 0.009635 0.022685
0 0.910547 0.620602 0.009635 0.022685
0 0.917318 0.621065 0.009635 0.022685
0 0.923568 0.621065 0.009635 0.022685
0 0.929557 0.621991 0.009635 0.022685
0 0.936328 0.622454 0.009635 0.022685
0 0.942318 0.622454 0.009635 0.022685
0 0.949089 0.623380 0.009635 0.022685
0 0.955078 0.623843 0.009635 0.022685
0 0.961589 0.624306 0.009635 0.022685
0 0.967318 0.624769 0.009635 0.022685
0 0.974089 0.624769 0.009635 0.022685
0 0.977734 0.648611 0.010156 0.023148
0 0.970964 0.648148 0.010156 0.023148
0 0.965234 0.647685 0.010156 0.023148
0 0.958724 0.646759 0.010156 0.023148
0 0.952474 0.645833 0.010156 0.023148
0 0.946484 0.646296 0.010156 0.023148
0 0.939974 0.644907 0.010156 0.023148
0 0.933203 0.644444 0.010156 0.023148
0 0.927214 0.644444 0.010156 0.023148
0 0.920443 0.643519 0.010156 0.023148
0 0.913932 0.643519 0.010156 0.023148
0 0.907682 0.643056 0.010156 0.023148
0 0.901432 0.642593 0.010156 0.023148
0 0.894661 0.642130 0.010156 0.023148
0 0.887891 0.641204 0.010156 0.023148
0 0.881120 0.640741 0.010156 0.023148
0 0.875130 0.639815 0.010156 0.023148
0 0.868880 0.639352 0.010156 0.023148
