0 0.830859 0.329398 0.017969 0.042130
0 0.843620 0.327083 0.017969 0.042130
0 0.856641 0.325694 0.017969 0.042130
0 0.869271 0.324769 0.019271 0.040278
0 0.882031 0.323843 0.019271 0.040278
0 0.834766 0.369213 0.017969 0.042130
0 0.848568 0.368287 0.017969 0.042130
0 0.861068 0.367824 0.017969 0.042130
0 0.874349 0.365972 0.017969 0.042130
0 0.886589 0.364583 0.017969 0.042130
0 0.876563 0.422454 0.019792 0.046759
0 0.889323 0.421528 0.019792 0.046759
0 0.904167 0.420602 0.019792 0.046759
0 0.886328 0.492130 0.022135 0.049074
0 0.900391 0.491898 0.021094 0.048611
0 0.914193 0.490509 0.021094 0.048611
0 0.334375 0.426620 0.025000 0.074537
0 0.355729 0.424769 0.025000 0.074537
0 0.377604 0.423843 0.025000 0.074537
0 0.400260 0.422454 0.025000 0.074537
0 0.421615 0.420602 0.025000 0.074537
0 0.442969 0.419676 0.025000 0.074537
0 0.464062 0.416435 0.025000 0.074537
0 0.485417 0.415046 0.025000 0.074537
0 0.507292 0.414120 0.025000 0.074537
0 0.528646 0.410417 0.025000 0.074537
0 0.550521 0.410880 0.025000 0.074537
0 0.571875 0.407639 0.025000 0.074537
0 0.593229 0.405787 0.025000 0.074537
0 0.615365 0.402083 0.025000 0.074537
0 0.636979 0.401620 0.025000 0.074537
0 0.658854 0.399769 0.025000 0.074537
0 0.680729 0.398380 0.025000 0.074537
0 0.703255 0.393750 0.026302 0.073611
0 0.725130 0.392824 0.026302 0.073611
0 0.746745 0.389583 0.026302 0.073611
0 0.768099 0.388194 0.028385 0.073611
0 0.790365 0.386806 0.028646 0.072685
0 0.332292 0.499769 0.025000 0.077315
0 0.354687 0.498843 0.025000 0.077315
0 0.376302 0.491898 0.025000 0.077315
0 0.398177 0.492824 0.025000 0.077315
0 0.421094 0.490046 0.025000 0.077315
0 0.442969 0.488657 0.025000 0.077315
0 0.464844 0.485880 0.025000 0.077315
0 0.486979 0.486343 0.025000 0.077315
0 0.508594 0.483102 0.025000 0.077315
0 0.531250 0.480787 0.025000 0.077315
0 0.552083 0.479398 0.025000 0.077315
0 0.573698 0.478935 0.025000 0.077315
0 0.596875 0.478009 0.025000 0.077315
0 0.618490 0.475231 0.025000 0.077315
0 0.641406 0.474074 0.026042 0.078704
0 0.663021 0.471296 0.026042 0.078704
0 0.685026 0.468750 0.029427 0.077315
0 0.707943 0.466435 0.029427 0.077315
0 0.730078 0.465046 0.029427 0.077315
0 0.752214 0.461343 0.029427 0.077315
0 0.773828 0.460880 0.029427 0.077315
0 0.797005 0.459028 0.029427 0.077315
0 0.331771 0.572454 0.025000 0.077315
0 0.354687 0.571528 0.025000 0.077315
0 0.377344 0.568750 0.025000 0.077315
0 0.398958 0.568287 0.025000 0.077315
0 0.736068 0.536806 0.027865 0.079167
0 0.757682 0.535417 0.027865 0.079167
0 0.780990 0.534722 0.029687 0.078704
0 0.802865 0.531019 0.029687 0.078704
0 0.331120 0.652083 0.025781 0.081944
0 0.354036 0.648380 0.025781 0.081944
0 0.376953 0.647917 0.025781 0.081944
0 0.399349 0.645139 0.025781 0.081944
0 0.422786 0.644213 0.025781 0.081944
0 0.444661 0.639120 0.025781 0.081944
0 0.467578 0.637269 0.025781 0.081944
0 0.490234 0.635417 0.025781 0.081944
0 0.512630 0.633565 0.025781 0.081944
0 0.534766 0.632176 0.025781 0.081944
0 0.557943 0.630787 0.025781 0.081944
0 0.580859 0.628009 0.025781 0.081944
0 0.604036 0.626157 0.027344 0.081019
0 0.626693 0.625231 0.027344 0.081019
0 0.650130 0.623380 0.027344 0.081019
0 0.673698 0.621065 0.028646 0.081019
0 0.695052 0.619213 0.028646 0.081019
0 0.718490 0.617361 0.028646 0.081019
0 0.742448 0.615046 0.028646 0.081019
0 0.765104 0.612269 0.028646 0.081019
0 0.787760 0.611343 0.028646 0.081019
0 0.810417 0.609259 0.030729 0.081481
0 0.331380 0.730787 0.025781 0.081944
0 0.354036 0.728472 0.025781 0.081944
0 0.376953 0.727546 0.025781 0.081944
0 0.399609 0.726157 0.025781 0.081944
0 0.423307 0.721528 0.025781 0.081944
0 0.447005 0.719676 0.025781 0.081944
0 0.469401 0.718287 0.025781 0.081944
0 0.492057 0.716435 0.025781 0.081944
0 0.515234 0.713889 0.027865 0.084259
0 0.537891 0.711574 0.027865 0.084259
0 0.561328 0.709259 0.027865 0.084259
0 0.584505 0.707407 0.027865 0.084259
0 0.608203 0.706944 0.027865 0.084259
0 0.632161 0.704630 0.027865 0.084259
0 0.654687 0.703241 0.031250 0.084259
0 0.678125 0.702546 0.030208 0.084722
0 0.701823 0.700231 0.030208 0.084722
0 0.723958 0.697917 0.030208 0.084722
0 0.747917 0.695139 0.030208 0.084722
0 0.771354 0.693287 0.030208 0.084722
0 0.794792 0.690509 0.030208 0.084722
0 0.817839 0.689352 0.029948 0.086111
