0 0.390365 0.157639 0.021354 0.058796
0 0.409896 0.158565 0.021354 0.058796
0 0.429167 0.158565 0.021354 0.058796
0 0.456510 0.158565 0.021354 0.058796
0 0.476562 0.159491 0.021354 0.058796
0 0.494792 0.159491 0.021354 0.058796
0 0.389453 0.215278 0.021094 0.062963
0 0.408333 0.216898 0.021875 0.064352
0 0.428385 0.216435 0.021875 0.064352
0 0.456771 0.217824 0.021875 0.064352
0 0.475521 0.217361 0.021875 0.064352
0 0.494792 0.217361 0.021875 0.064352
0 0.387500 0.277315 0.020833 0.063889
0 0.407552 0.278704 0.020833 0.063889
0 0.426563 0.277315 0.020833 0.063889
0 0.455729 0.279167 0.020833 0.063889
0 0.475781 0.278241 0.020833 0.063889
0 0.494792 0.278241 0.020833 0.063889
0 0.388672 0.367130 0.021094 0.064815
0 0.407943 0.367593 0.021094 0.064815
0 0.427734 0.368056 0.021094 0.064815
0 0.460026 0.366667 0.021094 0.064815
0 0.477995 0.368519 0.021094 0.064815
0 0.497005 0.368519 0.021094 0.064815
0 0.387370 0.429398 0.022135 0.064352
0 0.406901 0.430787 0.022135 0.064352
0 0.426172 0.430324 0.022135 0.064352
0 0.459245 0.429398 0.022135 0.064352
0 0.477995 0.429861 0.022135 0.064352
0 0.497266 0.429861 0.022135 0.064352
0 0.385677 0.493519 0.021875 0.065741
0 0.405859 0.493519 0.023177 0.067593
0 0.425651 0.491898 0.022656 0.065278
0 0.458203 0.492824 0.022656 0.065278
0 0.478255 0.491898 0.022656 0.065278
0 0.498047 0.493750 0.022656 0.065278
0 0.383594 0.560417 0.021875 0.068981
0 0.404427 0.559491 0.021875 0.068981
0 0.424219 0.558565 0.021875 0.068981
0 0.457813 0.559028 0.021875 0.068981
0 0.478125 0.560417 0.021875 0.068981
0 0.497656 0.558102 0.021875 0.068981
0 0.381901 0.628009 0.024219 0.074537
0 0.402214 0.627546 0.024219 0.074537
0 0.423307 0.627546 0.024219 0.074537
0 0.457161 0.626852 0.023698 0.074074
0 0.477995 0.627778 0.023698 0.074074
0 0.497526 0.626852 0.023698 0.074074
0 0.379167 0.700231 0.023438 0.072685
0 0.400651 0.699306 0.023698 0.074537
0 0.420964 0.700231 0.023698 0.074537
0 0.456641 0.699306 0.023698 0.074537
0 0.477214 0.698380 0.023698 0.074537
0 0.497526 0.698843 0.023698 0.074537
0 0.376693 0.775926 0.024219 0.076852
0 0.398047 0.775926 0.024219 0.076852
0 0.420443 0.775000 0.024219 0.076852
0 0.455599 0.774537 0.024219 0.076852
0 0.477474 0.775463 0.024219 0.076852
0 0.499349 0.774074 0.024219 0.076852
0 0.374609 0.852778 0.025781 0.079630
0 0.397396 0.851620 0.025521 0.077315
0 0.419010 0.853009 0.025521 0.077315
0 0.440755 0.852546 0.025260 0.081944
0 0.463411 0.853935 0.025260 0.081944
0 0.372005 0.932639 0.025781 0.081944
0 0.394401 0.932176 0.025781 0.081944
0 0.416276 0.931713 0.025781 0.081944
0 0.438411 0.932639 0.025781 0.081944
