0 0.168490 0.607407 0.048958 0.097222
0 0.199740 0.611111 0.048958 0.097222
0 0.230339 0.618519 0.046094 0.097222
0 0.260286 0.623611 0.045573 0.100000
0 0.291927 0.628704 0.045312 0.098148
0 0.320703 0.634722 0.042448 0.095370
0 0.350260 0.639583 0.041146 0.095833
0 0.380599 0.643056 0.039323 0.095370
0 0.144141 0.734722 0.049219 0.106481
0 0.176302 0.738194 0.050000 0.106944
0 0.208203 0.744213 0.047656 0.106944
0 0.240495 0.749769 0.048177 0.109722
0 0.272005 0.753241 0.045573 0.104630
0 0.304948 0.758102 0.046875 0.105093
0 0.336458 0.762731 0.046875 0.105093
0 0.367969 0.768287 0.046875 0.105093
0 0.465234 0.496065 0.059635 0.056944
0 0.462109 0.530787 0.060156 0.056944
0 0.458333 0.573380 0.062500 0.058796
0 0.454167 0.621991 0.061979 0.059722
0 0.450521 0.668981 0.063021 0.062037
0 0.446484 0.719444 0.064844 0.063889
0 0.442578 0.775463 0.064844 0.069444
0 0.437240 0.823611 0.070833 0.071296
0 0.433073 0.886574 0.070833 0.071296
0 0.520964 0.509722 0.058594 0.056481
0 0.518359 0.551852 0.058594 0.056481
0 0.514974 0.593750 0.059115 0.058796
0 0.511849 0.640972 0.059635 0.061574
0 0.509896 0.687500 0.061979 0.060185
0 0.506901 0.734954 0.064844 0.067130
0 0.504557 0.788426 0.065365 0.069444
0 0.500521 0.841898 0.066667 0.075463
0 0.498177 0.900231 0.068750 0.075463
