0 0.178255 0.176620 0.057031 0.034722
0 0.175130 0.207176 0.060677 0.034722
0 0.172266 0.237731 0.060677 0.034722
0 0.168620 0.266898 0.061198 0.032870
0 0.164062 0.299769 0.064062 0.039352
0 0.159635 0.333102 0.066667 0.038426
0 0.155859 0.368287 0.066927 0.042130
0 0.151302 0.405556 0.068750 0.045370
0 0.145573 0.445370 0.068750 0.045370
0 0.139844 0.487037 0.070312 0.046296
0 0.133333 0.529398 0.073438 0.054167
0 0.128516 0.575926 0.073698 0.059259
0 0.120703 0.625000 0.076823 0.062037
0 0.115755 0.675231 0.083073 0.063426
0 0.107552 0.733796 0.086458 0.072222
0 0.101302 0.791667 0.086458 0.072222
0 0.229687 0.203935 0.055729 0.034722
0 0.226562 0.233565 0.055729 0.034722
0 0.224349 0.262037 0.058073 0.037037
0 0.220964 0.293056 0.058073 0.037037
0 0.219141 0.328009 0.062240 0.043056
0 0.215234 0.361806 0.064844 0.043056
0 0.213542 0.400463 0.067708 0.049074
0 0.210156 0.437963 0.067708 0.049074
0 0.206380 0.478009 0.069010 0.051389
0 0.202214 0.520370 0.070573 0.051852
0 0.198568 0.569213 0.072656 0.056944
0 0.194922 0.617361 0.074740 0.063426
0 0.189193 0.667824 0.079427 0.067130
0 0.184766 0.722917 0.079948 0.068981
0 0.180339 0.780556 0.084635 0.071296
0 0.176563 0.838194 0.086979 0.079167
0 0.231250 0.174769 0.054688 0.030093
0 0.286719 0.173148 0.052604 0.033333
0 0.286979 0.197685 0.052604 0.033333
0 0.285026 0.229398 0.058073 0.034722
0 0.282552 0.257870 0.057292 0.037963
0 0.280469 0.290741 0.059896 0.038889
0 0.278906 0.321296 0.059896 0.038889
0 0.278255 0.358565 0.061719 0.039352
0 0.276953 0.393056 0.062240 0.045370
0 0.276562 0.434028 0.066667 0.049537
0 0.274740 0.469676 0.066667 0.049537
0 0.273177 0.516204 0.066146 0.056481
0 0.270052 0.559491 0.068750 0.057870
0 0.268620 0.605787 0.071615 0.057870
0 0.264844 0.654861 0.075000 0.063426
0 0.263151 0.712037 0.077865 0.067593
0 0.260937 0.766204 0.078646 0.069444
0 0.257552 0.830093 0.082812 0.079630
0 0.338411 0.168750 0.051823 0.029167
0 0.338281 0.196296 0.052604 0.034259
0 0.338542 0.219444 0.052604 0.034259
0 0.338802 0.252778 0.052604 0.034259
0 0.338281 0.283333 0.055208 0.033333
0 0.338542 0.316435 0.056771 0.035648
0 0.338021 0.350694 0.056771 0.042130
0 0.337630 0.384954 0.058073 0.038426
0 0.339323 0.423611 0.061458 0.037963
0 0.339062 0.462500 0.061979 0.037037
0 0.340495 0.505324 0.066406 0.037500
0 0.339323 0.551620 0.067187 0.049537
0 0.339583 0.597917 0.070833 0.057870
0 0.338021 0.646528 0.070833 0.057870
0 0.337500 0.700231 0.071875 0.062500
0 0.337760 0.754861 0.074479 0.068056
0 0.393359 0.164352 0.050781 0.029630
0 0.393750 0.193056 0.052604 0.029630
0 0.394531 0.220833 0.052604 0.029630
0 0.396745 0.250231 0.054948 0.034722
0 0.397786 0.281250 0.054948 0.034722
0 0.400651 0.313657 0.058073 0.035648
0 0.401562 0.344676 0.058854 0.038426
0 0.403646 0.382639 0.058854 0.038426
0 0.406380 0.418750 0.060156 0.039352
0 0.407682 0.457639 0.060677 0.048611
0 0.410417 0.496991 0.063542 0.055093
0 0.411458 0.541435 0.063542 0.055093
0 0.412630 0.590046 0.070052 0.062500
0 0.416016 0.634954 0.070052 0.062500
0 0.417578 0.686806 0.070052 0.062500
0 0.420182 0.742361 0.074219 0.068056
0 0.442839 0.163194 0.054427 0.031019
0 0.445703 0.188657 0.054427 0.031019
0 0.447005 0.217361 0.054427 0.031019
0 0.449870 0.246528 0.054427 0.031019
0 0.452083 0.275463 0.055208 0.037037
0 0.455208 0.308333 0.055208 0.037037
0 0.459245 0.341667 0.057552 0.036111
0 0.460807 0.377315 0.060156 0.043519
0 0.464844 0.414583 0.063542 0.044907
0 0.467969 0.452083 0.063542 0.044907
0 0.471354 0.491667 0.063021 0.048148
0 0.475651 0.534491 0.067448 0.050463
0 0.479557 0.577546 0.067448 0.055093
0 0.484245 0.625463 0.069531 0.056481
0 0.488021 0.675926 0.073438 0.061111
0 0.492188 0.728472 0.080208 0.071759
0 0.495052 0.791435 0.080208 0.066204
0 0.494141 0.156944 0.052865 0.032407
0 0.497526 0.185648 0.052865 0.032407
0 0.500651 0.215278 0.052865 0.032407
0 0.505078 0.241667 0.056510 0.036111
0 0.508464 0.272685 0.056510 0.036111
0 0.511719 0.304398 0.058333 0.039352
0 0.522135 0.372454 0.060937 0.041204
0 0.526823 0.407176 0.060937 0.041204
0 0.530859 0.441435 0.063281 0.046759
0 0.543229 0.527083 0.069271 0.050463
0 0.547135 0.568750 0.069271 0.050463
0 0.553255 0.614815 0.070573 0.053704
0 0.560286 0.664815 0.074740 0.062037
0 0.568880 0.718981 0.079427 0.064815
0 0.576042 0.776389 0.082812 0.072222
0 0.542839 0.154398 0.051823 0.030093
0 0.547266 0.180556 0.055469 0.032407
0 0.549870 0.210648 0.055469 0.032407
0 0.555599 0.236111 0.055469 0.032407
0 0.559766 0.267130 0.055469 0.032407
0 0.566797 0.296991 0.059115 0.041204
0 0.576953 0.363194 0.059115 0.041204
0 0.583203 0.398843 0.064844 0.047685
0 0.590234 0.435417 0.064844 0.047685
0 0.602083 0.513426 0.067187 0.050926
0 0.611979 0.561574 0.072396 0.053704
0 0.620313 0.606019 0.073958 0.056481
0 0.629687 0.654630 0.073958 0.056481
0 0.637500 0.706019 0.076563 0.060185
0 0.646094 0.762500 0.081250 0.070370
0 0.594792 0.150000 0.052604 0.030556
0 0.598437 0.177315 0.052604 0.030556
0 0.603646 0.203009 0.055729 0.038426
0 0.608854 0.233565 0.055729 0.038426
0 0.614062 0.262269 0.055729 0.038426
0 0.621094 0.291898 0.055729 0.038426
0 0.629427 0.324074 0.063021 0.039815
0 0.633594 0.357870 0.063021 0.039815
0 0.641927 0.392130 0.063021 0.039815
0 0.649740 0.429167 0.067187 0.042593
0 0.658073 0.468056 0.067187 0.050000
0 0.668099 0.506481 0.070052 0.050000
0 0.677214 0.553241 0.073177 0.054630
0 0.687891 0.599074 0.073177 0.054630
0 0.698828 0.646296 0.075781 0.061111
0 0.711328 0.695833 0.083594 0.062037
0 0.719271 0.753935 0.084375 0.077315
0 0.640234 0.145833 0.054427 0.034259
0 0.645964 0.175000 0.054427 0.034259
0 0.652214 0.199537 0.054427 0.034259
0 0.659115 0.227083 0.056771 0.035648
0 0.665625 0.256250 0.056771 0.035648
0 0.673698 0.286343 0.056771 0.035648
0 0.681771 0.318750 0.061979 0.037500
0 0.688411 0.350231 0.065885 0.040278
0 0.697786 0.385880 0.065885 0.040278
0 0.707682 0.424537 0.066406 0.048148
0 0.718099 0.462037 0.066406 0.048148
0 0.727344 0.500000 0.073438 0.046296
0 0.738151 0.542593 0.079427 0.052778
0 0.750781 0.589815 0.077604 0.059259
0 0.764062 0.638426 0.077604 0.059259
0 0.777083 0.685417 0.077083 0.065278
0 0.790885 0.738889 0.083854 0.068519
0 0.691536 0.143287 0.055990 0.030093
0 0.698828 0.170139 0.055990 0.030093
0 0.704036 0.195602 0.055990 0.030093
0 0.713672 0.224537 0.060156 0.031481
0 0.718229 0.253472 0.063542 0.032870
0 0.729948 0.282176 0.063542 0.032870
0 0.737500 0.311806 0.064583 0.035648
0 0.779427 0.448611 0.070833 0.041667
0 0.789844 0.488889 0.075000 0.046296
0 0.801172 0.531713 0.080469 0.054167
0 0.816536 0.575231 0.079948 0.059722
0 0.835156 0.625231 0.079687 0.060648
0 0.848047 0.674074 0.079427 0.064815
0 0.864453 0.724306 0.081510 0.068056
0 0.737500 0.140509 0.054688 0.032870
0 0.744271 0.164583 0.054688 0.032870
0 0.752083 0.190509 0.054688 0.032870
0 0.763672 0.221065 0.064323 0.036574
0 0.773568 0.246991 0.064323 0.036574
0 0.781380 0.278009 0.064323 0.036574
0 0.778516 0.308102 0.037240 0.038426
0 0.835417 0.441667 0.069792 0.043519
0 0.847526 0.484259 0.076823 0.050000
0 0.866016 0.525000 0.078385 0.054630
0 0.878255 0.568981 0.077344 0.062963
0 0.896875 0.614583 0.081250 0.063426
0 0.912500 0.662037 0.079167 0.062963
