0 0.332682 0.256944 0.044010 0.029630
0 0.375130 0.259491 0.045573 0.030093
0 0.417839 0.265046 0.043490 0.027315
0 0.329818 0.281481 0.044010 0.029630
0 0.327083 0.308565 0.044792 0.029167
0 0.323698 0.337269 0.044271 0.031019
0 0.320052 0.365509 0.044271 0.031019
0 0.315625 0.394676 0.044271 0.031019
0 0.298828 0.522222 0.049740 0.037037
0 0.295182 0.557407 0.050260 0.037963
0 0.287760 0.593750 0.051042 0.037500
0 0.283984 0.633102 0.050781 0.039352
0 0.278385 0.669676 0.052604 0.040278
0 0.271615 0.710880 0.052083 0.043981
0 0.266146 0.752315 0.053646 0.043519
0 0.375260 0.231713 0.042708 0.028241
0 0.371224 0.284259 0.041406 0.030556
0 0.367448 0.311806 0.042708 0.031944
0 0.364844 0.340972 0.042708 0.031944
0 0.362760 0.369676 0.042708 0.031944
0 0.359115 0.399769 0.044792 0.033796
0 0.344792 0.528704 0.047396 0.036111
0 0.340234 0.565278 0.048698 0.035185
0 0.335156 0.599769 0.048438 0.038426
0 0.330990 0.637963 0.050000 0.038889
0 0.327083 0.676852 0.050000 0.039815
0 0.321875 0.715972 0.049479 0.043056
0 0.315885 0.759954 0.053125 0.046759
0 0.419531 0.237500 0.041146 0.027778
0 0.416536 0.290972 0.043490 0.027315
0 0.413411 0.317824 0.043490 0.027315
0 0.411328 0.346065 0.044531 0.030093
0 0.409505 0.374769 0.044531 0.030093
0 0.406901 0.405324 0.044531 0.031944
0 0.402995 0.435648 0.045573 0.033333
0 0.400651 0.467130 0.046094 0.036111
0 0.398568 0.500926 0.046094 0.036111
0 0.394922 0.535648 0.046094 0.036111
0 0.391797 0.568519 0.047656 0.040741
0 0.387630 0.605556 0.047656 0.040741
0 0.384115 0.644676 0.051042 0.042130
0 0.380469 0.683102 0.051042 0.042130
0 0.375781 0.724074 0.053125 0.042593
0 0.370052 0.767130 0.053125 0.042593
0 0.456510 0.244444 0.041667 0.032407
0 0.456771 0.272454 0.040625 0.031019
0 0.454688 0.298380 0.040625 0.031019
0 0.452865 0.323843 0.040625 0.031019
0 0.451823 0.353009 0.040625 0.031019
0 0.450000 0.382176 0.040625 0.031019
0 0.447917 0.413657 0.040625 0.031019
0 0.446094 0.442824 0.040625 0.031019
0 0.443880 0.474074 0.040885 0.033333
0 0.442057 0.508796 0.044531 0.033333
0 0.439583 0.541204 0.045312 0.035185
0 0.436979 0.576389 0.045312 0.035185
0 0.435417 0.613194 0.047396 0.037500
0 0.432292 0.650694 0.047396 0.037500
0 0.428516 0.690046 0.049219 0.039352
0 0.425521 0.731250 0.050000 0.044907
0 0.422135 0.774306 0.050000 0.044907
0 0.497396 0.278009 0.039062 0.030093
0 0.498177 0.247917 0.039062 0.030093
0 0.496354 0.303472 0.039062 0.030093
0 0.495833 0.331250 0.039062 0.030093
0 0.493490 0.360417 0.039062 0.030093
0 0.492708 0.388657 0.039062 0.030093
0 0.490625 0.453472 0.043750 0.032870
0 0.489063 0.481250 0.043750 0.032870
0 0.488021 0.513657 0.043750 0.032870
0 0.484896 0.582176 0.043750 0.032870
0 0.483073 0.620370 0.046875 0.037037
0 0.481250 0.656944 0.046875 0.040741
0 0.479427 0.697685 0.046875 0.040741
0 0.477995 0.737731 0.049219 0.043056
0 0.475391 0.779861 0.049219 0.043056
0 0.538021 0.253704 0.038542 0.027778
0 0.536328 0.278935 0.038281 0.030093
0 0.535807 0.305324 0.038281 0.030093
0 0.536068 0.332639 0.038281 0.030093
0 0.535286 0.361343 0.038281 0.030093
0 0.534896 0.391898 0.041146 0.028241
0 0.532943 0.453472 0.042448 0.031019
0 0.533073 0.483796 0.042188 0.032407
0 0.531250 0.516667 0.042188 0.032407
0 0.530859 0.584954 0.046094 0.036574
0 0.530339 0.623380 0.046094 0.036574
0 0.529036 0.660880 0.046094 0.039352
0 0.527734 0.702315 0.047656 0.039815
0 0.526172 0.743519 0.047656 0.039815
0 0.526693 0.785648 0.052344 0.046296
0 0.579167 0.259954 0.038542 0.031019
0 0.578646 0.283565 0.038542 0.031019
0 0.578646 0.313657 0.038542 0.031019
0 0.578385 0.340972 0.038542 0.031019
0 0.578906 0.368287 0.040104 0.030093
0 0.578906 0.396991 0.040104 0.030093
0 0.578906 0.427083 0.041146 0.031944
0 0.578906 0.460880 0.041146 0.031944
0 0.579297 0.490046 0.042969 0.033796
0 0.578906 0.524306 0.043750 0.036574
0 0.578646 0.558102 0.043750 0.036574
0 0.579427 0.593287 0.043750 0.036574
0 0.579688 0.630787 0.047917 0.039352
0 0.580469 0.669213 0.047917 0.039352
0 0.579167 0.709491 0.047917 0.039352
0 0.579036 0.750463 0.048698 0.042593
0 0.580078 0.791204 0.048698 0.042593
0 0.619010 0.290046 0.039062 0.029167
0 0.619531 0.315509 0.039062 0.029167
0 0.619010 0.344676 0.039062 0.029167
0 0.619401 0.372454 0.040365 0.031019
0 0.620833 0.402083 0.043229 0.031944
0 0.621354 0.431250 0.043229 0.031944
0 0.622656 0.464583 0.043229 0.031944
0 0.623437 0.496065 0.043229 0.031944
0 0.623698 0.529630 0.045312 0.033333
0 0.625260 0.563889 0.045312 0.033333
0 0.625911 0.599537 0.046094 0.035185
0 0.627083 0.635880 0.047917 0.040278
0 0.627865 0.674306 0.047917 0.040278
0 0.628385 0.713657 0.047917 0.040278
0 0.630339 0.756481 0.050260 0.044444
0 0.631641 0.799537 0.050260 0.044444
0 0.663542 0.293519 0.041667 0.033333
0 0.665104 0.320370 0.041667 0.033333
0 0.665885 0.349537 0.041667 0.033333
0 0.667448 0.377315 0.041667 0.033333
0 0.667708 0.407407 0.041667 0.033333
0 0.669010 0.438889 0.041667 0.033333
0 0.670443 0.466898 0.042969 0.036574
0 0.672135 0.502315 0.044792 0.030556
0 0.672917 0.535648 0.048438 0.037037
0 0.675000 0.569907 0.048438 0.037037
0 0.676823 0.606019 0.048438 0.037037
0 0.677604 0.644444 0.048438 0.037037
0 0.679036 0.683102 0.049219 0.039352
0 0.682422 0.721991 0.050260 0.042130
0 0.682813 0.765046 0.050000 0.046759
0 0.685417 0.807176 0.050000 0.046759
0 0.701172 0.272685 0.041406 0.031481
0 0.703255 0.298380 0.041406 0.029167
0 0.705599 0.328935 0.041406 0.029167
0 0.706120 0.353472 0.041406 0.029167
0 0.707682 0.384028 0.041406 0.029167
0 0.710286 0.413194 0.041406 0.029167
0 0.711589 0.443287 0.041406 0.029167
0 0.713932 0.473380 0.047135 0.032870
0 0.717578 0.507176 0.047135 0.032870
0 0.720052 0.540509 0.047917 0.034722
0 0.721094 0.576157 0.048438 0.035648
0 0.724479 0.611806 0.049479 0.037500
0 0.726693 0.650694 0.051823 0.041204
0 0.727995 0.689120 0.051823 0.041204
0 0.730599 0.727083 0.052865 0.043981
0 0.733724 0.769907 0.052344 0.046296
0 0.736589 0.814352 0.052344 0.046296
0 0.741536 0.276620 0.041406 0.028241
0 0.743359 0.305324 0.041406 0.028241
0 0.745703 0.329861 0.041406 0.028241
0 0.748958 0.360880 0.044792 0.031019
0 0.751302 0.387269 0.044792 0.031019
0 0.754167 0.418750 0.044792 0.031019
0 0.757292 0.448843 0.044792 0.031019
0 0.758594 0.480324 0.044792 0.031019
0 0.762500 0.514583 0.043750 0.033796
0 0.766927 0.546759 0.045833 0.036111
0 0.769271 0.583565 0.048958 0.034722
0 0.772005 0.619907 0.048698 0.039815
0 0.776693 0.656713 0.049740 0.043056
0 0.778516 0.696065 0.049740 0.043056
0 0.782161 0.736574 0.051302 0.045370
0 0.789323 0.821065 0.051562 0.045833
0 0.786068 0.778241 0.051302 0.045370
0 0.784245 0.306944 0.042448 0.032407
0 0.787891 0.335185 0.042448 0.031481
0 0.790755 0.362963 0.042448 0.031481
0 0.792839 0.392593 0.042448 0.031481
0 0.796224 0.422222 0.042448 0.031481
0 0.799349 0.455093 0.043490 0.032407
0 0.803646 0.485185 0.044792 0.035185
0 0.807813 0.517593 0.044792 0.035185
0 0.811068 0.552083 0.047135 0.036574
0 0.813672 0.587269 0.047135 0.036574
0 0.818359 0.626157 0.047135 0.036574
0 0.822917 0.662731 0.048438 0.035648
0 0.826432 0.700694 0.051302 0.040278
0 0.832161 0.743056 0.051823 0.043519
0 0.836328 0.783796 0.051823 0.043519
0 0.841536 0.826852 0.051823 0.043519
