0 0.532813 0.167130 0.022396 0.047222
0 0.551432 0.166204 0.023177 0.047222
0 0.570182 0.164352 0.023177 0.047222
0 0.588542 0.162963 0.025000 0.047222
0 0.516146 0.212269 0.023438 0.047685
0 0.536068 0.210880 0.024219 0.048611
0 0.554818 0.209954 0.024219 0.048611
0 0.574219 0.208333 0.024479 0.049074
0 0.593490 0.206944 0.024479 0.049074
0 0.486198 0.262963 0.023438 0.052778
0 0.505990 0.260185 0.023438 0.052778
0 0.525781 0.259722 0.024479 0.052778
0 0.558594 0.257870 0.024479 0.052778
0 0.578906 0.255556 0.024479 0.052778
0 0.599089 0.253472 0.026302 0.052315
0 0.488672 0.313426 0.023698 0.054630
0 0.509766 0.311806 0.024740 0.056019
0 0.529687 0.309954 0.025521 0.056944
0 0.563281 0.307176 0.025521 0.056944
0 0.583594 0.304630 0.027083 0.059259
0 0.604297 0.303935 0.028385 0.058796
0 0.491146 0.365972 0.025521 0.057870
0 0.511719 0.364583 0.026562 0.058796
0 0.532813 0.362731 0.026562 0.058796
0 0.568229 0.359491 0.026562 0.058796
0 0.589063 0.357407 0.028125 0.058333
0 0.609896 0.356481 0.028125 0.058333
0 0.494010 0.423380 0.026042 0.060648
0 0.515234 0.421065 0.026302 0.062500
0 0.536849 0.418750 0.026302 0.062500
0 0.572917 0.417130 0.027604 0.063889
0 0.594531 0.414815 0.027604 0.063889
0 0.616406 0.411343 0.029167 0.061574
0 0.495964 0.482639 0.026823 0.064352
0 0.519531 0.480787 0.027604 0.066204
0 0.541406 0.479398 0.027604 0.066204
0 0.578906 0.475463 0.028646 0.065741
0 0.600651 0.474074 0.030469 0.066667
0 0.623698 0.470833 0.030208 0.065741
0 0.500000 0.546991 0.027604 0.068981
0 0.522526 0.544907 0.029427 0.069444
0 0.546224 0.542593 0.029427 0.069444
0 0.584245 0.538657 0.030469 0.068981
0 0.607682 0.537037 0.031510 0.069444
0 0.631120 0.535185 0.032552 0.069444
0 0.502474 0.607176 0.027865 0.056944
0 0.526042 0.604398 0.028646 0.056944
0 0.550260 0.603009 0.028646 0.056944
0 0.590104 0.599306 0.030208 0.057870
0 0.614323 0.596991 0.030208 0.057870
0 0.638021 0.595139 0.030208 0.057870
0 0.509635 0.673380 0.031250 0.081944
0 0.535677 0.671528 0.031250 0.081944
0 0.562240 0.667824 0.032813 0.080093
0 0.600651 0.665046 0.035156 0.082870
0 0.627604 0.663194 0.035937 0.081944
0 0.654557 0.660417 0.037760 0.080093
0 0.512891 0.758102 0.032552 0.089352
0 0.541016 0.755093 0.034115 0.088889
0 0.568620 0.752315 0.034115 0.088889
0 0.608984 0.748380 0.037240 0.088426
0 0.636719 0.746065 0.037500 0.090278
0 0.663932 0.743981 0.037240 0.088889
0 0.516536 0.849769 0.035677 0.096759
0 0.547266 0.846991 0.035677 0.096759
0 0.575651 0.844213 0.035677 0.096759
0 0.617318 0.839120 0.037760 0.095833
0 0.646354 0.835417 0.038542 0.095833
0 0.675391 0.833102 0.039844 0.095833
