0 0.239323 0.243981 0.044271 0.053704
0 0.222917 0.266667 0.044271 0.053704
0 0.206771 0.290509 0.046354 0.056019
0 0.189714 0.313889 0.046615 0.057407
0 0.267839 0.273843 0.045573 0.056019
0 0.251563 0.296759 0.047396 0.057407
0 0.235156 0.321296 0.048958 0.058333
0 0.219141 0.345833 0.049219 0.059259
0 0.200260 0.371296 0.047396 0.063889
0 0.298177 0.305093 0.046875 0.056481
0 0.281901 0.328935 0.048698 0.058796
0 0.265625 0.354398 0.048958 0.061574
0 0.238151 0.397685 0.048698 0.062963
0 0.220182 0.425000 0.049740 0.063889
0 0.202604 0.451389 0.051042 0.065741
0 0.330339 0.336574 0.048177 0.059259
0 0.314714 0.362037 0.047135 0.062037
0 0.297917 0.388657 0.050521 0.065278
0 0.269271 0.432639 0.050521 0.065278
0 0.251302 0.461806 0.052083 0.068981
0 0.234375 0.490741 0.051562 0.068519
0 0.363802 0.371065 0.048958 0.062500
0 0.347135 0.396991 0.052083 0.063426
0 0.330859 0.424074 0.051302 0.065741
0 0.302474 0.470602 0.052344 0.069907
0 0.284505 0.499306 0.052344 0.069907
0 0.267188 0.530556 0.053125 0.074074
0 0.397786 0.405556 0.050781 0.066667
0 0.382812 0.433102 0.053646 0.067130
0 0.366927 0.462269 0.054167 0.068981
0 0.338151 0.510648 0.054948 0.073148
0 0.320443 0.540972 0.055469 0.075463
0 0.302995 0.572222 0.054948 0.076852
0 0.434505 0.442593 0.050781 0.066667
0 0.419271 0.471065 0.053646 0.070833
0 0.402604 0.500926 0.054688 0.072222
0 0.375130 0.551157 0.056510 0.075463
0 0.357682 0.582870 0.057552 0.076852
0 0.339193 0.615972 0.057552 0.081019
0 0.472135 0.479630 0.054167 0.070370
0 0.456771 0.509722 0.054167 0.070370
0 0.441016 0.540972 0.055469 0.073611
0 0.413672 0.593981 0.057031 0.078704
0 0.395443 0.627546 0.058594 0.081944
0 0.378385 0.661806 0.059375 0.083796
0 0.509375 0.517361 0.051042 0.065278
0 0.493750 0.549074 0.052083 0.070370
0 0.478125 0.580093 0.052083 0.070370
0 0.451302 0.635185 0.053646 0.076852
0 0.434115 0.669907 0.054688 0.079630
0 0.415365 0.707407 0.054688 0.079630
0 0.559766 0.537500 0.060156 0.078704
0 0.543750 0.571528 0.060937 0.082870
0 0.527474 0.606481 0.062760 0.084259
0 0.502604 0.659722 0.063542 0.090741
0 0.485547 0.696991 0.063802 0.094907
0 0.467057 0.736806 0.063802 0.095833
0 0.605859 0.582870 0.062240 0.081481
0 0.590234 0.618287 0.064323 0.087500
0 0.573438 0.656250 0.066667 0.089352
0 0.550651 0.712500 0.067448 0.095370
0 0.533073 0.752315 0.067708 0.100000
0 0.514193 0.794676 0.068490 0.102315
0 0.655339 0.630556 0.065885 0.087037
0 0.639323 0.669213 0.068229 0.093056
0 0.624219 0.708102 0.068229 0.094907
0 0.599740 0.767593 0.069792 0.101852
0 0.583594 0.810185 0.070833 0.106481
0 0.566927 0.854630 0.072396 0.108333
