0 0.322005 0.183565 0.009635 0.024537
0 0.330078 0.182639 0.009635 0.024537
0 0.338151 0.181250 0.009635 0.024537
0 0.346224 0.179398 0.009635 0.024537
0 0.354297 0.178472 0.009635 0.024537
0 0.362370 0.176620 0.009635 0.024537
0 0.370703 0.175694 0.009635 0.024537
0 0.379036 0.173843 0.009635 0.024537
0 0.387370 0.172917 0.009635 0.024537
0 0.386328 0.196528 0.009635 0.024537
0 0.377734 0.197917 0.009635 0.024537
0 0.369661 0.199769 0.009635 0.024537
0 0.361068 0.200694 0.009635 0.024537
0 0.353255 0.202083 0.009635 0.024537
0 0.344922 0.203472 0.009635 0.024537
0 0.336328 0.204861 0.009635 0.024537
0 0.328255 0.206713 0.009635 0.024537
0 0.320443 0.207176 0.009635 0.024537
0 0.318620 0.234491 0.009635 0.024537
0 0.326693 0.233565 0.009635 0.024537
0 0.335026 0.232639 0.009635 0.024537
0 0.343359 0.231250 0.009635 0.024537
0 0.351693 0.229398 0.009635 0.024537
0 0.359766 0.228704 0.009635 0.025000
0 0.368099 0.227315 0.009635 0.025000
0 0.376432 0.226389 0.009635 0.025000
0 0.385026 0.225000 0.009635 0.025000
0 0.384245 0.249537 0.009635 0.025000
0 0.375391 0.250926 0.009635 0.025000
0 0.366797 0.252315 0.009635 0.025000
0 0.358724 0.253704 0.009635 0.025000
0 0.350130 0.255093 0.009635 0.025000
0 0.341536 0.255556 0.009635 0.025000
0 0.333464 0.257407 0.009635 0.025000
0 0.324870 0.258796 0.009635 0.025000
0 0.317057 0.259259 0.009635 0.025000
0 0.314844 0.287037 0.009375 0.025926
0 0.323177 0.286574 0.009375 0.025926
0 0.331510 0.285185 0.009375 0.025926
0 0.340104 0.284259 0.009375 0.025926
0 0.348698 0.282870 0.009375 0.025926
0 0.357292 0.281944 0.009375 0.025926
0 0.365625 0.280556 0.009375 0.025926
0 0.374219 0.279630 0.009375 0.025926
0 0.382292 0.278704 0.009375 0.025926
0 0.381771 0.304167 0.009375 0.025926
0 0.373437 0.305556 0.009375 0.025926
0 0.364583 0.306481 0.009896 0.026852
0 0.355990 0.307407 0.009896 0.026852
0 0.347396 0.309259 0.009896 0.026852
0 0.338542 0.310648 0.009896 0.026852
0 0.330208 0.311574 0.009896 0.026852
0 0.321615 0.312963 0.009896 0.026852
0 0.313021 0.313426 0.009896 0.026852
0 0.310937 0.343519 0.009896 0.026852
0 0.319531 0.341667 0.009896 0.026852
0 0.327865 0.341204 0.009896 0.026852
0 0.336719 0.340278 0.009896 0.026852
0 0.345573 0.338889 0.009896 0.026852
0 0.354167 0.337963 0.009896 0.026852
0 0.362760 0.336111 0.009896 0.026852
0 0.371875 0.335185 0.009896 0.026852
0 0.380208 0.334259 0.009896 0.026852
0 0.379427 0.361343 0.009896 0.028241
0 0.370312 0.363194 0.009896 0.028241
0 0.361979 0.363657 0.009896 0.028241
0 0.352865 0.365046 0.009896 0.028241
0 0.343750 0.365972 0.009896 0.028241
0 0.335417 0.367824 0.009896 0.028241
0 0.326302 0.367824 0.009896 0.028241
0 0.317708 0.368750 0.009896 0.028241
0 0.309115 0.370602 0.009896 0.028241
0 0.306771 0.401620 0.009896 0.028241
0 0.315625 0.400694 0.009896 0.028241
0 0.324479 0.399306 0.009896 0.028241
0 0.333594 0.398380 0.009896 0.028241
0 0.342448 0.396991 0.009896 0.028241
0 0.351302 0.396065 0.009896 0.028241
0 0.360417 0.394676 0.009896 0.028241
0 0.369271 0.393287 0.009896 0.028241
0 0.377865 0.392824 0.009896 0.028241
0 0.377083 0.420602 0.009896 0.028241
0 0.367969 0.421991 0.009896 0.028241
0 0.358854 0.422917 0.009896 0.028241
0 0.350000 0.424306 0.009896 0.028241
0 0.340365 0.425231 0.009896 0.028241
0 0.332292 0.426620 0.009896 0.028241
0 0.322917 0.428009 0.009896 0.028241
0 0.313802 0.428935 0.009896 0.028241
0 0.305208 0.429398 0.009896 0.028241
0 0.302995 0.458565 0.010677 0.029167
0 0.312109 0.458102 0.010677 0.029167
0 0.321224 0.456713 0.010677 0.029167
0 0.330078 0.455787 0.010677 0.029167
0 0.345443 0.447454 0.010677 0.029167
0 0.354297 0.446065 0.010677 0.029167
0 0.363672 0.445139 0.010677 0.029167
0 0.372526 0.443750 0.010677 0.029167
0 0.371354 0.472917 0.010937 0.030093
0 0.362240 0.474306 0.010937 0.030093
0 0.352865 0.475694 0.010937 0.030093
0 0.343750 0.476620 0.010937 0.030093
0 0.328385 0.484954 0.010937 0.030093
0 0.319010 0.486343 0.010937 0.030093
0 0.310156 0.487269 0.010937 0.030093
0 0.301042 0.488194 0.010937 0.030093
0 0.298958 0.518287 0.010937 0.030093
0 0.308073 0.517361 0.010937 0.030093
0 0.317188 0.516435 0.010937 0.030093
0 0.326302 0.515046 0.010937 0.030093
0 0.341927 0.506250 0.010937 0.030093
0 0.351302 0.504861 0.010937 0.030093
0 0.360938 0.503935 0.010937 0.030093
0 0.370052 0.502546 0.010937 0.030093
0 0.370964 0.549769 0.010677 0.031019
0 0.361849 0.550694 0.010677 0.031019
0 0.351693 0.552083 0.010677 0.031019
0 0.342578 0.553009 0.010677 0.031019
0 0.333464 0.553935 0.010677 0.031019
0 0.323828 0.555324 0.010677 0.031019
0 0.314063 0.556019 0.011458 0.031481
0 0.304948 0.557407 0.011458 0.031481
0 0.295833 0.558333 0.011458 0.031481
0 0.293229 0.593981 0.011458 0.031481
0 0.302344 0.593056 0.011458 0.031481
0 0.312240 0.592593 0.011458 0.031481
0 0.321354 0.591667 0.011458 0.031481
0 0.330729 0.589815 0.011458 0.031481
0 0.340625 0.589352 0.011458 0.031481
0 0.350000 0.587963 0.011458 0.031481
0 0.360156 0.587269 0.011458 0.031944
0 0.369271 0.585880 0.011458 0.031944
0 0.368099 0.618519 0.011719 0.033333
0 0.358203 0.619444 0.011719 0.033333
0 0.348307 0.620370 0.011719 0.033333
0 0.338932 0.621296 0.011719 0.033333
0 0.329036 0.622685 0.011719 0.033333
0 0.319401 0.623148 0.011719 0.033333
0 0.310026 0.625000 0.011719 0.033333
0 0.300000 0.625231 0.011979 0.032870
0 0.291146 0.625694 0.011979 0.032870
0 0.288021 0.663657 0.011458 0.034722
0 0.297917 0.663194 0.011458 0.034722
0 0.307292 0.662269 0.011458 0.034722
0 0.316927 0.661806 0.011458 0.034722
0 0.326823 0.660880 0.011458 0.034722
0 0.336458 0.659954 0.011458 0.034722
0 0.346354 0.658565 0.011458 0.034722
0 0.356510 0.657639 0.011458 0.034722
0 0.366406 0.657176 0.011458 0.034722
0 0.364323 0.690972 0.011458 0.034722
0 0.354427 0.691435 0.011458 0.034722
0 0.344531 0.692361 0.011458 0.034722
0 0.334896 0.694213 0.011458 0.034722
0 0.325000 0.694676 0.011458 0.034722
0 0.314844 0.694676 0.011458 0.034722
0 0.304948 0.695139 0.011458 0.034722
0 0.295573 0.696528 0.011458 0.034722
0 0.285938 0.697917 0.011458 0.034722
0 0.282552 0.739583 0.011458 0.034722
0 0.292448 0.738194 0.011458 0.034722
0 0.302344 0.738194 0.011458 0.034722
0 0.312500 0.737269 0.011458 0.034722
0 0.321875 0.736343 0.011458 0.034722
0 0.332031 0.735880 0.011458 0.034722
0 0.342448 0.734954 0.011458 0.034722
0 0.352604 0.734491 0.011458 0.034722
0 0.362500 0.733565 0.011458 0.034722
0 0.360677 0.769213 0.011458 0.035648
0 0.350391 0.768981 0.011198 0.036111
0 0.340625 0.770833 0.011979 0.036111
0 0.330208 0.770833 0.011979 0.036111
0 0.320052 0.772222 0.011979 0.036111
0 0.309896 0.773611 0.011979 0.036111
0 0.300260 0.773611 0.011979 0.036111
0 0.290104 0.774074 0.011979 0.036111
0 0.280208 0.774537 0.011979 0.036111
0 0.357943 0.809722 0.012240 0.037963
0 0.347786 0.811111 0.012240 0.037963
0 0.337370 0.811111 0.012240 0.037963
0 0.327214 0.812500 0.012240 0.037963
0 0.317057 0.812963 0.012240 0.037963
0 0.307161 0.813889 0.012240 0.037963
0 0.297005 0.813889 0.012240 0.037963
0 0.286849 0.814815 0.012240 0.037963
0 0.276953 0.815278 0.012240 0.037963
0 0.274609 0.851852 0.012240 0.037963
0 0.284766 0.851852 0.012240 0.037963
0 0.294661 0.851389 0.012240 0.037963
0 0.304818 0.850000 0.012240 0.037963
0 0.315234 0.849537 0.012240 0.037963
0 0.325130 0.848611 0.012240 0.037963
0 0.335547 0.848148 0.012240 0.037963
0 0.345443 0.848148 0.012240 0.037963
0 0.356641 0.847222 0.012240 0.037963
0 0.267839 0.894444 0.012240 0.037963
0 0.278255 0.893981 0.012240 0.037963
0 0.288411 0.893056 0.012240 0.037963
0 0.298568 0.893056 0.012240 0.037963
0 0.309245 0.892593 0.012240 0.037963
0 0.319141 0.891667 0.012240 0.037963
0 0.329818 0.890741 0.012240 0.037963
0 0.340495 0.889815 0.012240 0.037963
0 0.350911 0.890278 0.012240 0.037963
0 0.361328 0.889352 0.012240 0.037963
0 0.372005 0.888889 0.012240 0.037963
0 0.382161 0.888426 0.012240 0.037963
0 0.393099 0.887963 0.012240 0.037963
0 0.403906 0.887269 0.012500 0.038426
0 0.414323 0.886343 0.012500 0.038426
0 0.425000 0.885417 0.012500 0.038426
0 0.435937 0.885417 0.012500 0.038426
0 0.446875 0.884954 0.012500 0.038426
0 0.457031 0.884491 0.012500 0.038426
0 0.467708 0.884491 0.012500 0.038426
0 0.478125 0.884491 0.012500 0.040278
0 0.488542 0.884028 0.012500 0.040278
0 0.499219 0.883565 0.012500 0.040278
0 0.509635 0.882870 0.012500 0.041667
0 0.520052 0.882407 0.012500 0.041667
0 0.530469 0.882407 0.012500 0.041667
0 0.399609 0.171065 0.009115 0.024537
0 0.407422 0.170139 0.009115 0.024537
0 0.416016 0.168287 0.009115 0.024537
0 0.424349 0.166898 0.009115 0.024537
0 0.432682 0.165972 0.009115 0.024537
0 0.440755 0.164583 0.009115 0.024537
0 0.449609 0.163194 0.009115 0.024537
0 0.457422 0.161343 0.009115 0.024537
0 0.466276 0.160417 0.009115 0.024537
0 0.474740 0.158796 0.009375 0.025926
0 0.483073 0.157407 0.009375 0.025926
0 0.491927 0.156019 0.009375 0.025926
0 0.500521 0.155093 0.009375 0.025926
0 0.511198 0.152315 0.009375 0.025926
0 0.519531 0.151389 0.009375 0.025926
0 0.519531 0.175926 0.009375 0.025926
0 0.511198 0.176852 0.009375 0.025926
0 0.500260 0.179167 0.009375 0.025926
0 0.491667 0.180093 0.009375 0.025926
0 0.483073 0.181481 0.009375 0.025926
0 0.474740 0.183333 0.009375 0.025926
0 0.466146 0.183796 0.009375 0.025926
0 0.457292 0.185648 0.009375 0.025926
0 0.448698 0.187500 0.009375 0.025926
0 0.440365 0.188889 0.009375 0.025926
0 0.431771 0.189815 0.009375 0.025926
0 0.423438 0.190741 0.009375 0.025926
0 0.414844 0.192593 0.009375 0.025926
0 0.406510 0.193981 0.009375 0.025926
0 0.398177 0.194907 0.009375 0.025926
0 0.397656 0.223611 0.009375 0.025926
0 0.405729 0.221759 0.009375 0.025926
0 0.414323 0.220833 0.009375 0.025926
0 0.422917 0.219907 0.009375 0.025926
0 0.431250 0.218056 0.009375 0.025926
0 0.440104 0.217130 0.009375 0.025926
0 0.448437 0.215278 0.009375 0.025926
0 0.457031 0.213889 0.009375 0.025926
0 0.465625 0.212963 0.009375 0.025926
0 0.473958 0.212037 0.009375 0.025926
0 0.482552 0.210185 0.009375 0.025926
0 0.491146 0.209259 0.009375 0.025926
0 0.500260 0.207870 0.009375 0.025926
0 0.510677 0.205556 0.009375 0.025926
0 0.519922 0.204398 0.009635 0.027315
0 0.500391 0.232639 0.009635 0.027315
0 0.491276 0.234491 0.009635 0.027315
0 0.482422 0.235880 0.009635 0.027315
0 0.473568 0.237731 0.009635 0.027315
0 0.465234 0.238657 0.009635 0.027315
0 0.456641 0.239120 0.009635 0.027315
0 0.448047 0.240509 0.009635 0.027315
0 0.439453 0.241898 0.009635 0.027315
0 0.430859 0.243287 0.009635 0.027315
0 0.422266 0.244676 0.009635 0.027315
0 0.413672 0.246065 0.009635 0.027315
0 0.405078 0.247917 0.009635 0.027315
0 0.396484 0.248380 0.009635 0.027315
0 0.395703 0.276620 0.009635 0.027315
0 0.403776 0.275694 0.009635 0.027315
0 0.412891 0.274306 0.009635 0.027315
0 0.421224 0.272917 0.009635 0.027315
0 0.430078 0.271991 0.009635 0.027315
0 0.438932 0.271065 0.009635 0.027315
0 0.447526 0.269676 0.009635 0.027315
0 0.456120 0.267824 0.009635 0.027315
0 0.464974 0.267361 0.009635 0.027315
0 0.473568 0.265509 0.009635 0.027315
0 0.482422 0.264583 0.009635 0.027315
0 0.491276 0.263194 0.009635 0.027315
0 0.500130 0.261806 0.009635 0.027315
0 0.500130 0.288657 0.009635 0.027315
0 0.491276 0.289583 0.009635 0.027315
0 0.482161 0.290972 0.009635 0.027315
0 0.473568 0.291898 0.009635 0.027315
0 0.464453 0.292824 0.009635 0.027315
0 0.455599 0.294213 0.009635 0.027315
0 0.447005 0.295602 0.009635 0.027315
0 0.438151 0.296528 0.009635 0.027315
0 0.429297 0.297917 0.009635 0.027315
0 0.420443 0.298843 0.009635 0.027315
0 0.411849 0.300231 0.009635 0.027315
0 0.403516 0.301620 0.009635 0.027315
0 0.394401 0.303009 0.009635 0.027315
0 0.393359 0.332639 0.009635 0.027315
0 0.401693 0.331713 0.009635 0.027315
0 0.410807 0.330787 0.009635 0.027315
0 0.419922 0.329861 0.009635 0.027315
0 0.455599 0.325231 0.009635 0.027315
0 0.464193 0.323843 0.009635 0.027315
0 0.473307 0.322454 0.009635 0.027315
0 0.482161 0.321528 0.009635 0.027315
0 0.490755 0.320602 0.009635 0.027315
0 0.500130 0.318750 0.009635 0.027315
0 0.500000 0.345602 0.009896 0.029167
0 0.491146 0.346991 0.009896 0.029167
0 0.482031 0.348843 0.009896 0.029167
0 0.472917 0.350231 0.009896 0.029167
0 0.464323 0.351157 0.009896 0.029167
0 0.454948 0.352546 0.009896 0.029167
0 0.418750 0.357176 0.009896 0.029167
0 0.409896 0.358565 0.009896 0.029167
0 0.401042 0.359491 0.009896 0.029167
0 0.391927 0.360417 0.009896 0.029167
0 0.390885 0.392361 0.009896 0.029167
0 0.399479 0.390509 0.009896 0.029167
0 0.408854 0.389583 0.009896 0.029167
0 0.417708 0.388657 0.009896 0.029167
0 0.426823 0.387269 0.009896 0.029167
0 0.435937 0.386343 0.009896 0.029167
0 0.444792 0.384954 0.009896 0.029167
0 0.454427 0.384491 0.009896 0.029167
0 0.463281 0.383565 0.009896 0.029167
0 0.472135 0.382176 0.009896 0.029167
0 0.481250 0.380787 0.009896 0.029167
0 0.490365 0.378935 0.009896 0.029167
0 0.499740 0.378472 0.009896 0.029167
0 0.499740 0.406713 0.009896 0.029167
0 0.490625 0.407639 0.009896 0.029167
0 0.481250 0.409028 0.009896 0.029167
0 0.472396 0.409491 0.009896 0.029167
0 0.462760 0.410880 0.009896 0.029167
0 0.453646 0.411806 0.009896 0.029167
0 0.444531 0.413194 0.009896 0.029167
0 0.435417 0.414583 0.009896 0.029167
0 0.426042 0.415046 0.009896 0.029167
0 0.416927 0.416898 0.009896 0.029167
0 0.408073 0.417824 0.009896 0.029167
0 0.398698 0.418287 0.009896 0.029167
0 0.389844 0.419213 0.009896 0.029167
0 0.397917 0.452546 0.009896 0.029167
0 0.407031 0.451620 0.009896 0.029167
0 0.416146 0.451157 0.009896 0.029167
0 0.425260 0.449769 0.009896 0.029167
0 0.434635 0.449306 0.009896 0.029167
0 0.443490 0.448380 0.009896 0.029167
0 0.453125 0.446991 0.009896 0.029167
0 0.462240 0.446528 0.009896 0.029167
0 0.471615 0.445602 0.009896 0.029167
0 0.480990 0.443750 0.009896 0.029167
0 0.490365 0.442824 0.009896 0.029167
0 0.499479 0.441898 0.009896 0.029167
0 0.499349 0.471759 0.010156 0.030556
0 0.489974 0.473148 0.010156 0.030556
0 0.480599 0.473611 0.010156 0.030556
0 0.470964 0.474074 0.010156 0.030556
0 0.461849 0.475463 0.010156 0.030556
0 0.452474 0.476389 0.010156 0.030556
0 0.442839 0.478241 0.010156 0.030556
0 0.433464 0.478241 0.010156 0.030556
0 0.424089 0.479630 0.010156 0.030556
0 0.414714 0.480093 0.010156 0.030556
0 0.405599 0.481481 0.010156 0.030556
0 0.396484 0.482870 0.010156 0.030556
0 0.395182 0.517130 0.010156 0.030556
0 0.404297 0.516667 0.010156 0.030556
0 0.413672 0.515278 0.010156 0.030556
0 0.423047 0.514352 0.010156 0.030556
0 0.432682 0.513426 0.010156 0.030556
0 0.442057 0.512500 0.010156 0.030556
0 0.451432 0.511111 0.010156 0.030556
0 0.461068 0.510185 0.010156 0.030556
0 0.470703 0.509259 0.010156 0.030556
0 0.480339 0.508333 0.010156 0.030556
0 0.489714 0.507407 0.010156 0.030556
0 0.499609 0.506481 0.010156 0.030556
0 0.499740 0.537269 0.010417 0.031944
0 0.489844 0.538657 0.010417 0.031944
0 0.479948 0.539583 0.010417 0.031944
0 0.470313 0.540046 0.010417 0.031944
0 0.460417 0.541435 0.010417 0.031944
0 0.451302 0.541898 0.010417 0.031944
0 0.441406 0.543750 0.010417 0.031944
0 0.431771 0.544676 0.010417 0.031944
0 0.422135 0.545139 0.010417 0.031944
0 0.413021 0.546065 0.010417 0.031944
0 0.403385 0.547454 0.010417 0.031944
0 0.393229 0.548380 0.010417 0.031944
0 0.383854 0.549306 0.010417 0.031944
0 0.382161 0.584954 0.010677 0.032870
0 0.391797 0.584028 0.010677 0.032870
0 0.401432 0.583333 0.011198 0.033333
0 0.411068 0.582407 0.011198 0.033333
0 0.420443 0.581944 0.011198 0.033333
0 0.430339 0.581019 0.011198 0.033333
0 0.440755 0.579630 0.011198 0.033333
0 0.450130 0.578704 0.011198 0.033333
0 0.459766 0.577778 0.011198 0.033333
0 0.469661 0.576852 0.011198 0.033333
0 0.479297 0.575926 0.011198 0.033333
0 0.489453 0.575463 0.011198 0.033333
0 0.499089 0.574074 0.011198 0.033333
0 0.499089 0.606481 0.011198 0.033333
0 0.489193 0.606944 0.011198 0.033333
0 0.479297 0.607407 0.011198 0.033333
0 0.469141 0.608796 0.011198 0.033333
0 0.459245 0.610185 0.011198 0.033333
0 0.449609 0.611111 0.011198 0.033333
0 0.439974 0.612500 0.011198 0.033333
0 0.429557 0.612963 0.011198 0.033333
0 0.419922 0.613426 0.011198 0.033333
0 0.410026 0.614352 0.011198 0.033333
0 0.400130 0.615278 0.011198 0.033333
0 0.390495 0.617130 0.011198 0.033333
0 0.380599 0.617593 0.011198 0.033333
0 0.378776 0.655093 0.011719 0.034259
0 0.388932 0.655093 0.011719 0.034259
0 0.398568 0.654167 0.011719 0.034259
0 0.408724 0.652778 0.011719 0.034259
0 0.418620 0.651852 0.011719 0.034259
0 0.428255 0.650463 0.011719 0.034259
0 0.438672 0.650000 0.011719 0.034259
0 0.448568 0.649537 0.011719 0.034259
0 0.458724 0.647685 0.011719 0.034259
0 0.468880 0.646759 0.011719 0.034259
0 0.478776 0.646759 0.011719 0.034259
0 0.489193 0.645833 0.011719 0.034259
0 0.499349 0.644444 0.011719 0.034259
0 0.499089 0.678704 0.011719 0.034259
0 0.488932 0.679630 0.011719 0.034259
0 0.478516 0.680556 0.011719 0.034259
0 0.468099 0.681481 0.011719 0.034259
0 0.458464 0.681944 0.011719 0.034259
0 0.448047 0.682870 0.011719 0.034259
0 0.437891 0.683796 0.011719 0.034259
0 0.427734 0.685185 0.011719 0.034259
0 0.417839 0.685648 0.011719 0.034259
0 0.407682 0.687037 0.011719 0.034259
0 0.397266 0.687500 0.011719 0.034259
0 0.387370 0.688889 0.011719 0.034259
0 0.377214 0.689352 0.011719 0.034259
0 0.376693 0.731944 0.011719 0.036111
0 0.386328 0.731481 0.011719 0.036111
0 0.396745 0.730556 0.011719 0.036111
0 0.407161 0.730093 0.011719 0.036111
0 0.416797 0.728704 0.011719 0.036111
0 0.427214 0.728704 0.011719 0.036111
0 0.437891 0.727778 0.011719 0.036111
0 0.447786 0.726852 0.011719 0.036111
0 0.457682 0.725463 0.011719 0.036111
0 0.468359 0.725000 0.011719 0.036111
0 0.479036 0.723611 0.011719 0.036111
0 0.488932 0.723611 0.011719 0.036111
0 0.500130 0.722685 0.011719 0.036111
0 0.499870 0.758796 0.011719 0.036111
0 0.488932 0.759722 0.011719 0.036111
0 0.478516 0.760185 0.011719 0.036111
0 0.468099 0.760648 0.011719 0.036111
0 0.458203 0.761574 0.011719 0.036111
0 0.447526 0.762500 0.011719 0.036111
0 0.436849 0.763426 0.011719 0.036111
0 0.426432 0.764352 0.011719 0.036111
0 0.416016 0.765278 0.011719 0.036111
0 0.405859 0.766204 0.011719 0.036111
0 0.395182 0.766667 0.011719 0.036111
0 0.385026 0.767130 0.011719 0.036111
0 0.374089 0.767593 0.011719 0.036111
0 0.372396 0.808796 0.011979 0.038889
0 0.382552 0.807870 0.011979 0.038889
0 0.392969 0.807870 0.011979 0.038889
0 0.403125 0.806944 0.011979 0.038889
0 0.413802 0.805556 0.011979 0.038889
0 0.424740 0.804630 0.011979 0.038889
0 0.434896 0.804167 0.011979 0.038889
0 0.446354 0.801389 0.011979 0.038889
0 0.456771 0.800926 0.011979 0.038889
0 0.467708 0.800000 0.011979 0.038889
0 0.478646 0.800000 0.011979 0.038889
0 0.489063 0.799074 0.011979 0.038889
0 0.499740 0.798148 0.011979 0.038889
0 0.510156 0.798611 0.011979 0.038889
0 0.527865 0.836111 0.011979 0.038889
0 0.517448 0.836574 0.011979 0.038889
0 0.507031 0.837269 0.011979 0.040278
0 0.496615 0.837731 0.011979 0.040278
0 0.486458 0.837731 0.011979 0.040278
0 0.476302 0.838657 0.011979 0.040278
0 0.465885 0.839583 0.011979 0.040278
0 0.455469 0.840509 0.011979 0.040278
0 0.445833 0.840972 0.011979 0.040278
0 0.433854 0.841898 0.011979 0.040278
0 0.423177 0.842824 0.011979 0.040278
0 0.412760 0.843287 0.011979 0.040278
0 0.402344 0.844676 0.011979 0.040278
0 0.391406 0.845139 0.011979 0.040278
0 0.381510 0.845602 0.011979 0.040278
0 0.370833 0.846528 0.011979 0.040278
0 0.525130 0.279861 0.009635 0.027315
0 0.537630 0.279398 0.009635 0.027315
0 0.546224 0.280324 0.009635 0.027315
0 0.546484 0.309954 0.009635 0.027315
0 0.537891 0.309028 0.009635 0.027315
0 0.525651 0.309028 0.009635 0.027315
0 0.525911 0.337731 0.009635 0.028241
0 0.538672 0.337731 0.009635 0.028241
0 0.546745 0.338657 0.009635 0.028241
0 0.547526 0.368287 0.009635 0.028241
0 0.538672 0.367361 0.009635 0.028241
0 0.527214 0.368287 0.009635 0.028241
0 0.518620 0.368750 0.009635 0.028241
0 0.518880 0.399074 0.009635 0.029630
0 0.527734 0.398611 0.009635 0.029630
0 0.538932 0.398148 0.009635 0.029630
0 0.547786 0.398611 0.009635 0.029630
0 0.548307 0.432407 0.009635 0.029630
0 0.539193 0.431019 0.009635 0.029630
0 0.527734 0.431019 0.009635 0.029630
0 0.518620 0.432407 0.009635 0.029630
0 0.518620 0.460648 0.009635 0.029630
0 0.527734 0.459722 0.009635 0.029630
0 0.539974 0.459722 0.009635 0.029630
0 0.548828 0.460648 0.010156 0.031481
0 0.549609 0.494444 0.010156 0.031481
0 0.540495 0.493519 0.010156 0.031481
0 0.527995 0.493287 0.010156 0.031019
0 0.518880 0.493750 0.010156 0.031019
0 0.518620 0.526157 0.010156 0.031019
0 0.527995 0.525694 0.010156 0.031019
0 0.540755 0.525694 0.010156 0.031019
0 0.550130 0.526157 0.010156 0.031019
0 0.550651 0.562269 0.010156 0.031019
0 0.541276 0.561343 0.010156 0.031019
0 0.528516 0.561343 0.010156 0.031019
0 0.519922 0.561806 0.010156 0.031019
0 0.519401 0.596065 0.010156 0.031019
0 0.529036 0.595833 0.010677 0.032407
0 0.541797 0.595370 0.010677 0.032407
0 0.551172 0.597222 0.010677 0.032407
0 0.551953 0.633796 0.010677 0.034259
0 0.542057 0.632407 0.010156 0.034259
0 0.529036 0.632870 0.010156 0.034259
0 0.519661 0.633796 0.010156 0.034259
0 0.519922 0.668056 0.010156 0.034259
0 0.529557 0.668056 0.010156 0.034259
0 0.542578 0.667593 0.010156 0.034259
0 0.552734 0.668056 0.010156 0.034259
0 0.540885 0.139352 0.009375 0.025926
0 0.549740 0.140741 0.009375 0.025926
0 0.558333 0.142593 0.009375 0.025926
0 0.566406 0.143981 0.009375 0.025926
0 0.574740 0.145833 0.009375 0.025926
0 0.583333 0.147222 0.009375 0.025926
0 0.591927 0.148611 0.009375 0.025926
0 0.600000 0.150463 0.009375 0.025926
0 0.608333 0.152315 0.009375 0.025926
0 0.616927 0.153241 0.009375 0.025926
0 0.624740 0.154167 0.009375 0.025926
0 0.633073 0.156481 0.009375 0.025926
0 0.641146 0.157870 0.009375 0.025926
0 0.648958 0.159259 0.009375 0.025926
0 0.656510 0.161111 0.009375 0.025926
0 0.664323 0.162037 0.009375 0.025926
0 0.665885 0.185648 0.009375 0.025926
0 0.657552 0.183333 0.009375 0.025926
0 0.649740 0.182407 0.009375 0.025926
0 0.641927 0.181019 0.009375 0.025926
0 0.634115 0.179630 0.009375 0.025926
0 0.626302 0.178241 0.009375 0.025926
0 0.618229 0.177315 0.009375 0.025926
0 0.610417 0.176389 0.009375 0.025926
0 0.602344 0.174537 0.009375 0.025926
0 0.594271 0.172685 0.009375 0.025926
0 0.586458 0.171296 0.009375 0.025926
0 0.578125 0.169907 0.009375 0.025926
0 0.570052 0.168981 0.009375 0.025926
0 0.561979 0.168056 0.009375 0.025926
0 0.553906 0.165741 0.009375 0.025926
0 0.545833 0.165278 0.009375 0.025926
0 0.537240 0.163426 0.009375 0.025926
0 0.537240 0.191667 0.009375 0.025926
0 0.546094 0.193056 0.009375 0.025926
0 0.554427 0.194444 0.009375 0.025926
0 0.562760 0.194907 0.009375 0.025926
0 0.571354 0.195833 0.009375 0.025926
0 0.579167 0.198148 0.009375 0.025926
0 0.586979 0.199074 0.009375 0.025926
0 0.595313 0.200000 0.009375 0.025926
0 0.603385 0.201389 0.009375 0.025926
0 0.611719 0.201852 0.009375 0.025926
0 0.619531 0.203704 0.009375 0.025926
0 0.627604 0.204630 0.009375 0.025926
0 0.635677 0.206481 0.009375 0.025926
0 0.643750 0.208333 0.009375 0.025926
0 0.651563 0.209259 0.009375 0.025926
0 0.659115 0.210648 0.009375 0.025926
0 0.667188 0.211574 0.009375 0.025926
0 0.669010 0.235648 0.009375 0.025926
0 0.660937 0.234259 0.009375 0.025926
0 0.653125 0.233333 0.009375 0.025926
0 0.644792 0.231481 0.009375 0.025926
0 0.636719 0.230556 0.009375 0.025926
0 0.628385 0.228704 0.009375 0.025926
0 0.620573 0.227778 0.009375 0.025926
0 0.612500 0.225926 0.009375 0.025926
0 0.604427 0.225000 0.009375 0.025926
0 0.595833 0.224074 0.009375 0.025926
0 0.587500 0.223148 0.009375 0.025926
0 0.579948 0.222222 0.009375 0.025926
0 0.571094 0.219907 0.009375 0.025926
0 0.563281 0.218981 0.009375 0.025926
0 0.555469 0.218056 0.009375 0.025926
0 0.546615 0.218287 0.009896 0.028241
0 0.538021 0.217824 0.009896 0.028241
0 0.555990 0.246065 0.008854 0.025463
0 0.563932 0.248380 0.009115 0.027315
0 0.572786 0.249306 0.009115 0.027315
0 0.580599 0.251157 0.009115 0.027315
0 0.589193 0.252083 0.009115 0.027315
0 0.597266 0.253009 0.009115 0.027315
0 0.605339 0.254861 0.009115 0.027315
0 0.613672 0.255324 0.009115 0.027315
0 0.621745 0.255787 0.009115 0.027315
0 0.630339 0.257639 0.009115 0.027315
0 0.638411 0.259028 0.009115 0.027315
0 0.646484 0.259954 0.009115 0.027315
0 0.654818 0.260880 0.009635 0.027315
0 0.662891 0.262731 0.009635 0.027315
0 0.670703 0.263194 0.009635 0.027315
0 0.672526 0.287731 0.009635 0.027315
0 0.663932 0.287269 0.009635 0.027315
0 0.656120 0.286806 0.009635 0.027315
0 0.647786 0.284028 0.009635 0.027315
0 0.639453 0.282639 0.009635 0.027315
0 0.631380 0.282176 0.009635 0.027315
0 0.623307 0.281250 0.009635 0.027315
0 0.614714 0.280787 0.009635 0.027315
0 0.606641 0.278472 0.009635 0.027315
0 0.598047 0.278472 0.009635 0.027315
0 0.589974 0.276620 0.009635 0.027315
0 0.581380 0.275231 0.009635 0.027315
0 0.573307 0.274306 0.009635 0.027315
0 0.564453 0.273843 0.009635 0.027315
0 0.556120 0.271991 0.009635 0.027315
0 0.556901 0.302083 0.009635 0.027315
0 0.565755 0.303009 0.009635 0.027315
0 0.574349 0.304861 0.009635 0.027315
0 0.582422 0.304398 0.009635 0.027315
0 0.591016 0.306713 0.009635 0.027315
0 0.599349 0.307639 0.009635 0.027315
0 0.607422 0.308565 0.009635 0.027315
0 0.616276 0.309954 0.009635 0.027315
0 0.624609 0.310880 0.009635 0.027315
0 0.632943 0.312269 0.009635 0.027315
0 0.641276 0.312731 0.009635 0.027315
0 0.649870 0.313657 0.009635 0.027315
0 0.657943 0.315509 0.009635 0.027315
0 0.666276 0.315972 0.009635 0.027315
0 0.684505 0.342824 0.009635 0.027315
0 0.676172 0.342361 0.009635 0.027315
0 0.667839 0.341898 0.010156 0.027315
0 0.659505 0.340509 0.010156 0.027315
0 0.651172 0.340046 0.010156 0.027315
0 0.642318 0.338657 0.010156 0.027315
0 0.634505 0.337731 0.010156 0.027315
0 0.625651 0.336343 0.010156 0.027315
0 0.617318 0.335417 0.010156 0.027315
0 0.608724 0.334954 0.010156 0.027315
0 0.600130 0.333565 0.010156 0.027315
0 0.591536 0.332176 0.010156 0.027315
0 0.582943 0.331250 0.010156 0.027315
0 0.574609 0.330787 0.010156 0.027315
0 0.566016 0.329398 0.010156 0.027315
0 0.557682 0.328935 0.010156 0.027315
0 0.558203 0.354861 0.010156 0.027315
0 0.567057 0.355787 0.010156 0.027315
0 0.575911 0.356250 0.010156 0.027315
0 0.584505 0.357176 0.010156 0.027315
0 0.592839 0.358565 0.010156 0.027315
0 0.601172 0.359491 0.010156 0.027315
0 0.609766 0.360417 0.010156 0.027315
0 0.618880 0.361806 0.010156 0.027315
0 0.626953 0.362269 0.010156 0.027315
0 0.635807 0.363194 0.010156 0.027315
0 0.644141 0.364583 0.010156 0.027315
0 0.652734 0.365972 0.010156 0.027315
0 0.661068 0.366435 0.010156 0.027315
0 0.669661 0.367824 0.010156 0.027315
0 0.678255 0.367824 0.010156 0.027315
0 0.686589 0.368750 0.010156 0.027315
0 0.671484 0.394213 0.010156 0.027315
0 0.662891 0.392824 0.010156 0.027315
0 0.654297 0.392361 0.010156 0.027315
0 0.645703 0.390509 0.010156 0.027315
0 0.636849 0.390046 0.010156 0.027315
0 0.628516 0.388657 0.010156 0.027315
0 0.619661 0.387731 0.010156 0.027315
0 0.611068 0.387269 0.010156 0.027315
0 0.602214 0.386343 0.010156 0.027315
0 0.593880 0.384954 0.010156 0.027315
0 0.585026 0.384028 0.010156 0.027315
0 0.576172 0.383565 0.010156 0.027315
0 0.567839 0.382639 0.010156 0.027315
0 0.558984 0.381713 0.010156 0.027315
0 0.559635 0.412500 0.009896 0.028704
0 0.568750 0.413426 0.009896 0.028704
0 0.577344 0.414352 0.009896 0.028704
0 0.586458 0.415741 0.009896 0.028704
0 0.595052 0.416204 0.009896 0.028704
0 0.603646 0.417593 0.009896 0.028704
0 0.612500 0.418519 0.009896 0.028704
0 0.621094 0.419907 0.009896 0.028704
0 0.629948 0.420370 0.009896 0.028704
0 0.638542 0.421296 0.009896 0.028704
0 0.647656 0.422222 0.009896 0.028704
0 0.656510 0.423611 0.009896 0.028704
0 0.664844 0.424074 0.009896 0.028704
0 0.673438 0.425463 0.009896 0.028704
0 0.682031 0.426157 0.010417 0.028241
0 0.683984 0.453935 0.010677 0.029167
0 0.675130 0.453009 0.010677 0.029167
0 0.666536 0.452083 0.010677 0.029167
0 0.657943 0.451620 0.010677 0.029167
0 0.648828 0.450231 0.010677 0.029167
0 0.640495 0.449306 0.010677 0.029167
0 0.631380 0.448380 0.010677 0.029167
0 0.622266 0.446991 0.010677 0.029167
0 0.613932 0.446528 0.010677 0.029167
0 0.604818 0.445602 0.010677 0.029167
0 0.595964 0.443750 0.010677 0.029167
0 0.586849 0.443287 0.010677 0.029167
0 0.577995 0.441898 0.010677 0.029167
0 0.569401 0.441435 0.010677 0.029167
0 0.560286 0.440509 0.010677 0.029167
0 0.561068 0.471991 0.010677 0.029167
0 0.570443 0.473843 0.010677 0.029167
0 0.579557 0.474769 0.010677 0.029167
0 0.588151 0.475694 0.010677 0.029167
0 0.597266 0.476620 0.010677 0.029167
0 0.606641 0.477546 0.010677 0.029167
0 0.615234 0.478472 0.010677 0.029167
0 0.624089 0.479398 0.010677 0.029167
0 0.633203 0.480787 0.010677 0.029167
0 0.642057 0.481713 0.010677 0.029167
0 0.650911 0.482639 0.010677 0.029167
0 0.659766 0.484028 0.010677 0.029167
0 0.668620 0.484491 0.010677 0.029167
0 0.677474 0.486343 0.010677 0.029167
0 0.686068 0.486343 0.010677 0.029167
0 0.694661 0.487269 0.010677 0.029167
0 0.679297 0.514120 0.010677 0.029167
0 0.670182 0.513194 0.010677 0.029167
0 0.661328 0.512269 0.010677 0.029167
0 0.652474 0.511343 0.010677 0.029167
0 0.643359 0.510417 0.010677 0.029167
0 0.634505 0.509491 0.010677 0.029167
0 0.625651 0.508102 0.010677 0.029167
0 0.616536 0.507639 0.010677 0.029167
0 0.607682 0.506250 0.010677 0.029167
0 0.598047 0.505324 0.010677 0.029167
0 0.589714 0.503472 0.010677 0.029167
0 0.580339 0.503009 0.010677 0.029167
0 0.571484 0.502083 0.010677 0.029167
0 0.561849 0.501157 0.010677 0.029167
0 0.562630 0.542130 0.010677 0.030556
0 0.572526 0.543056 0.010677 0.030556
0 0.581380 0.544444 0.010677 0.030556
0 0.590495 0.545370 0.010677 0.030556
0 0.599870 0.546296 0.010677 0.030556
0 0.608984 0.547222 0.010677 0.030556
0 0.618359 0.548148 0.010677 0.030556
0 0.627214 0.549537 0.010677 0.030556
0 0.636589 0.550000 0.010677 0.030556
0 0.645443 0.551389 0.010677 0.030556
0 0.654818 0.552315 0.010677 0.030556
0 0.663932 0.552778 0.010677 0.030556
0 0.673047 0.554167 0.010677 0.030556
0 0.682161 0.555093 0.010677 0.030556
0 0.690755 0.556019 0.010677 0.030556
0 0.699609 0.556944 0.010677 0.030556
0 0.684245 0.587037 0.011198 0.031481
0 0.674870 0.587037 0.011198 0.031481
0 0.666016 0.586111 0.011198 0.031481
0 0.656641 0.585185 0.011198 0.031481
0 0.647526 0.584259 0.011198 0.031481
0 0.637891 0.582870 0.011198 0.031481
0 0.628776 0.582407 0.011198 0.031481
0 0.619401 0.581481 0.011198 0.031481
0 0.610286 0.580556 0.011198 0.031481
0 0.601172 0.579167 0.011198 0.031481
0 0.591797 0.578241 0.011198 0.031481
0 0.582422 0.577315 0.011198 0.031481
0 0.573047 0.575926 0.011198 0.031481
0 0.563932 0.575000 0.011198 0.031481
0 0.565495 0.616667 0.011198 0.031481
0 0.574740 0.618056 0.010937 0.032407
0 0.583854 0.618981 0.010937 0.032407
0 0.593490 0.619444 0.010937 0.032407
0 0.602865 0.621296 0.010937 0.032407
0 0.612500 0.621759 0.010937 0.032407
0 0.621875 0.622222 0.010937 0.032407
0 0.631250 0.623611 0.010937 0.032407
0 0.640885 0.624074 0.010937 0.032407
0 0.650000 0.625463 0.010937 0.032407
0 0.658854 0.625926 0.010937 0.032407
0 0.668229 0.626389 0.010937 0.032407
0 0.677604 0.627778 0.010937 0.032407
0 0.686979 0.628704 0.010937 0.032407
0 0.696094 0.629630 0.010937 0.032407
0 0.705469 0.630093 0.010937 0.032407
0 0.714323 0.631481 0.010937 0.032407
0 0.723698 0.631481 0.010937 0.032407
0 0.732552 0.632870 0.010937 0.032407
0 0.741406 0.633333 0.011979 0.031481
0 0.750260 0.634259 0.011979 0.031481
0 0.759635 0.634259 0.011979 0.031481
0 0.768229 0.635648 0.011979 0.031481
0 0.777344 0.636111 0.011979 0.031481
0 0.780339 0.667361 0.012240 0.031944
0 0.771484 0.666898 0.012240 0.031944
0 0.762370 0.665972 0.012240 0.031944
0 0.753255 0.665509 0.012240 0.031944
0 0.744271 0.665046 0.012500 0.032870
0 0.735417 0.664120 0.012500 0.032870
0 0.726042 0.663657 0.012500 0.032870
0 0.716927 0.662731 0.012500 0.032870
0 0.708073 0.662269 0.012500 0.032870
0 0.698698 0.661806 0.012500 0.032870
0 0.689063 0.660417 0.012500 0.032870
0 0.679688 0.659954 0.012500 0.032870
0 0.670833 0.659028 0.012500 0.032870
0 0.661458 0.658333 0.011979 0.033333
0 0.652083 0.657407 0.011979 0.033333
0 0.642448 0.656481 0.011979 0.033333
0 0.632812 0.655556 0.011979 0.033333
0 0.623437 0.654630 0.011979 0.033333
0 0.613802 0.653704 0.011979 0.033333
0 0.604427 0.653241 0.011979 0.033333
0 0.594792 0.651852 0.011979 0.033333
0 0.584896 0.650926 0.011979 0.033333
0 0.575521 0.650000 0.011979 0.033333
0 0.566146 0.649537 0.011979 0.033333
0 0.566406 0.682176 0.011979 0.034722
0 0.576562 0.683565 0.011979 0.034722
0 0.586719 0.684028 0.011979 0.034722
0 0.596354 0.684954 0.011979 0.034722
0 0.605990 0.685417 0.011979 0.034722
0 0.615365 0.686806 0.011979 0.034722
0 0.625260 0.687731 0.011979 0.034722
0 0.634375 0.688194 0.011979 0.034722
0 0.644010 0.689583 0.011979 0.034722
0 0.653906 0.690509 0.011979 0.034722
0 0.663281 0.690972 0.011979 0.034722
0 0.672656 0.691898 0.011979 0.034722
0 0.682292 0.691898 0.011979 0.034722
0 0.691927 0.692824 0.011979 0.034722
0 0.719531 0.695139 0.011979 0.034722
0 0.728646 0.695602 0.011979 0.034722
0 0.737240 0.696065 0.011979 0.034722
0 0.747396 0.697917 0.011979 0.034722
0 0.756250 0.697917 0.011979 0.034722
0 0.765365 0.698380 0.013021 0.033796
0 0.774219 0.699306 0.013021 0.033796
0 0.783594 0.698843 0.013021 0.033796
0 0.787500 0.738194 0.013021 0.033796
0 0.778125 0.737269 0.013021 0.033796
0 0.768750 0.737269 0.013021 0.033796
0 0.759896 0.737269 0.013021 0.033796
0 0.750260 0.736343 0.013021 0.033796
0 0.740885 0.735417 0.013021 0.033796
0 0.731771 0.734954 0.013021 0.033796
0 0.722396 0.734491 0.013021 0.033796
0 0.713542 0.733565 0.013021 0.033796
0 0.703646 0.733565 0.013021 0.033796
0 0.694010 0.732176 0.013021 0.033796
0 0.685156 0.731713 0.013021 0.033796
0 0.675521 0.730787 0.013021 0.033796
0 0.665365 0.730324 0.013021 0.033796
0 0.656250 0.729630 0.013021 0.035185
0 0.646745 0.729167 0.012240 0.036111
0 0.636849 0.728704 0.012240 0.036111
0 0.626953 0.727778 0.012240 0.036111
0 0.617057 0.726852 0.012240 0.036111
0 0.607422 0.725463 0.012240 0.036111
0 0.597526 0.725000 0.012240 0.036111
0 0.588151 0.724074 0.012240 0.036111
0 0.578776 0.723611 0.012240 0.036111
0 0.568490 0.721991 0.011458 0.037500
0 0.569271 0.757639 0.011458 0.037500
0 0.579427 0.759028 0.011458 0.037500
0 0.589583 0.759028 0.011458 0.037500
0 0.599479 0.759491 0.011458 0.037500
0 0.609115 0.760417 0.011458 0.037500
0 0.619010 0.761343 0.011458 0.037500
0 0.629167 0.761806 0.011458 0.037500
0 0.638542 0.763194 0.011458 0.037500
0 0.648177 0.762269 0.011458 0.037500
0 0.658073 0.764120 0.011458 0.037500
0 0.667969 0.765278 0.011979 0.036111
0 0.677344 0.765278 0.011979 0.036111
0 0.686719 0.765278 0.011979 0.036111
0 0.696615 0.766204 0.011979 0.036111
0 0.705990 0.767130 0.011979 0.036111
0 0.715625 0.767593 0.011979 0.036111
0 0.725260 0.768056 0.011979 0.036111
0 0.734375 0.768981 0.011979 0.036111
0 0.744271 0.768981 0.012500 0.035185
0 0.753385 0.769444 0.012500 0.035185
0 0.762760 0.769907 0.012500 0.035185
0 0.772135 0.770833 0.012500 0.035185
0 0.781510 0.771296 0.012500 0.035185
0 0.790885 0.771759 0.012500 0.035185
0 0.787500 0.811111 0.012500 0.035185
0 0.778125 0.810648 0.012500 0.035185
0 0.768750 0.810648 0.012500 0.035185
0 0.759375 0.809259 0.012500 0.035185
0 0.749740 0.809259 0.012500 0.035185
0 0.740365 0.808796 0.012500 0.035185
0 0.730729 0.807407 0.012500 0.035185
0 0.721354 0.806481 0.012500 0.035185
0 0.711458 0.806481 0.012500 0.035185
0 0.702083 0.806481 0.012500 0.035185
0 0.691927 0.805556 0.012500 0.035185
0 0.682292 0.805093 0.012500 0.036111
0 0.672656 0.804630 0.012500 0.036111
0 0.663021 0.803704 0.012500 0.036111
0 0.653125 0.803704 0.012500 0.036111
0 0.642969 0.802778 0.012500 0.036111
0 0.633333 0.802315 0.012500 0.036111
0 0.623437 0.801852 0.012500 0.036111
0 0.613542 0.800926 0.012500 0.036111
0 0.603385 0.800463 0.012500 0.037037
0 0.593229 0.799537 0.012500 0.037037
0 0.583594 0.799074 0.012500 0.037037
0 0.573698 0.798148 0.012500 0.037037
0 0.563281 0.797685 0.012500 0.037037
0 0.553125 0.797222 0.012500 0.037037
0 0.543229 0.796991 0.011458 0.037500
0 0.543620 0.834259 0.012240 0.038889
0 0.553776 0.833796 0.012240 0.038889
0 0.564453 0.834722 0.012240 0.038889
0 0.574609 0.834722 0.012240 0.038889
0 0.584505 0.835648 0.012240 0.038889
0 0.594922 0.836574 0.012240 0.038889
0 0.604557 0.836574 0.012240 0.038889
0 0.614974 0.837963 0.012240 0.038889
0 0.624870 0.837963 0.012240 0.038889
0 0.635156 0.838657 0.012500 0.038426
0 0.645052 0.839120 0.012500 0.038426
0 0.654948 0.839583 0.012500 0.038426
0 0.664844 0.839583 0.012500 0.038426
0 0.675000 0.840509 0.012500 0.038426
0 0.684635 0.840972 0.012500 0.038426
0 0.694531 0.841435 0.012500 0.038426
0 0.704167 0.842130 0.013021 0.037963
0 0.713802 0.842593 0.013021 0.037963
0 0.723177 0.842593 0.013021 0.037963
0 0.733333 0.843519 0.013021 0.037963
0 0.742969 0.844444 0.013542 0.037037
0 0.752604 0.844907 0.013542 0.037037
0 0.762500 0.844907 0.013542 0.037037
0 0.771615 0.845370 0.013542 0.037037
0 0.781380 0.846065 0.013281 0.037500
0 0.791146 0.846759 0.013542 0.037037
0 0.794531 0.886111 0.013542 0.037037
0 0.785156 0.885648 0.013542 0.037037
0 0.775000 0.885185 0.013542 0.037037
0 0.765625 0.885185 0.013542 0.037037
0 0.755990 0.884722 0.013542 0.037037
0 0.746094 0.885185 0.013542 0.037037
0 0.736979 0.884722 0.013542 0.037037
0 0.727344 0.884722 0.013542 0.037037
0 0.717187 0.883796 0.013542 0.037037
0 0.707292 0.883796 0.013542 0.037037
0 0.697135 0.883796 0.013021 0.037963
0 0.687500 0.883796 0.013021 0.037963
0 0.677344 0.883333 0.013021 0.037963
0 0.667708 0.883565 0.012500 0.038426
0 0.657292 0.882639 0.012500 0.038426
0 0.647135 0.882176 0.012500 0.038426
0 0.637240 0.882176 0.012500 0.038426
0 0.627083 0.882176 0.012500 0.038426
0 0.616667 0.881713 0.012500 0.038426
0 0.606510 0.880787 0.012500 0.038426
0 0.596615 0.880787 0.012500 0.038426
0 0.585938 0.879861 0.012500 0.038426
0 0.575781 0.879861 0.012500 0.038426
0 0.565365 0.879398 0.012500 0.038426
0 0.554948 0.879398 0.012500 0.038426
0 0.544531 0.879398 0.011458 0.039352
0 0.687630 0.165278 0.009635 0.023148
0 0.695443 0.166667 0.009635 0.023148
0 0.702734 0.168056 0.009635 0.023148
0 0.710547 0.169444 0.009635 0.023148
0 0.718620 0.170833 0.009635 0.023148
0 0.725911 0.172222 0.009635 0.023148
0 0.733203 0.173148 0.009635 0.023148
0 0.741016 0.174537 0.009635 0.023148
0 0.748568 0.175463 0.009635 0.023148
0 0.757943 0.175926 0.009635 0.023148
0 0.765755 0.177546 0.010156 0.024537
0 0.773828 0.178935 0.010156 0.024537
0 0.775911 0.203009 0.010156 0.024537
0 0.767839 0.201157 0.010156 0.024537
0 0.760026 0.199769 0.010156 0.024537
0 0.751172 0.198843 0.010156 0.024537
0 0.743359 0.197917 0.010156 0.024537
0 0.735547 0.196065 0.010156 0.024537
0 0.728255 0.195139 0.010156 0.024537
0 0.720443 0.193750 0.010156 0.024537
0 0.712891 0.192361 0.010156 0.024537
0 0.705599 0.190972 0.010156 0.024537
0 0.697266 0.189583 0.010156 0.024537
0 0.689453 0.188194 0.010156 0.024537
0 0.691797 0.215509 0.010156 0.024537
0 0.699609 0.216898 0.010156 0.024537
0 0.707422 0.217824 0.010156 0.024537
0 0.714974 0.219213 0.010156 0.024537
0 0.722786 0.220602 0.010156 0.024537
0 0.730599 0.221991 0.010156 0.024537
0 0.738411 0.222454 0.010156 0.024537
0 0.745964 0.223843 0.010156 0.024537
0 0.753776 0.225231 0.010156 0.024537
0 0.763281 0.227315 0.010937 0.025000
0 0.771615 0.228704 0.010937 0.025000
0 0.779687 0.230093 0.010937 0.025000
0 0.782031 0.254630 0.010937 0.025926
0 0.773698 0.253241 0.010937 0.025926
0 0.765885 0.251852 0.010937 0.025926
0 0.755859 0.249537 0.010156 0.025000
0 0.748047 0.247222 0.010156 0.025000
0 0.740234 0.245833 0.010156 0.025000
0 0.732161 0.244907 0.010156 0.025000
0 0.724870 0.243519 0.010156 0.025000
0 0.717057 0.243056 0.010156 0.025000
0 0.709245 0.241667 0.010156 0.025000
0 0.701432 0.240278 0.010156 0.025000
0 0.693359 0.238889 0.010156 0.025000
0 0.695443 0.266667 0.010156 0.025000
0 0.703516 0.268519 0.010156 0.025000
0 0.711068 0.268981 0.010156 0.025000
0 0.719401 0.271296 0.010156 0.025000
0 0.727734 0.272222 0.010156 0.025000
0 0.735286 0.273148 0.010156 0.025000
0 0.743099 0.274074 0.010156 0.025000
0 0.750911 0.275926 0.010156 0.025000
0 0.758984 0.276852 0.010156 0.025000
0 0.768359 0.276389 0.010156 0.025000
0 0.776563 0.278472 0.009896 0.026389
0 0.784635 0.279167 0.010937 0.026852
0 0.787760 0.304630 0.010937 0.026852
0 0.778906 0.303704 0.010937 0.026852
0 0.771094 0.302315 0.010937 0.026852
0 0.761198 0.301620 0.010417 0.026389
0 0.753385 0.300231 0.010417 0.026389
0 0.745573 0.298380 0.010417 0.026389
0 0.737240 0.297454 0.010417 0.026389
0 0.729688 0.296065 0.010417 0.026389
0 0.721354 0.295139 0.010417 0.026389
0 0.713281 0.293750 0.010417 0.026389
0 0.705208 0.293287 0.010417 0.026389
0 0.697656 0.291898 0.010417 0.026389
0 0.699479 0.320139 0.010417 0.026389
0 0.707552 0.321991 0.010417 0.026389
0 0.715885 0.323380 0.010417 0.026389
0 0.723958 0.324306 0.010417 0.026389
0 0.732031 0.325231 0.010417 0.026389
0 0.739844 0.326620 0.010417 0.026389
0 0.748177 0.327083 0.010417 0.026389
0 0.756250 0.328935 0.010417 0.026389
0 0.764583 0.330324 0.010417 0.026389
0 0.773958 0.328009 0.010417 0.026389
0 0.782292 0.328935 0.010417 0.026389
0 0.790365 0.330787 0.010417 0.026389
0 0.793359 0.357407 0.011198 0.027778
0 0.784766 0.355556 0.011198 0.027778
0 0.776693 0.354630 0.011198 0.027778
0 0.766927 0.355324 0.010937 0.026389
0 0.758333 0.353472 0.010937 0.026389
0 0.750781 0.352546 0.010937 0.026389
0 0.742448 0.351620 0.010937 0.026389
0 0.734375 0.350694 0.010937 0.026389
0 0.726042 0.349769 0.010937 0.026389
0 0.717448 0.347917 0.010937 0.026389
0 0.709375 0.346991 0.010937 0.026389
0 0.701562 0.346065 0.010937 0.026389
0 0.703385 0.372454 0.010937 0.026389
0 0.711979 0.373148 0.010417 0.027778
0 0.720052 0.374537 0.010417 0.027778
0 0.728385 0.375463 0.010417 0.027778
0 0.736458 0.375463 0.010417 0.027778
0 0.744792 0.377315 0.010417 0.027778
0 0.753125 0.378704 0.010417 0.027778
0 0.761198 0.379167 0.010417 0.027778
0 0.769271 0.380556 0.010417 0.027778
0 0.779427 0.381481 0.010417 0.027778
0 0.787760 0.382407 0.010417 0.027778
0 0.796094 0.383333 0.010417 0.027778
0 0.798698 0.411343 0.010417 0.028241
0 0.790365 0.409954 0.010417 0.028241
0 0.781771 0.409028 0.010937 0.028241
0 0.771875 0.406713 0.010937 0.028241
0 0.763542 0.405787 0.010937 0.028241
0 0.755208 0.404398 0.010937 0.028241
0 0.746875 0.403935 0.010937 0.028241
0 0.738802 0.403009 0.010937 0.028241
0 0.730469 0.401620 0.010937 0.028241
0 0.722135 0.400694 0.010937 0.028241
0 0.714323 0.399306 0.010937 0.028241
0 0.705990 0.398380 0.010937 0.028241
0 0.707812 0.429398 0.010937 0.028241
0 0.716406 0.430787 0.010937 0.028241
0 0.725000 0.431713 0.010937 0.028241
0 0.733333 0.433102 0.010937 0.028241
0 0.741667 0.434028 0.010937 0.028241
0 0.750260 0.434954 0.010937 0.028241
0 0.758333 0.435880 0.010937 0.028241
0 0.766406 0.437269 0.010937 0.028241
0 0.774740 0.437731 0.010937 0.028241
0 0.785156 0.437269 0.010937 0.028241
0 0.793620 0.438426 0.011719 0.029630
0 0.801953 0.439352 0.011719 0.029630
0 0.805469 0.468287 0.011979 0.031019
0 0.796615 0.467361 0.011979 0.031019
0 0.788021 0.466435 0.011979 0.031019
0 0.777604 0.465741 0.011458 0.029630
0 0.768750 0.464352 0.011458 0.029630
0 0.760677 0.463426 0.011458 0.029630
0 0.752344 0.462037 0.011458 0.029630
0 0.744271 0.461574 0.011458 0.029630
0 0.735677 0.460185 0.011458 0.029630
0 0.726823 0.459259 0.011458 0.029630
0 0.719010 0.458796 0.011458 0.029630
0 0.709375 0.456944 0.011458 0.029630
0 0.712500 0.489815 0.011458 0.029630
0 0.721094 0.490741 0.011458 0.029630
0 0.729427 0.491204 0.011458 0.029630
0 0.738281 0.493056 0.011458 0.029630
0 0.746875 0.493519 0.011458 0.029630
0 0.755469 0.494907 0.011458 0.029630
0 0.763802 0.495370 0.011458 0.029630
0 0.772396 0.496759 0.011458 0.029630
0 0.780729 0.497685 0.011458 0.029630
0 0.791406 0.499074 0.011458 0.029630
0 0.800000 0.499306 0.011979 0.031019
0 0.808854 0.500231 0.011979 0.031019
0 0.812500 0.530787 0.011979 0.031019
0 0.803125 0.528935 0.011979 0.031019
0 0.794531 0.528472 0.011979 0.031019
0 0.784115 0.527083 0.011979 0.031019
0 0.775260 0.525463 0.011458 0.030556
0 0.766406 0.525000 0.011458 0.030556
0 0.758073 0.523611 0.011458 0.030556
0 0.748958 0.522685 0.011458 0.030556
0 0.740625 0.521759 0.011458 0.030556
0 0.732031 0.520370 0.011458 0.030556
0 0.722917 0.519444 0.011458 0.030556
0 0.715104 0.518056 0.011458 0.030556
0 0.717969 0.558796 0.011458 0.030556
0 0.726823 0.559722 0.011458 0.030556
0 0.735156 0.560648 0.011458 0.030556
0 0.744010 0.562037 0.011458 0.030556
0 0.753125 0.562963 0.011458 0.030556
0 0.761458 0.563889 0.011458 0.030556
0 0.770573 0.564352 0.011458 0.030556
0 0.779167 0.565741 0.011458 0.030556
0 0.788021 0.566667 0.011458 0.030556
0 0.798307 0.565278 0.011719 0.032407
0 0.807422 0.566667 0.011719 0.032407
0 0.816276 0.567824 0.012240 0.031944
0 0.819661 0.598380 0.012240 0.031944
0 0.810547 0.597917 0.012240 0.031944
0 0.801693 0.596991 0.012240 0.031944
0 0.790885 0.597685 0.011979 0.030556
0 0.782292 0.597222 0.011979 0.030556
0 0.773177 0.595833 0.011979 0.030556
0 0.764583 0.595370 0.011979 0.030556
0 0.755729 0.594444 0.011979 0.030556
0 0.747135 0.593981 0.011979 0.030556
0 0.737760 0.592593 0.011979 0.030556
0 0.729427 0.591204 0.011979 0.030556
0 0.720313 0.590278 0.011979 0.030556
