0 0.465495 0.167593 0.019010 0.046296
0 0.464453 0.213657 0.019010 0.046759
0 0.462500 0.263889 0.020833 0.049074
0 0.461068 0.312269 0.020573 0.051389
0 0.458854 0.366204 0.019792 0.053704
0 0.456901 0.420139 0.020573 0.054167
0 0.455339 0.479398 0.021615 0.058796
0 0.453255 0.538426 0.022656 0.064815
0 0.451042 0.602546 0.023438 0.068056
0 0.448568 0.670833 0.024219 0.069444
0 0.443880 0.743519 0.025260 0.074074
0 0.442969 0.819676 0.026042 0.076389
0 0.483203 0.167130 0.019010 0.046296
0 0.482292 0.213194 0.019271 0.048611
0 0.480208 0.264120 0.019271 0.048611
0 0.479036 0.313889 0.019531 0.051852
0 0.476953 0.366435 0.020573 0.052315
0 0.475521 0.423380 0.021354 0.056019
0 0.474479 0.478472 0.021354 0.059722
0 0.473177 0.538657 0.022917 0.061574
0 0.471484 0.603472 0.022656 0.063426
0 0.469792 0.669213 0.022917 0.067130
0 0.467578 0.743981 0.025260 0.075926
0 0.465104 0.819213 0.025000 0.081019
0 0.500391 0.168519 0.019010 0.046296
0 0.517578 0.167130 0.019010 0.046296
0 0.534505 0.167130 0.019010 0.046296
0 0.552214 0.168056 0.019010 0.046296
0 0.568620 0.166667 0.019010 0.046296
0 0.637760 0.165046 0.020313 0.048611
0 0.654948 0.165509 0.020313 0.048611
0 0.672135 0.164583 0.022396 0.047685
0 0.689063 0.162731 0.022396 0.047685
0 0.707031 0.163194 0.022396 0.047685
0 0.724479 0.161806 0.022396 0.047685
0 0.499349 0.212963 0.020052 0.047222
0 0.498698 0.264815 0.020313 0.050926
0 0.497656 0.313426 0.020313 0.050926
0 0.496745 0.367593 0.020573 0.054630
0 0.495703 0.420370 0.021615 0.055556
0 0.495052 0.479630 0.022396 0.060185
0 0.494141 0.537037 0.022656 0.062963
0 0.492448 0.603472 0.022917 0.064352
0 0.490234 0.669444 0.023698 0.068519
0 0.489583 0.744444 0.025000 0.073148
0 0.488281 0.821065 0.026562 0.078241
0 0.516667 0.212731 0.019271 0.048611
0 0.516536 0.262963 0.019531 0.050926
0 0.515755 0.312963 0.019010 0.053704
0 0.514714 0.366435 0.021094 0.055093
0 0.514714 0.419213 0.021094 0.055093
0 0.514193 0.479167 0.021615 0.059259
0 0.513411 0.536574 0.021615 0.059259
0 0.513802 0.603935 0.023438 0.066204
0 0.513281 0.668981 0.023438 0.070370
0 0.512109 0.744676 0.024740 0.076389
0 0.511458 0.820602 0.024479 0.080093
0 0.535156 0.211806 0.019271 0.047685
0 0.534505 0.263194 0.019531 0.048611
0 0.534115 0.313194 0.019271 0.049537
0 0.534115 0.367130 0.019792 0.056481
0 0.533333 0.420370 0.019792 0.056481
0 0.534766 0.478241 0.021094 0.059259
0 0.534505 0.537037 0.021094 0.059259
0 0.533984 0.604398 0.022135 0.065278
0 0.534375 0.670833 0.023958 0.071296
0 0.533724 0.743750 0.024740 0.074537
0 0.535026 0.820833 0.025260 0.080556
0 0.551693 0.211574 0.019010 0.046296
0 0.552865 0.264120 0.019792 0.052315
0 0.552865 0.313657 0.019792 0.052315
0 0.552734 0.365741 0.021094 0.055556
0 0.553776 0.419907 0.021094 0.055556
0 0.553646 0.478241 0.021875 0.058333
0 0.553776 0.536574 0.022135 0.059259
0 0.554818 0.604630 0.022656 0.066667
0 0.555859 0.669676 0.024219 0.070833
0 0.555990 0.743981 0.025000 0.075926
0 0.557161 0.819907 0.026302 0.079630
0 0.569661 0.211806 0.018490 0.048611
0 0.570964 0.263657 0.019531 0.048611
0 0.570964 0.312037 0.020052 0.052778
0 0.574219 0.478241 0.021354 0.060185
0 0.574609 0.536806 0.022656 0.063426
0 0.575911 0.604861 0.024219 0.064352
0 0.577214 0.670833 0.025781 0.071296
0 0.578646 0.744444 0.027083 0.074074
0 0.579167 0.820370 0.027083 0.078704
0 0.588932 0.262731 0.019531 0.048611
0 0.589583 0.311806 0.019792 0.053241
0 0.590625 0.365278 0.020833 0.055556
0 0.591016 0.419444 0.022656 0.056481
0 0.593620 0.477315 0.022656 0.056481
0 0.595833 0.536806 0.023958 0.061574
0 0.596615 0.604630 0.025000 0.065741
0 0.598568 0.671296 0.026823 0.070370
0 0.599870 0.745139 0.028385 0.074537
0 0.603906 0.820370 0.027604 0.077778
0 0.606901 0.260880 0.019531 0.048611
0 0.608984 0.311343 0.021094 0.050463
0 0.609635 0.363194 0.022396 0.053241
0 0.610938 0.418287 0.022396 0.055093
0 0.613542 0.478241 0.022396 0.056481
0 0.616536 0.536111 0.024219 0.060185
0 0.617578 0.604167 0.024740 0.065741
0 0.619922 0.672222 0.025781 0.069444
0 0.623177 0.745602 0.029167 0.076389
0 0.627344 0.820139 0.029167 0.076389
0 0.625000 0.260648 0.021354 0.051852
0 0.626823 0.310648 0.021354 0.051852
0 0.627995 0.363657 0.022135 0.053241
0 0.630208 0.417130 0.021875 0.057407
0 0.634245 0.477083 0.023177 0.056944
0 0.636719 0.536343 0.025521 0.063426
0 0.639323 0.605556 0.025521 0.063889
0 0.642318 0.672222 0.027865 0.070370
0 0.646094 0.745833 0.028646 0.075000
0 0.650000 0.822222 0.029167 0.080556
0 0.654818 0.476157 0.023177 0.056944
0 0.657943 0.536806 0.024219 0.062500
0 0.639583 0.210417 0.020313 0.048611
0 0.644010 0.260880 0.021354 0.051389
0 0.646224 0.309722 0.023177 0.054630
0 0.661589 0.605093 0.026302 0.067593
0 0.665625 0.673148 0.027083 0.070370
0 0.668099 0.745833 0.028385 0.075926
0 0.672786 0.822222 0.030469 0.078704
0 0.658073 0.209491 0.021354 0.046759
0 0.662109 0.259722 0.022656 0.049074
0 0.664193 0.309722 0.024740 0.054630
0 0.669141 0.362500 0.024740 0.054630
0 0.671615 0.416898 0.025521 0.056019
0 0.674609 0.476389 0.024740 0.058333
0 0.678906 0.536343 0.025521 0.064352
0 0.682422 0.605787 0.027344 0.066204
0 0.686198 0.673380 0.028646 0.068056
0 0.691927 0.746065 0.029687 0.074537
0 0.695573 0.821528 0.031250 0.077315
0 0.675391 0.209491 0.024740 0.047685
0 0.679948 0.259491 0.025000 0.051389
0 0.682292 0.308565 0.025000 0.051389
0 0.686328 0.362037 0.025260 0.053704
0 0.693229 0.417130 0.026562 0.056481
0 0.694010 0.476157 0.026562 0.059722
0 0.699349 0.536574 0.028385 0.062963
0 0.704167 0.605787 0.028646 0.066204
0 0.709505 0.673611 0.029948 0.069444
0 0.715625 0.746065 0.030729 0.073611
0 0.720703 0.822685 0.031510 0.078704
0 0.695052 0.212731 0.022396 0.047685
0 0.698568 0.260185 0.024219 0.050000
0 0.702474 0.307639 0.023698 0.053241
0 0.705859 0.360880 0.024740 0.055093
0 0.710547 0.415509 0.024740 0.055093
0 0.715755 0.475231 0.027344 0.057870
0 0.720833 0.536343 0.028125 0.060648
0 0.725391 0.606250 0.029427 0.067130
0 0.732943 0.673611 0.029948 0.070370
0 0.735417 0.747685 0.031250 0.075926
0 0.743229 0.823611 0.031250 0.075926
0 0.711328 0.208102 0.024740 0.047685
0 0.717057 0.259028 0.024740 0.047685
0 0.721094 0.309491 0.025521 0.054167
0 0.726562 0.360880 0.025521 0.054167
0 0.729948 0.415509 0.025521 0.054167
0 0.736198 0.476620 0.027604 0.057870
0 0.740885 0.536806 0.028125 0.061574
0 0.746875 0.607176 0.028646 0.064352
0 0.754297 0.673843 0.029948 0.069907
0 0.759505 0.747685 0.030990 0.075000
0 0.766797 0.822454 0.032031 0.078241
0 0.729167 0.206481 0.025000 0.048148
0 0.734505 0.256713 0.026302 0.050463
0 0.739844 0.306713 0.027604 0.053241
0 0.744661 0.359954 0.025260 0.054167
0 0.749740 0.415509 0.027083 0.056944
0 0.756510 0.477315 0.028125 0.062037
0 0.762240 0.535417 0.026562 0.061574
0 0.768880 0.606250 0.028906 0.065278
0 0.775130 0.673843 0.031510 0.068981
0 0.782943 0.747454 0.033073 0.075463
0 0.789844 0.824074 0.031771 0.077778
0 0.747135 0.206019 0.025000 0.048148
0 0.754297 0.256481 0.025781 0.052778
0 0.759505 0.305093 0.025781 0.052778
0 0.764062 0.360185 0.026042 0.054630
0 0.770052 0.414815 0.026042 0.054630
0 0.777214 0.476157 0.030469 0.060648
0 0.797005 0.674074 0.031510 0.071296
0 0.805729 0.746296 0.032813 0.075000
