0 0.087240 0.225231 0.007292 0.017130
0 0.092578 0.224074 0.008073 0.017593
0 0.098307 0.223148 0.008073 0.017593
0 0.103776 0.222685 0.008073 0.017593
0 0.108984 0.221296 0.008073 0.017593
0 0.114974 0.220370 0.008073 0.017593
0 0.120182 0.218981 0.008073 0.017593
0 0.125911 0.218056 0.008073 0.017593
0 0.131380 0.216667 0.008073 0.017593
0 0.139714 0.215278 0.008073 0.017593
0 0.145182 0.213889 0.008073 0.017593
0 0.150651 0.212500 0.007031 0.018519
0 0.156120 0.211574 0.007031 0.018519
0 0.161849 0.210648 0.007031 0.018519
0 0.167318 0.209722 0.007031 0.018519
0 0.184505 0.206481 0.007031 0.018519
0 0.172526 0.207407 0.007031 0.018519
0 0.178255 0.206481 0.007031 0.018519
0 0.190234 0.205556 0.007031 0.018519
0 0.195964 0.204167 0.007031 0.018519
0 0.201693 0.202778 0.007031 0.018519
0 0.207161 0.201852 0.007031 0.018519
0 0.213802 0.200000 0.007292 0.019444
0 0.220312 0.198148 0.007292 0.019444
0 0.218490 0.216667 0.007292 0.019444
0 0.212500 0.217130 0.007292 0.019444
0 0.206250 0.218519 0.007292 0.019444
0 0.200000 0.219444 0.007292 0.019444
0 0.194531 0.220370 0.007292 0.019444
0 0.188281 0.222222 0.007292 0.019444
0 0.182812 0.223148 0.007292 0.019444
0 0.177344 0.224074 0.007292 0.019444
0 0.171094 0.225000 0.007292 0.019444
0 0.165365 0.226389 0.007292 0.019444
0 0.159896 0.227778 0.007292 0.019444
0 0.154167 0.228704 0.007292 0.019444
0 0.148698 0.230093 0.007292 0.019444
0 0.143229 0.231944 0.007292 0.019444
0 0.137500 0.232407 0.007292 0.019444
0 0.129427 0.233565 0.007292 0.018056
0 0.123958 0.234954 0.007292 0.018056
0 0.118229 0.236343 0.007292 0.018056
0 0.112500 0.238194 0.007292 0.018056
0 0.106641 0.238657 0.007552 0.018981
0 0.100911 0.239583 0.007552 0.018981
0 0.095703 0.240972 0.007552 0.018981
0 0.090234 0.241435 0.007552 0.018981
0 0.084505 0.242824 0.007552 0.018981
0 0.081901 0.262269 0.007552 0.018981
0 0.087370 0.262269 0.007552 0.018981
0 0.098568 0.259954 0.007552 0.018981
0 0.092578 0.259954 0.007552 0.018981
0 0.104036 0.259028 0.007552 0.018981
0 0.109505 0.257639 0.007552 0.018981
0 0.115495 0.257639 0.007552 0.018981
0 0.120703 0.256250 0.007552 0.018981
0 0.126953 0.255324 0.007552 0.018981
0 0.134505 0.253009 0.007552 0.018981
0 0.140755 0.252083 0.007552 0.018981
0 0.146224 0.251157 0.007552 0.018981
0 0.151953 0.250231 0.007552 0.018981
0 0.157422 0.248843 0.007552 0.018981
0 0.163411 0.247454 0.007552 0.018981
0 0.169141 0.246528 0.007552 0.018981
0 0.174870 0.244676 0.007552 0.018981
0 0.186198 0.242361 0.007292 0.018981
0 0.180599 0.243287 0.007552 0.018981
0 0.192188 0.242361 0.007292 0.018981
0 0.197656 0.240972 0.007292 0.018981
0 0.204167 0.240046 0.007292 0.018981
0 0.210677 0.238194 0.007292 0.018981
0 0.216927 0.236806 0.007292 0.018981
0 0.202083 0.257639 0.007292 0.018981
0 0.196094 0.258565 0.007292 0.018981
0 0.189844 0.259954 0.007292 0.018981
0 0.184635 0.260880 0.007292 0.018981
0 0.178906 0.261806 0.007292 0.018981
0 0.172656 0.263657 0.007292 0.018981
0 0.167187 0.263657 0.007292 0.018981
0 0.161198 0.264815 0.006771 0.019444
0 0.155469 0.266667 0.006771 0.019444
0 0.149740 0.268056 0.006771 0.019444
0 0.144010 0.268519 0.006771 0.019444
0 0.138542 0.269444 0.006771 0.019444
0 0.132812 0.269907 0.006771 0.019444
0 0.124219 0.272685 0.006771 0.019444
0 0.119010 0.273611 0.006771 0.019444
0 0.113151 0.275231 0.007031 0.018981
0 0.107682 0.276157 0.007031 0.018981
0 0.101953 0.277083 0.007031 0.018981
0 0.095964 0.278009 0.007031 0.018981
0 0.090495 0.278935 0.007031 0.018981
0 0.085026 0.279398 0.007031 0.018981
0 0.079297 0.280787 0.007552 0.020833
0 0.076302 0.300694 0.007292 0.018981
0 0.082031 0.300231 0.007292 0.018981
0 0.087500 0.299306 0.008333 0.019907
0 0.093490 0.297917 0.008333 0.019907
0 0.099219 0.296065 0.008333 0.019907
0 0.104948 0.295139 0.008333 0.019907
0 0.110417 0.294676 0.008333 0.019907
0 0.116667 0.294213 0.008333 0.019907
0 0.122135 0.292824 0.008333 0.019907
0 0.130469 0.290972 0.008333 0.019907
0 0.135937 0.289583 0.008333 0.019907
0 0.141667 0.288657 0.008333 0.019907
0 0.147656 0.288194 0.008333 0.019907
0 0.153125 0.287269 0.008333 0.019907
0 0.159115 0.285880 0.008333 0.019907
0 0.164583 0.284954 0.008333 0.019907
0 0.170313 0.283565 0.008333 0.019907
0 0.176042 0.282639 0.008333 0.019907
0 0.182031 0.281250 0.008333 0.019907
0 0.188281 0.280324 0.008333 0.019907
0 0.194010 0.279398 0.008333 0.019907
0 0.200260 0.277546 0.008333 0.019907
0 0.198698 0.296065 0.008333 0.019907
0 0.192188 0.297454 0.008333 0.019907
0 0.186198 0.298380 0.008333 0.019907
0 0.180208 0.300231 0.008333 0.019907
0 0.174740 0.300694 0.008333 0.019907
0 0.168750 0.301620 0.008333 0.019907
0 0.162760 0.302083 0.008333 0.019907
0 0.157031 0.304398 0.008333 0.019907
0 0.151302 0.305324 0.008333 0.019907
0 0.145573 0.305787 0.008333 0.019907
0 0.139583 0.307639 0.008333 0.019907
0 0.133854 0.308565 0.008333 0.019907
0 0.127604 0.309954 0.008333 0.019907
0 0.119792 0.311343 0.008333 0.019907
0 0.113802 0.312731 0.008333 0.019907
0 0.108073 0.313657 0.008333 0.019907
0 0.102083 0.314120 0.008333 0.019907
0 0.096615 0.315972 0.008333 0.019907
0 0.090365 0.316898 0.008333 0.019907
0 0.084896 0.317824 0.008333 0.019907
0 0.079687 0.318750 0.008333 0.019907
0 0.073958 0.319676 0.008333 0.019907
0 0.070964 0.340509 0.008073 0.018981
0 0.076693 0.340509 0.008073 0.018981
0 0.082161 0.338194 0.008073 0.018981
0 0.088151 0.338194 0.008073 0.018981
0 0.093620 0.337269 0.008073 0.018981
0 0.099349 0.335880 0.008073 0.018981
0 0.105339 0.334491 0.008073 0.018981
0 0.111328 0.334491 0.008073 0.018981
0 0.117318 0.333102 0.008073 0.018981
0 0.124870 0.331250 0.008073 0.018981
0 0.130859 0.329861 0.008073 0.018981
0 0.137109 0.329398 0.008073 0.018981
0 0.143099 0.327546 0.008073 0.018981
0 0.166536 0.323380 0.008073 0.018981
0 0.172526 0.322454 0.008073 0.018981
0 0.177734 0.321065 0.008073 0.018981
0 0.184505 0.320139 0.008073 0.018981
0 0.189453 0.318750 0.008073 0.018981
0 0.196224 0.318287 0.008073 0.018981
0 0.194401 0.337269 0.008073 0.018981
0 0.187370 0.338194 0.008073 0.018981
0 0.181901 0.339120 0.008073 0.018981
0 0.175911 0.340509 0.008073 0.018981
0 0.169922 0.341898 0.008073 0.018981
0 0.164453 0.341898 0.008073 0.018981
0 0.139974 0.346528 0.008073 0.018981
0 0.134505 0.346991 0.008073 0.018981
0 0.128516 0.348843 0.008073 0.018981
0 0.122786 0.349769 0.008073 0.018981
0 0.114974 0.351157 0.008073 0.018981
0 0.108724 0.352083 0.008073 0.018981
0 0.102995 0.353935 0.008073 0.018981
0 0.097005 0.354861 0.008073 0.018981
0 0.091146 0.355556 0.007812 0.019444
0 0.085938 0.356019 0.007812 0.019444
0 0.079687 0.358333 0.007812 0.019444
0 0.073698 0.358333 0.007812 0.019444
0 0.068490 0.359722 0.007812 0.019444
0 0.065234 0.381250 0.007552 0.019907
0 0.070964 0.380787 0.007552 0.019907
0 0.076693 0.380324 0.007552 0.019907
0 0.082682 0.378472 0.007552 0.019907
0 0.088411 0.377546 0.007552 0.019907
0 0.094401 0.376157 0.007552 0.019907
0 0.099870 0.375231 0.007552 0.019907
0 0.105859 0.374769 0.007552 0.019907
0 0.111849 0.372917 0.007552 0.019907
0 0.119922 0.371991 0.007552 0.019907
0 0.126172 0.371065 0.007552 0.019907
0 0.131901 0.369213 0.007552 0.019907
0 0.138151 0.368287 0.007552 0.019907
0 0.143880 0.367824 0.007552 0.019907
0 0.149609 0.367361 0.007552 0.019907
0 0.155339 0.365972 0.007552 0.019907
0 0.161589 0.364583 0.007552 0.019907
0 0.167578 0.363657 0.007552 0.019907
0 0.173307 0.362731 0.007552 0.019907
0 0.179297 0.361343 0.007552 0.019907
0 0.191536 0.360880 0.007552 0.019907
0 0.189714 0.378935 0.007552 0.019907
0 0.183464 0.379861 0.007552 0.019907
0 0.177474 0.380324 0.007552 0.019907
0 0.171484 0.382176 0.007552 0.019907
0 0.165495 0.383102 0.007552 0.019907
0 0.158984 0.384028 0.007552 0.019907
0 0.152995 0.385417 0.007552 0.019907
0 0.147266 0.386343 0.007552 0.019907
0 0.141536 0.386806 0.007552 0.019907
0 0.135286 0.388194 0.007552 0.019907
0 0.129557 0.389120 0.007552 0.019907
0 0.123568 0.390509 0.007552 0.019907
0 0.110286 0.391898 0.007552 0.019907
0 0.103255 0.393750 0.007552 0.019907
0 0.097526 0.395139 0.007552 0.019907
0 0.091536 0.396065 0.007552 0.019907
0 0.086068 0.396528 0.007552 0.019907
0 0.079818 0.398380 0.007552 0.019907
0 0.074089 0.399306 0.007552 0.019907
0 0.068359 0.399306 0.007552 0.019907
0 0.063151 0.399769 0.007552 0.019907
0 0.059766 0.420602 0.008594 0.020833
0 0.065234 0.421065 0.008594 0.020833
0 0.071484 0.419676 0.008594 0.020833
0 0.076693 0.418750 0.008594 0.020833
0 0.085807 0.411343 0.008594 0.020833
0 0.091276 0.410880 0.008594 0.020833
0 0.097526 0.409491 0.008594 0.020833
0 0.102995 0.409028 0.008594 0.020833
0 0.120182 0.414120 0.008594 0.020833
0 0.126953 0.413194 0.008594 0.020833
0 0.132161 0.412269 0.008594 0.020833
0 0.138411 0.411806 0.008594 0.020833
0 0.144661 0.410417 0.008594 0.020833
0 0.150391 0.409259 0.008073 0.021296
0 0.156380 0.408796 0.008073 0.021296
0 0.162370 0.407407 0.008073 0.021296
0 0.168620 0.406944 0.008073 0.021296
0 0.174609 0.406019 0.008073 0.021296
0 0.180859 0.405093 0.008073 0.021296
0 0.187109 0.404167 0.008073 0.021296
0 0.185286 0.424769 0.008594 0.020833
0 0.178776 0.425694 0.008594 0.020833
0 0.172786 0.425694 0.008594 0.020833
0 0.166536 0.427546 0.008594 0.020833
0 0.160547 0.428472 0.008594 0.020833
0 0.154297 0.428472 0.008594 0.020833
0 0.148568 0.430324 0.008594 0.020833
0 0.142318 0.430787 0.008594 0.020833
0 0.136328 0.431713 0.008594 0.020833
0 0.130078 0.432639 0.008594 0.020833
0 0.124089 0.433102 0.008594 0.020833
0 0.118099 0.434028 0.008594 0.020833
0 0.101432 0.428935 0.008594 0.020833
0 0.095182 0.429398 0.008594 0.020833
0 0.088672 0.430787 0.008594 0.020833
0 0.082422 0.432176 0.008594 0.020833
0 0.074349 0.438657 0.008594 0.020833
0 0.068359 0.439120 0.008594 0.020833
0 0.062630 0.440046 0.008594 0.020833
0 0.056641 0.440509 0.008594 0.020833
0 0.054036 0.461343 0.008594 0.020833
0 0.059505 0.460417 0.008594 0.020833
0 0.065755 0.459954 0.008594 0.020833
0 0.071484 0.459028 0.008594 0.020833
0 0.080078 0.452083 0.008594 0.020833
0 0.086328 0.451620 0.008594 0.020833
0 0.092057 0.450231 0.008594 0.020833
0 0.098828 0.449769 0.008594 0.020833
0 0.115234 0.457639 0.008594 0.020833
0 0.120964 0.456713 0.008594 0.020833
0 0.127214 0.456250 0.008594 0.020833
0 0.133203 0.455324 0.008594 0.020833
0 0.139193 0.454861 0.008594 0.020833
0 0.145443 0.453472 0.008594 0.020833
0 0.151693 0.452546 0.008594 0.020833
0 0.157682 0.452083 0.008594 0.020833
0 0.164193 0.450694 0.008594 0.020833
0 0.169922 0.449769 0.008594 0.020833
0 0.176432 0.448843 0.008594 0.020833
0 0.182682 0.447917 0.008594 0.020833
0 0.180859 0.468750 0.008594 0.020833
0 0.174609 0.470139 0.008594 0.020833
0 0.168359 0.471065 0.008594 0.020833
0 0.161849 0.470602 0.008594 0.020833
0 0.155078 0.472454 0.008594 0.020833
0 0.149089 0.473380 0.008594 0.020833
0 0.143099 0.473843 0.008594 0.020833
0 0.137109 0.475694 0.008594 0.020833
0 0.130599 0.475694 0.008594 0.020833
0 0.124870 0.477083 0.008594 0.020833
0 0.118620 0.478009 0.008594 0.020833
0 0.112370 0.478935 0.008594 0.020833
0 0.105339 0.479861 0.008594 0.020833
0 0.098307 0.481250 0.008594 0.020833
0 0.092318 0.482176 0.008594 0.020833
0 0.086068 0.482639 0.008594 0.020833
0 0.079557 0.484028 0.008594 0.020833
0 0.073568 0.484491 0.008594 0.020833
0 0.067578 0.485417 0.008594 0.020833
0 0.061589 0.486806 0.008594 0.020833
0 0.055339 0.487731 0.008594 0.020833
0 0.049609 0.488194 0.008594 0.020833
0 0.046354 0.512037 0.008854 0.022222
0 0.052083 0.512037 0.008854 0.022222
0 0.058073 0.511574 0.008854 0.022222
0 0.064323 0.510185 0.008854 0.022222
0 0.070573 0.509259 0.008854 0.022222
0 0.076563 0.507870 0.008854 0.022222
0 0.082812 0.506944 0.008854 0.022222
0 0.088802 0.506481 0.008854 0.022222
0 0.095052 0.506019 0.008854 0.022222
0 0.102344 0.503704 0.008854 0.022222
0 0.108854 0.503241 0.008854 0.022222
0 0.115104 0.502778 0.008854 0.022222
0 0.121354 0.501389 0.008854 0.022222
0 0.128125 0.500463 0.008854 0.022222
0 0.133854 0.500000 0.008854 0.022222
0 0.140365 0.498611 0.008854 0.022222
0 0.146094 0.497685 0.008854 0.022222
0 0.152604 0.496759 0.008854 0.022222
0 0.158854 0.495833 0.008854 0.022222
0 0.165365 0.494907 0.008854 0.022222
0 0.171354 0.494444 0.008854 0.022222
0 0.177604 0.492593 0.008854 0.022222
0 0.176302 0.514815 0.008854 0.022222
0 0.169531 0.515278 0.008854 0.022222
0 0.163021 0.515741 0.008854 0.022222
0 0.157292 0.516204 0.008854 0.022222
0 0.150521 0.516667 0.008854 0.022222
0 0.144531 0.518981 0.008854 0.022222
0 0.137500 0.519444 0.008854 0.022222
0 0.131771 0.520370 0.008854 0.022222
0 0.125260 0.522222 0.008854 0.022222
0 0.119271 0.523148 0.008854 0.022222
0 0.112760 0.524537 0.008854 0.022222
0 0.107031 0.524537 0.008854 0.022222
0 0.100521 0.525926 0.008854 0.022222
0 0.092708 0.526852 0.008854 0.022222
0 0.085938 0.528704 0.008854 0.022222
0 0.079948 0.529167 0.008854 0.022222
0 0.073958 0.530093 0.008854 0.022222
0 0.067187 0.530093 0.008854 0.022222
0 0.061979 0.531481 0.008854 0.022222
0 0.055469 0.531944 0.008854 0.022222
0 0.049479 0.532870 0.008854 0.022222
0 0.042969 0.533796 0.008854 0.022222
0 0.039714 0.559259 0.008594 0.022222
0 0.045703 0.557870 0.008594 0.022222
0 0.051953 0.556944 0.008594 0.022222
0 0.057943 0.556019 0.008594 0.022222
0 0.064193 0.555556 0.008594 0.022222
0 0.070443 0.555093 0.008594 0.022222
0 0.076693 0.553241 0.008594 0.022222
0 0.082943 0.553241 0.008594 0.022222
0 0.089453 0.552315 0.008594 0.022222
0 0.096745 0.550000 0.008594 0.022222
0 0.103516 0.549074 0.008594 0.022222
0 0.110026 0.548611 0.008594 0.022222
0 0.116016 0.548148 0.008594 0.022222
0 0.122266 0.547222 0.008594 0.022222
0 0.128776 0.546296 0.008594 0.022222
0 0.135286 0.545370 0.008594 0.022222
0 0.141276 0.543981 0.008594 0.022222
0 0.147526 0.543056 0.008594 0.022222
0 0.154036 0.542593 0.008594 0.022222
0 0.160286 0.542130 0.008594 0.022222
0 0.167057 0.541204 0.008594 0.022222
0 0.173568 0.539352 0.008594 0.022222
0 0.171484 0.561574 0.008594 0.022222
0 0.164714 0.562963 0.008594 0.022222
0 0.158203 0.564352 0.008594 0.022222
0 0.151953 0.564352 0.008594 0.022222
0 0.145443 0.565741 0.008594 0.022222
0 0.138932 0.566667 0.008594 0.022222
0 0.132682 0.567130 0.008594 0.022222
0 0.126953 0.568981 0.008594 0.022222
0 0.119661 0.569444 0.008594 0.022222
0 0.113932 0.570370 0.008594 0.022222
0 0.107422 0.571296 0.008594 0.022222
0 0.101172 0.571759 0.008594 0.022222
0 0.094141 0.573148 0.008594 0.022222
0 0.086328 0.574537 0.008594 0.022222
0 0.080078 0.575000 0.008594 0.022222
0 0.073568 0.575463 0.008594 0.022222
0 0.067578 0.576389 0.008594 0.022222
0 0.061328 0.577778 0.008594 0.022222
0 0.055078 0.578241 0.008594 0.022222
0 0.048828 0.579167 0.008594 0.022222
0 0.042839 0.580093 0.008594 0.022222
0 0.036328 0.580556 0.008594 0.022222
0 0.032422 0.607639 0.009115 0.022685
0 0.039193 0.606713 0.009115 0.022685
0 0.045182 0.606250 0.009115 0.022685
0 0.051172 0.605787 0.009115 0.022685
0 0.057682 0.604861 0.009115 0.022685
0 0.063672 0.603472 0.009115 0.022685
0 0.069922 0.603009 0.009115 0.022685
0 0.076693 0.602083 0.009115 0.022685
0 0.083203 0.601620 0.009115 0.022685
0 0.091276 0.600231 0.009115 0.022685
0 0.098047 0.599769 0.009115 0.022685
0 0.104036 0.598843 0.009115 0.022685
0 0.110547 0.597917 0.009115 0.022685
0 0.117318 0.596991 0.009115 0.022685
0 0.123047 0.596528 0.009115 0.022685
0 0.129818 0.595602 0.009115 0.022685
0 0.136328 0.594213 0.009115 0.022685
0 0.142578 0.593287 0.009115 0.022685
0 0.149089 0.592361 0.009115 0.022685
0 0.155859 0.591435 0.009115 0.022685
0 0.162630 0.591435 0.009115 0.022685
0 0.168620 0.589583 0.009115 0.022685
0 0.166276 0.613194 0.009635 0.024537
0 0.160286 0.613657 0.009635 0.024537
0 0.153255 0.614583 0.009635 0.024537
0 0.147005 0.615046 0.009635 0.024537
0 0.140495 0.615972 0.009635 0.024537
0 0.133984 0.616898 0.009635 0.024537
0 0.127734 0.617824 0.009635 0.024537
0 0.120703 0.618287 0.009635 0.024537
0 0.114453 0.619213 0.009635 0.024537
0 0.107943 0.620139 0.009635 0.024537
0 0.101693 0.621528 0.009635 0.024537
0 0.094922 0.621991 0.009635 0.024537
0 0.088151 0.622917 0.009635 0.024537
0 0.080339 0.624306 0.009635 0.024537
0 0.073828 0.624769 0.009635 0.024537
0 0.067057 0.626157 0.009635 0.024537
0 0.060547 0.626157 0.009635 0.024537
0 0.054297 0.627083 0.009635 0.024537
0 0.048307 0.628009 0.009635 0.024537
0 0.042057 0.628009 0.009635 0.024537
0 0.036068 0.628935 0.009635 0.024537
0 0.029818 0.629861 0.009635 0.024537
0 0.025391 0.654861 0.009635 0.024537
0 0.030859 0.654861 0.009635 0.024537
0 0.037630 0.653935 0.009635 0.024537
0 0.043880 0.653472 0.009635 0.024537
0 0.050130 0.652546 0.009635 0.024537
0 0.056120 0.651620 0.009635 0.024537
0 0.062630 0.651157 0.009635 0.024537
0 0.069141 0.650231 0.009635 0.024537
0 0.075911 0.650231 0.009635 0.024537
0 0.073307 0.672917 0.009635 0.024537
0 0.066536 0.673380 0.009635 0.024537
0 0.059245 0.673843 0.009635 0.024537
0 0.053776 0.675694 0.009635 0.024537
0 0.047786 0.676157 0.009635 0.024537
0 0.040495 0.677083 0.009635 0.024537
0 0.034505 0.678472 0.009635 0.024537
0 0.029036 0.678009 0.009635 0.024537
0 0.022526 0.679398 0.009635 0.024537
0 0.085026 0.648380 0.009635 0.024537
0 0.091276 0.647917 0.009635 0.024537
0 0.097526 0.646991 0.009635 0.024537
0 0.104297 0.646065 0.009635 0.024537
0 0.109766 0.644676 0.009635 0.024537
0 0.117057 0.643287 0.009635 0.024537
0 0.123307 0.643287 0.009635 0.024537
0 0.130599 0.640972 0.009635 0.024537
0 0.137109 0.640046 0.009635 0.024537
0 0.143880 0.639583 0.009635 0.024537
0 0.150130 0.639120 0.009635 0.024537
0 0.157422 0.637731 0.009635 0.024537
0 0.163672 0.637269 0.009635 0.024537
0 0.170703 0.637269 0.009635 0.024537
0 0.081641 0.671991 0.009635 0.024537
0 0.088672 0.671065 0.009635 0.024537
0 0.094661 0.670139 0.009635 0.024537
0 0.100911 0.669213 0.009635 0.024537
0 0.107422 0.668750 0.009635 0.024537
0 0.113932 0.667361 0.009635 0.024537
0 0.120703 0.666898 0.009635 0.024537
0 0.127474 0.665972 0.009635 0.024537
0 0.133724 0.664120 0.009635 0.024537
0 0.140234 0.663194 0.009635 0.024537
0 0.145964 0.662269 0.009635 0.024537
0 0.152474 0.662269 0.009635 0.024537
0 0.158724 0.661343 0.009635 0.024537
0 0.165495 0.660880 0.009635 0.024537
0 0.171484 0.661343 0.009635 0.024537
0 0.177995 0.660417 0.009635 0.024537
0 0.015885 0.705787 0.009375 0.024537
0 0.022135 0.705324 0.009375 0.024537
0 0.028646 0.704398 0.009375 0.024537
0 0.035156 0.703935 0.009375 0.024537
0 0.041146 0.703009 0.009375 0.024537
0 0.047917 0.702083 0.009375 0.024537
0 0.054167 0.700694 0.009375 0.024537
0 0.060937 0.700694 0.009375 0.024537
0 0.066927 0.699306 0.009375 0.024537
0 0.073698 0.698380 0.009375 0.024537
0 0.079948 0.697917 0.009375 0.024537
0 0.086458 0.696991 0.009375 0.024537
0 0.093229 0.696528 0.009375 0.024537
0 0.099740 0.695139 0.009375 0.024537
0 0.106250 0.694676 0.009375 0.024537
0 0.112760 0.694213 0.009375 0.024537
0 0.119792 0.693287 0.009375 0.024537
0 0.126302 0.692824 0.009375 0.024537
0 0.132812 0.691898 0.009375 0.024537
0 0.138802 0.690972 0.009375 0.024537
0 0.145313 0.690972 0.009375 0.024537
0 0.151562 0.689583 0.009375 0.024537
0 0.158073 0.689583 0.009375 0.024537
0 0.164323 0.688194 0.009375 0.024537
0 0.171094 0.687269 0.009375 0.024537
0 0.176563 0.686806 0.009375 0.024537
0 0.235937 0.189352 0.007292 0.018519
0 0.242188 0.189352 0.007292 0.018519
0 0.248438 0.190741 0.007292 0.018519
0 0.255208 0.190278 0.007292 0.018519
0 0.261198 0.191667 0.007292 0.018519
0 0.267448 0.192593 0.007292 0.018519
0 0.273698 0.193056 0.007292 0.018519
0 0.279948 0.193981 0.007292 0.018519
0 0.286198 0.194444 0.007292 0.018519
0 0.292187 0.195833 0.007292 0.018519
0 0.298698 0.196296 0.007292 0.018519
0 0.304688 0.197222 0.007292 0.018519
0 0.310417 0.198148 0.007292 0.018519
0 0.316406 0.198843 0.007812 0.019907
0 0.322135 0.199306 0.007812 0.019907
0 0.327604 0.200231 0.007812 0.019907
0 0.327344 0.216898 0.007812 0.019907
0 0.321615 0.216898 0.007812 0.019907
0 0.315365 0.216435 0.007812 0.019907
0 0.309635 0.215046 0.007812 0.019907
0 0.303906 0.214583 0.007812 0.019907
0 0.297917 0.214120 0.007812 0.019907
0 0.291667 0.213194 0.007812 0.019907
0 0.285938 0.213194 0.007812 0.019907
0 0.279687 0.212269 0.007812 0.019907
0 0.273698 0.211343 0.007812 0.019907
0 0.267708 0.210880 0.007812 0.019907
0 0.261719 0.210880 0.007812 0.019907
0 0.255990 0.209954 0.007812 0.019907
0 0.250000 0.209491 0.007812 0.019907
0 0.243750 0.209028 0.007812 0.019907
0 0.237500 0.208102 0.007812 0.019907
0 0.230990 0.207176 0.007812 0.019907
0 0.229167 0.225926 0.008854 0.021296
0 0.235417 0.226389 0.008854 0.021296
0 0.242448 0.226852 0.008854 0.021296
0 0.248177 0.227778 0.008854 0.021296
0 0.253906 0.228704 0.008854 0.021296
0 0.260677 0.229630 0.008854 0.021296
0 0.266406 0.230093 0.008854 0.021296
0 0.272396 0.230556 0.008854 0.021296
0 0.278385 0.231019 0.008854 0.021296
0 0.284635 0.231944 0.008854 0.021296
0 0.290755 0.232176 0.008073 0.020833
0 0.296484 0.232639 0.008073 0.020833
0 0.302734 0.233565 0.008073 0.020833
0 0.308464 0.234028 0.008073 0.020833
0 0.314714 0.234954 0.008073 0.020833
0 0.320443 0.234954 0.008073 0.020833
0 0.326432 0.237269 0.008073 0.020833
0 0.325651 0.253472 0.008073 0.019907
0 0.319661 0.253009 0.008073 0.019907
0 0.313411 0.253009 0.008073 0.019907
0 0.307682 0.252083 0.008073 0.019907
0 0.301432 0.251157 0.008073 0.019907
0 0.295443 0.250231 0.008073 0.019907
0 0.289453 0.250231 0.008073 0.019907
0 0.283203 0.248843 0.008073 0.019907
0 0.277474 0.247917 0.008073 0.019907
0 0.271484 0.248380 0.008073 0.019907
0 0.265234 0.247917 0.008073 0.019907
0 0.259245 0.247454 0.008073 0.019907
0 0.252995 0.246528 0.008073 0.019907
0 0.247005 0.246065 0.008073 0.019907
0 0.240755 0.245602 0.008073 0.019907
0 0.234766 0.246065 0.008073 0.019907
0 0.228516 0.245602 0.008073 0.019907
0 0.239193 0.265741 0.008073 0.018519
0 0.245703 0.266667 0.008073 0.018519
0 0.251693 0.266667 0.008073 0.018519
0 0.257682 0.267593 0.008073 0.018519
0 0.263932 0.268519 0.008073 0.018519
0 0.269922 0.268981 0.008073 0.018519
0 0.276172 0.269444 0.008073 0.018519
0 0.282422 0.269907 0.008073 0.018519
0 0.288411 0.270370 0.008073 0.018519
0 0.294141 0.270833 0.008073 0.018519
0 0.300130 0.271296 0.008073 0.018519
0 0.306380 0.272685 0.008073 0.018519
0 0.312630 0.272222 0.008073 0.018519
0 0.318359 0.272685 0.008073 0.018519
0 0.324609 0.274074 0.008073 0.018519
0 0.323568 0.291667 0.008073 0.018519
0 0.317318 0.291204 0.008073 0.018519
0 0.311328 0.290741 0.008073 0.018519
0 0.305339 0.289352 0.008073 0.018519
0 0.299349 0.289352 0.008073 0.018519
0 0.293359 0.288889 0.008073 0.018519
0 0.287370 0.288426 0.008073 0.018519
0 0.280859 0.287500 0.008073 0.018519
0 0.274870 0.286574 0.008073 0.018519
0 0.268880 0.286574 0.008073 0.018519
0 0.262630 0.285648 0.008073 0.018519
0 0.256380 0.285648 0.008073 0.018519
0 0.250130 0.284722 0.008073 0.018519
0 0.244141 0.283796 0.008073 0.018519
0 0.237891 0.283796 0.008073 0.018519
0 0.235807 0.304167 0.008073 0.020370
0 0.242578 0.305556 0.008073 0.020370
0 0.248568 0.306481 0.008073 0.020370
0 0.255078 0.306944 0.008073 0.020370
0 0.261068 0.306944 0.008073 0.020370
0 0.267578 0.307407 0.008073 0.020370
0 0.273828 0.307870 0.008073 0.020370
0 0.279818 0.308333 0.008073 0.020370
0 0.285807 0.308796 0.008073 0.020370
0 0.292057 0.308796 0.008073 0.020370
0 0.298307 0.309722 0.008073 0.020370
0 0.304557 0.310185 0.008073 0.020370
0 0.310547 0.310648 0.008073 0.020370
0 0.316797 0.312037 0.008073 0.020370
0 0.328516 0.330556 0.008073 0.020370
0 0.322266 0.330556 0.008073 0.020370
0 0.315495 0.329630 0.008073 0.020370
0 0.309245 0.329630 0.008073 0.020370
0 0.303255 0.329167 0.008073 0.020370
0 0.297005 0.328241 0.008073 0.020370
0 0.290755 0.327778 0.008073 0.020370
0 0.285026 0.326852 0.008073 0.020370
0 0.278776 0.326852 0.008073 0.020370
0 0.272266 0.325926 0.008073 0.020370
0 0.266276 0.325926 0.008073 0.020370
0 0.260026 0.325000 0.008073 0.020370
0 0.253516 0.324537 0.008073 0.020370
0 0.247526 0.324074 0.008073 0.020370
0 0.241016 0.324074 0.008073 0.020370
0 0.234766 0.323148 0.008073 0.020370
0 0.211849 0.289583 0.008073 0.021759
0 0.220182 0.290046 0.008073 0.021759
0 0.226172 0.290972 0.008073 0.021759
0 0.224349 0.310880 0.008073 0.021759
0 0.217839 0.309954 0.008073 0.021759
0 0.209766 0.309954 0.008073 0.021759
0 0.207422 0.330787 0.008073 0.021759
0 0.216536 0.330787 0.008073 0.021759
0 0.222786 0.330787 0.008073 0.021759
0 0.220964 0.351620 0.008073 0.021759
0 0.214453 0.350231 0.008073 0.021759
0 0.206641 0.351157 0.008073 0.021759
0 0.201172 0.352546 0.008073 0.021759
0 0.198568 0.373843 0.008073 0.021759
0 0.204818 0.372917 0.008073 0.021759
0 0.212370 0.371991 0.008073 0.021759
0 0.219141 0.372917 0.008073 0.021759
0 0.216797 0.395139 0.008073 0.021759
0 0.215234 0.414583 0.008073 0.021759
0 0.208724 0.414120 0.008073 0.021759
0 0.202474 0.395602 0.008073 0.021759
0 0.196745 0.395602 0.008073 0.021759
0 0.200130 0.415046 0.008073 0.021759
0 0.194661 0.415046 0.008073 0.021759
0 0.192578 0.437731 0.008073 0.021759
0 0.198568 0.437731 0.008073 0.021759
0 0.206380 0.437269 0.008073 0.021759
0 0.213151 0.438194 0.008073 0.021759
0 0.211328 0.459954 0.008073 0.021759
0 0.204557 0.459028 0.008073 0.021759
0 0.196745 0.459028 0.008073 0.021759
0 0.190755 0.460417 0.008073 0.021759
0 0.187891 0.484491 0.008073 0.021759
0 0.194141 0.483565 0.008073 0.021759
0 0.202214 0.483565 0.008073 0.021759
0 0.209245 0.483565 0.008073 0.021759
0 0.206901 0.506713 0.008073 0.021759
0 0.200651 0.505093 0.009115 0.023148
0 0.192057 0.506019 0.009115 0.023148
0 0.186068 0.506019 0.009115 0.023148
0 0.183464 0.531019 0.009115 0.023148
0 0.189453 0.531019 0.009115 0.023148
0 0.198047 0.530093 0.009115 0.023148
0 0.204818 0.530556 0.009115 0.023148
0 0.202734 0.553241 0.009115 0.023148
0 0.195964 0.552778 0.009115 0.023148
0 0.187370 0.552778 0.009115 0.023148
0 0.181380 0.552778 0.009115 0.023148
0 0.233203 0.341667 0.007552 0.020370
0 0.239714 0.341667 0.007552 0.020370
0 0.245703 0.342130 0.007552 0.020370
0 0.252474 0.342593 0.007552 0.020370
0 0.258724 0.343056 0.007552 0.020370
0 0.264974 0.343519 0.007552 0.020370
0 0.271224 0.344444 0.007552 0.020370
0 0.277474 0.344907 0.007552 0.020370
0 0.283724 0.344907 0.007552 0.020370
0 0.289974 0.345833 0.007552 0.020370
0 0.296224 0.345833 0.007552 0.020370
0 0.302474 0.346296 0.007552 0.020370
0 0.308724 0.346759 0.007552 0.020370
0 0.314974 0.347685 0.007552 0.020370
0 0.321224 0.347222 0.007552 0.020370
0 0.326953 0.347685 0.007552 0.020370
0 0.314193 0.366204 0.007552 0.020370
0 0.307682 0.365741 0.007552 0.020370
0 0.301693 0.365278 0.007552 0.020370
0 0.295182 0.364815 0.007552 0.020370
0 0.289193 0.364815 0.007552 0.020370
0 0.282682 0.364815 0.007552 0.020370
0 0.276432 0.363426 0.007552 0.020370
0 0.270443 0.362963 0.007552 0.020370
0 0.263802 0.362963 0.006771 0.021296
0 0.257552 0.361574 0.006771 0.021296
0 0.251302 0.361111 0.006771 0.021296
0 0.244792 0.360648 0.006771 0.021296
0 0.238281 0.360185 0.006771 0.021296
0 0.231771 0.360185 0.006771 0.021296
0 0.230208 0.381019 0.008333 0.021296
0 0.236198 0.381481 0.008333 0.021296
0 0.243229 0.382407 0.008333 0.021296
0 0.249479 0.382870 0.008333 0.021296
0 0.255729 0.383796 0.008333 0.021296
0 0.261979 0.383796 0.008333 0.021296
0 0.268750 0.384722 0.008333 0.021296
0 0.274740 0.385185 0.008333 0.021296
0 0.281510 0.385648 0.008333 0.021296
0 0.287500 0.385648 0.008333 0.021296
0 0.294010 0.386574 0.008333 0.021296
0 0.300000 0.387500 0.008333 0.021296
0 0.306771 0.387500 0.008333 0.021296
0 0.312760 0.388426 0.008333 0.021296
0 0.319010 0.388426 0.008333 0.021296
0 0.318229 0.407870 0.008333 0.021296
0 0.312240 0.406944 0.008333 0.021296
0 0.305208 0.406944 0.008333 0.021296
0 0.299219 0.406944 0.008333 0.021296
0 0.292969 0.406481 0.008333 0.021296
0 0.286198 0.405556 0.008333 0.021296
0 0.279948 0.405093 0.008333 0.021296
0 0.273698 0.404167 0.008333 0.021296
0 0.267188 0.403241 0.008333 0.021296
0 0.261198 0.403241 0.008333 0.021296
0 0.254427 0.402315 0.008333 0.021296
0 0.248177 0.401852 0.008333 0.021296
0 0.241667 0.402315 0.008333 0.021296
0 0.234896 0.401389 0.008333 0.021296
0 0.228385 0.401389 0.008333 0.021296
0 0.226562 0.422685 0.008333 0.021296
0 0.233594 0.424074 0.008333 0.021296
0 0.240104 0.424074 0.008333 0.021296
0 0.246615 0.424537 0.008333 0.021296
0 0.252604 0.425463 0.008333 0.021296
0 0.259115 0.425000 0.008333 0.021296
0 0.265885 0.425926 0.008333 0.021296
0 0.272135 0.426389 0.008333 0.021296
0 0.278646 0.426852 0.008333 0.021296
0 0.284896 0.427315 0.008333 0.021296
0 0.291406 0.427778 0.008333 0.021296
0 0.297917 0.428241 0.008333 0.021296
0 0.304167 0.428704 0.008333 0.021296
0 0.310937 0.429167 0.008333 0.021296
0 0.317188 0.430093 0.008333 0.021296
0 0.323698 0.430093 0.008333 0.021296
0 0.309635 0.449074 0.008333 0.021296
0 0.303125 0.448148 0.008333 0.021296
0 0.296615 0.447685 0.008333 0.021296
0 0.290365 0.447222 0.008333 0.021296
0 0.283854 0.447222 0.008333 0.021296
0 0.277604 0.446296 0.008333 0.021296
0 0.270833 0.445370 0.008333 0.021296
0 0.264583 0.445370 0.008333 0.021296
0 0.258073 0.445370 0.008333 0.021296
0 0.251302 0.445370 0.008333 0.021296
0 0.244271 0.444444 0.008333 0.021296
0 0.238542 0.444444 0.008333 0.021296
0 0.231771 0.443981 0.008333 0.021296
0 0.224479 0.443056 0.008333 0.021296
0 0.222656 0.469907 0.009375 0.024074
0 0.229687 0.469907 0.009375 0.024074
0 0.236458 0.470370 0.009375 0.024074
0 0.242708 0.471296 0.009375 0.024074
0 0.249219 0.472222 0.009375 0.024074
0 0.255729 0.472222 0.009375 0.024074
0 0.262500 0.472222 0.009375 0.024074
0 0.269271 0.473148 0.009375 0.024074
0 0.275521 0.473611 0.009375 0.024074
0 0.281771 0.473148 0.009375 0.024074
0 0.288802 0.474537 0.009375 0.024074
0 0.295182 0.475463 0.009115 0.023148
0 0.301823 0.475694 0.008333 0.022685
0 0.308594 0.475694 0.008854 0.023611
0 0.314974 0.476389 0.008594 0.023148
0 0.321484 0.477083 0.008073 0.022685
0 0.306901 0.497917 0.008073 0.022685
0 0.300651 0.497917 0.008073 0.022685
0 0.293620 0.496528 0.008073 0.022685
0 0.287370 0.496528 0.008073 0.022685
0 0.280599 0.495602 0.008073 0.022685
0 0.274349 0.495602 0.008073 0.022685
0 0.267578 0.495139 0.008073 0.022685
0 0.260807 0.495139 0.008073 0.022685
0 0.254297 0.495139 0.008073 0.022685
0 0.247786 0.494213 0.008073 0.022685
0 0.240755 0.493287 0.008073 0.022685
0 0.234505 0.493287 0.008073 0.022685
0 0.228255 0.492361 0.008073 0.022685
0 0.221224 0.491435 0.008073 0.022685
0 0.345964 0.202315 0.006510 0.017593
0 0.351953 0.203241 0.006510 0.017593
0 0.357682 0.203241 0.006510 0.017593
0 0.363411 0.204630 0.006510 0.017593
0 0.369141 0.205556 0.006510 0.017593
0 0.375130 0.206019 0.006510 0.017593
0 0.380599 0.206944 0.006510 0.017593
0 0.386328 0.206944 0.006510 0.017593
0 0.392057 0.207407 0.006510 0.017593
0 0.399609 0.207407 0.006510 0.017593
0 0.405599 0.207870 0.006510 0.017593
0 0.412109 0.208796 0.006510 0.017593
0 0.411589 0.225926 0.006510 0.017593
0 0.405078 0.225463 0.006510 0.017593
0 0.398828 0.225000 0.006510 0.017593
0 0.392057 0.224537 0.006510 0.017593
0 0.386068 0.224074 0.006510 0.017593
0 0.380339 0.223148 0.006510 0.017593
0 0.374349 0.222685 0.006510 0.017593
0 0.368620 0.221296 0.006510 0.017593
0 0.362630 0.221296 0.006510 0.017593
0 0.356901 0.220833 0.006510 0.017593
0 0.351432 0.219444 0.006510 0.017593
0 0.345443 0.218981 0.006510 0.017593
0 0.344661 0.238889 0.006510 0.017593
0 0.350651 0.238889 0.006510 0.017593
0 0.356380 0.240278 0.006510 0.017593
0 0.362370 0.240741 0.006510 0.017593
0 0.368099 0.241204 0.006510 0.017593
0 0.373828 0.242130 0.006510 0.017593
0 0.379557 0.242593 0.006510 0.017593
0 0.385286 0.242593 0.006510 0.017593
0 0.391276 0.243981 0.006510 0.017593
0 0.398568 0.244907 0.006510 0.017593
0 0.405339 0.245833 0.006510 0.017593
0 0.411068 0.246296 0.006510 0.017593
0 0.411068 0.264815 0.006510 0.017593
0 0.404297 0.263426 0.007031 0.018519
0 0.398307 0.262963 0.007031 0.018519
0 0.391276 0.261111 0.007031 0.018519
0 0.385026 0.260185 0.007031 0.018519
0 0.379557 0.259722 0.007031 0.018519
0 0.373307 0.258796 0.007031 0.018519
0 0.367578 0.258333 0.007031 0.018519
0 0.361589 0.257870 0.007031 0.018519
0 0.355599 0.256944 0.007031 0.018519
0 0.349609 0.256481 0.007031 0.018519
0 0.343620 0.255556 0.007031 0.018519
0 0.342578 0.276389 0.007031 0.018519
0 0.349089 0.277778 0.007031 0.018519
0 0.354818 0.278241 0.007031 0.018519
0 0.360807 0.279167 0.007031 0.018519
0 0.366797 0.279630 0.007031 0.018519
0 0.372786 0.280556 0.007031 0.018519
0 0.378776 0.280556 0.007031 0.018519
0 0.384505 0.280556 0.007031 0.018519
0 0.390495 0.281944 0.007031 0.018519
0 0.389974 0.299074 0.007031 0.018519
0 0.384245 0.298148 0.007031 0.018519
0 0.371875 0.296991 0.006250 0.018981
0 0.377214 0.297685 0.007031 0.018519
0 0.366276 0.296991 0.007552 0.019907
0 0.360547 0.296528 0.007552 0.019907
0 0.354297 0.295602 0.007552 0.019907
0 0.348568 0.294676 0.007552 0.019907
0 0.341797 0.293750 0.007552 0.019907
0 0.398047 0.281481 0.007031 0.018519
0 0.404297 0.282407 0.007031 0.018519
0 0.410807 0.283333 0.007031 0.018519
0 0.410547 0.300926 0.007031 0.018519
0 0.404036 0.300000 0.007031 0.018519
0 0.397266 0.299537 0.007031 0.018519
0 0.341276 0.314120 0.007031 0.018981
0 0.347786 0.315046 0.007031 0.018981
0 0.353776 0.315046 0.007031 0.018981
0 0.359766 0.315972 0.007031 0.018981
0 0.365495 0.317361 0.007031 0.018981
0 0.371745 0.316898 0.007031 0.018981
0 0.377995 0.317824 0.007031 0.018981
0 0.383724 0.317824 0.007031 0.018981
0 0.389714 0.318750 0.007031 0.018981
0 0.397266 0.317824 0.007031 0.018981
0 0.403776 0.318287 0.007031 0.018981
0 0.410286 0.318750 0.007031 0.018981
0 0.409766 0.337269 0.007031 0.018981
0 0.403516 0.337269 0.007031 0.018981
0 0.397005 0.336343 0.007031 0.018981
0 0.389453 0.337269 0.007031 0.018981
0 0.383203 0.335880 0.007031 0.018981
0 0.377214 0.335417 0.007031 0.018981
0 0.371484 0.334491 0.007031 0.018981
0 0.364974 0.334491 0.007031 0.018981
0 0.358984 0.333565 0.007031 0.018981
0 0.352995 0.333102 0.007031 0.018981
0 0.346745 0.332176 0.007031 0.018981
0 0.340495 0.332176 0.007031 0.018981
0 0.339453 0.350231 0.007031 0.018981
0 0.346224 0.351157 0.007031 0.018981
0 0.352214 0.351620 0.007031 0.018981
0 0.358464 0.352083 0.007031 0.018981
0 0.364453 0.353009 0.007031 0.018981
0 0.370443 0.353472 0.007031 0.018981
0 0.376693 0.353472 0.007031 0.018981
0 0.382682 0.354398 0.007031 0.018981
0 0.389193 0.355324 0.007031 0.018981
0 0.396224 0.355324 0.007031 0.018981
0 0.402995 0.355787 0.007031 0.018981
0 0.409505 0.356713 0.007031 0.018981
0 0.409245 0.375694 0.007031 0.018981
0 0.402734 0.375231 0.007031 0.018981
0 0.395703 0.374306 0.007031 0.018981
0 0.388932 0.372917 0.007031 0.018981
0 0.382161 0.372454 0.007031 0.018981
0 0.376172 0.372454 0.007031 0.018981
0 0.369922 0.371528 0.007031 0.018981
0 0.363672 0.371528 0.007031 0.018981
0 0.357943 0.370602 0.007031 0.018981
0 0.351432 0.370602 0.007031 0.018981
0 0.345443 0.369676 0.007031 0.018981
0 0.338932 0.369213 0.007031 0.018981
0 0.337891 0.389583 0.007031 0.018981
0 0.344401 0.390046 0.007031 0.018981
0 0.350651 0.390972 0.007031 0.018981
0 0.356901 0.391435 0.007031 0.018981
0 0.363151 0.391898 0.007031 0.018981
0 0.369401 0.392824 0.007031 0.018981
0 0.375391 0.393287 0.007031 0.018981
0 0.381641 0.394213 0.007031 0.018981
0 0.387891 0.394676 0.007031 0.018981
0 0.395182 0.394676 0.007031 0.018981
0 0.401953 0.394676 0.007031 0.018981
0 0.408984 0.395602 0.007031 0.018981
0 0.408464 0.414583 0.007031 0.018981
0 0.401953 0.415046 0.007031 0.018981
0 0.394922 0.414120 0.007031 0.018981
0 0.387891 0.414120 0.007031 0.018981
0 0.381380 0.413194 0.007031 0.018981
0 0.374609 0.412269 0.007031 0.018981
0 0.368620 0.412269 0.007031 0.018981
0 0.362630 0.411343 0.007031 0.018981
0 0.356120 0.410417 0.007031 0.018981
0 0.349870 0.409954 0.007031 0.018981
0 0.343620 0.409491 0.007031 0.018981
0 0.337109 0.409491 0.007031 0.018981
0 0.336068 0.431250 0.007031 0.018981
0 0.342839 0.432176 0.007031 0.018981
0 0.349089 0.432176 0.007031 0.018981
0 0.355339 0.433102 0.007031 0.018981
0 0.361849 0.434028 0.007031 0.018981
0 0.368099 0.434028 0.007031 0.018981
0 0.374349 0.434028 0.007031 0.018981
0 0.380599 0.434954 0.007031 0.018981
0 0.387109 0.434954 0.007031 0.018981
0 0.394661 0.435880 0.007031 0.018981
0 0.401432 0.436343 0.007031 0.018981
0 0.407682 0.437269 0.007031 0.018981
0 0.407813 0.456481 0.007292 0.020370
0 0.401042 0.456019 0.007292 0.020370
0 0.394010 0.456019 0.007292 0.020370
0 0.386458 0.454630 0.007292 0.020370
0 0.379948 0.454167 0.007292 0.020370
0 0.373698 0.453704 0.007292 0.020370
0 0.367188 0.453241 0.007292 0.020370
0 0.360938 0.453241 0.007292 0.020370
0 0.354687 0.452778 0.007292 0.020370
0 0.348438 0.452778 0.007292 0.020370
0 0.341927 0.451852 0.007292 0.020370
0 0.335417 0.450926 0.007292 0.020370
0 0.334115 0.477778 0.007292 0.020370
0 0.341146 0.478704 0.007292 0.020370
0 0.346875 0.479167 0.007292 0.020370
0 0.353385 0.479630 0.007292 0.020370
0 0.360156 0.479167 0.007292 0.020370
0 0.366667 0.479630 0.007292 0.020370
0 0.372656 0.480556 0.007292 0.020370
0 0.379167 0.481481 0.007292 0.020370
0 0.385677 0.481481 0.007292 0.020370
0 0.393229 0.481019 0.007292 0.020370
0 0.400260 0.481019 0.007292 0.020370
0 0.407292 0.481944 0.007292 0.020370
0 0.406771 0.501852 0.007292 0.020370
0 0.399740 0.502315 0.007292 0.020370
0 0.392969 0.501389 0.007292 0.020370
0 0.385417 0.501852 0.007292 0.020370
0 0.378646 0.501389 0.007292 0.020370
0 0.372135 0.502315 0.007292 0.020370
0 0.365885 0.501389 0.007292 0.020370
0 0.359115 0.500926 0.007292 0.020370
0 0.352604 0.500926 0.007292 0.020370
0 0.346615 0.500000 0.007292 0.020370
0 0.340104 0.499537 0.007292 0.020370
0 0.333073 0.499074 0.007292 0.020370
0 0.218880 0.520139 0.008594 0.020833
0 0.226172 0.520139 0.008594 0.020833
0 0.232682 0.521065 0.008594 0.020833
0 0.239453 0.520602 0.008594 0.020833
0 0.245964 0.521528 0.008594 0.020833
0 0.252734 0.521528 0.008594 0.020833
0 0.259505 0.522454 0.008594 0.020833
0 0.266016 0.521991 0.008594 0.020833
0 0.273047 0.521991 0.008594 0.020833
0 0.279297 0.522917 0.008594 0.020833
0 0.286068 0.522917 0.008594 0.020833
0 0.292839 0.523380 0.008594 0.020833
0 0.299349 0.524306 0.008594 0.020833
0 0.305859 0.524769 0.008594 0.020833
0 0.312630 0.525231 0.008594 0.020833
0 0.319141 0.524769 0.008594 0.020833
0 0.325521 0.525463 0.007292 0.019444
0 0.332031 0.525926 0.007292 0.019444
0 0.338932 0.525926 0.007552 0.021296
0 0.345443 0.526389 0.007552 0.021296
0 0.351953 0.527315 0.007552 0.021296
0 0.358464 0.526852 0.007552 0.021296
0 0.364974 0.527315 0.007552 0.021296
0 0.371745 0.527778 0.007552 0.021296
0 0.370964 0.548148 0.007552 0.021296
0 0.364193 0.548148 0.007552 0.021296
0 0.357943 0.547685 0.007552 0.021296
0 0.351172 0.547685 0.007552 0.021296
0 0.344922 0.547222 0.007552 0.021296
0 0.338151 0.547222 0.007552 0.021296
0 0.331380 0.546296 0.007552 0.021296
0 0.324870 0.545833 0.007552 0.021296
0 0.318359 0.545370 0.007552 0.021296
0 0.311589 0.545370 0.007552 0.021296
0 0.304557 0.545370 0.007552 0.021296
0 0.298047 0.545370 0.007552 0.021296
0 0.291536 0.544907 0.007552 0.021296
0 0.284766 0.544444 0.007552 0.021296
0 0.277995 0.543981 0.007552 0.021296
0 0.271484 0.543519 0.007552 0.021296
0 0.264714 0.543056 0.007552 0.021296
0 0.257943 0.542593 0.007552 0.021296
0 0.251172 0.542593 0.007552 0.021296
0 0.244401 0.541667 0.007552 0.021296
0 0.237630 0.541667 0.007552 0.021296
0 0.231120 0.541667 0.007552 0.021296
0 0.224089 0.540741 0.007552 0.021296
0 0.217578 0.540741 0.007552 0.021296
0 0.215495 0.561574 0.008594 0.022222
0 0.222786 0.562037 0.008594 0.022222
0 0.229818 0.562500 0.008594 0.022222
0 0.236328 0.563426 0.008594 0.022222
0 0.243359 0.563426 0.008594 0.022222
0 0.249870 0.563889 0.008594 0.022222
0 0.256641 0.563889 0.008594 0.022222
0 0.263672 0.563889 0.008594 0.022222
0 0.270443 0.563889 0.008594 0.022222
0 0.276953 0.564352 0.008594 0.022222
0 0.283724 0.564815 0.008594 0.022222
0 0.290234 0.565741 0.008594 0.022222
0 0.297005 0.565741 0.008594 0.022222
0 0.303776 0.565741 0.008594 0.022222
0 0.323828 0.567593 0.008594 0.022222
0 0.330859 0.567593 0.008594 0.022222
0 0.337370 0.567593 0.008594 0.022222
0 0.343880 0.567593 0.008594 0.022222
0 0.350391 0.567593 0.008594 0.022222
0 0.357161 0.568519 0.008594 0.022222
0 0.363932 0.568981 0.008594 0.022222
0 0.370443 0.568519 0.008594 0.022222
0 0.369401 0.594444 0.008594 0.022222
0 0.362891 0.594444 0.008594 0.022222
0 0.356380 0.593981 0.008594 0.022222
0 0.349349 0.593056 0.008594 0.022222
0 0.343099 0.593519 0.008594 0.022222
0 0.336068 0.593519 0.008594 0.022222
0 0.329557 0.593056 0.008594 0.022222
0 0.322786 0.592593 0.008594 0.022222
0 0.316016 0.592593 0.008594 0.022222
0 0.309245 0.592130 0.008594 0.022222
0 0.302214 0.591667 0.008594 0.022222
0 0.295964 0.592130 0.008594 0.022222
0 0.288932 0.591667 0.008594 0.022222
0 0.282422 0.590741 0.008594 0.022222
0 0.275391 0.590741 0.008594 0.022222
0 0.268880 0.590278 0.008594 0.022222
0 0.261849 0.589352 0.008594 0.022222
0 0.255078 0.589815 0.008594 0.022222
0 0.248307 0.588889 0.008594 0.022222
0 0.241276 0.588889 0.008594 0.022222
0 0.234766 0.587963 0.008594 0.022222
0 0.227474 0.588426 0.008594 0.022222
0 0.220703 0.588426 0.008594 0.022222
0 0.214193 0.587963 0.008594 0.022222
0 0.212370 0.609722 0.008594 0.022222
0 0.219141 0.610185 0.008594 0.022222
0 0.226172 0.610185 0.008594 0.022222
0 0.232682 0.610185 0.008594 0.022222
0 0.239844 0.610880 0.008854 0.021759
0 0.246875 0.610880 0.008854 0.021759
0 0.253646 0.611806 0.008854 0.021759
0 0.260156 0.612269 0.008854 0.021759
0 0.267448 0.611806 0.008854 0.021759
0 0.274219 0.612731 0.008854 0.021759
0 0.280990 0.612269 0.008854 0.021759
0 0.287760 0.612269 0.008854 0.021759
0 0.294531 0.612731 0.008854 0.021759
0 0.301302 0.613194 0.008854 0.021759
0 0.308333 0.613657 0.008854 0.021759
0 0.315104 0.614120 0.008854 0.021759
0 0.321615 0.614120 0.008854 0.021759
0 0.328385 0.614120 0.008854 0.021759
0 0.335417 0.614583 0.008854 0.021759
0 0.342187 0.614120 0.008854 0.021759
0 0.348438 0.615046 0.008854 0.021759
0 0.355208 0.615509 0.008854 0.021759
0 0.362240 0.615046 0.008854 0.021759
0 0.368750 0.615509 0.008854 0.021759
0 0.362760 0.640509 0.008854 0.021759
0 0.355990 0.640046 0.008854 0.021759
0 0.349479 0.640509 0.008854 0.021759
0 0.342708 0.640509 0.008854 0.021759
0 0.335677 0.639583 0.008854 0.021759
0 0.329167 0.639583 0.008854 0.021759
0 0.322135 0.639120 0.008854 0.021759
0 0.315365 0.639120 0.008854 0.021759
0 0.308594 0.638657 0.008854 0.021759
0 0.301823 0.639120 0.008854 0.021759
0 0.294531 0.638657 0.008854 0.021759
0 0.288021 0.638194 0.008854 0.021759
0 0.280729 0.637731 0.008854 0.021759
0 0.274479 0.637731 0.008854 0.021759
0 0.267448 0.637269 0.008854 0.021759
0 0.260677 0.637269 0.008854 0.021759
0 0.253646 0.636806 0.008854 0.021759
0 0.246875 0.636343 0.008854 0.021759
0 0.239844 0.636343 0.008854 0.021759
0 0.233073 0.635417 0.008854 0.021759
0 0.225781 0.635880 0.008854 0.021759
0 0.218750 0.634954 0.008854 0.021759
0 0.211979 0.634954 0.008854 0.021759
0 0.204687 0.634954 0.008854 0.021759
0 0.197656 0.634491 0.008854 0.021759
0 0.191146 0.634028 0.008854 0.021759
0 0.188802 0.656713 0.008854 0.021759
0 0.196094 0.656713 0.008854 0.021759
0 0.203125 0.656713 0.008854 0.021759
0 0.210156 0.657639 0.008854 0.021759
0 0.217188 0.657639 0.008854 0.021759
0 0.224479 0.658565 0.008854 0.021759
0 0.231250 0.658565 0.008854 0.021759
0 0.238281 0.658565 0.008854 0.021759
0 0.245312 0.659028 0.008854 0.021759
0 0.252344 0.659491 0.008854 0.021759
0 0.259375 0.659028 0.008854 0.021759
0 0.266146 0.659491 0.008854 0.021759
0 0.273177 0.659491 0.008854 0.021759
0 0.279948 0.659954 0.008854 0.021759
0 0.286719 0.659954 0.008854 0.021759
0 0.293490 0.660417 0.008854 0.021759
0 0.300781 0.660417 0.008854 0.021759
0 0.307292 0.660880 0.008854 0.021759
0 0.314323 0.661806 0.008854 0.021759
0 0.321354 0.661343 0.008854 0.021759
0 0.328125 0.660880 0.008854 0.021759
0 0.334896 0.661343 0.008854 0.021759
0 0.341927 0.662269 0.008854 0.021759
0 0.348438 0.662269 0.008854 0.021759
0 0.355208 0.662731 0.008854 0.021759
0 0.362240 0.662731 0.008854 0.021759
0 0.361198 0.687269 0.008854 0.021759
0 0.354427 0.687731 0.008854 0.021759
0 0.347656 0.687269 0.008854 0.021759
0 0.340365 0.686806 0.008854 0.021759
0 0.333854 0.687269 0.008854 0.021759
0 0.326562 0.686806 0.008854 0.021759
0 0.320052 0.686343 0.008854 0.021759
0 0.313281 0.686806 0.008854 0.021759
0 0.306250 0.687269 0.008854 0.021759
0 0.299219 0.686343 0.008854 0.021759
0 0.292578 0.686343 0.008594 0.023611
0 0.285026 0.686343 0.008594 0.023611
0 0.278255 0.685880 0.008594 0.023611
0 0.271224 0.686343 0.008594 0.023611
0 0.264453 0.686343 0.008594 0.023611
0 0.257161 0.686343 0.008594 0.023611
0 0.250391 0.686806 0.008594 0.023611
0 0.243099 0.686343 0.008594 0.023611
0 0.236068 0.685880 0.008594 0.023611
0 0.229036 0.686343 0.008594 0.023611
0 0.221745 0.685880 0.008594 0.023611
0 0.215234 0.685880 0.008594 0.023611
0 0.207682 0.685880 0.008594 0.023611
0 0.200651 0.684954 0.008594 0.023611
0 0.193359 0.685417 0.008594 0.023611
0 0.186328 0.685417 0.008594 0.023611
0 0.630729 0.773611 0.016146 0.014815
0 0.616406 0.774074 0.016146 0.014815
0 0.615625 0.761574 0.016146 0.014815
0 0.615104 0.749074 0.016146 0.014815
0 0.614323 0.736574 0.016146 0.014815
0 0.613542 0.723611 0.016146 0.014815
0 0.628125 0.722685 0.016146 0.014815
0 0.628906 0.735648 0.016146 0.014815
0 0.629167 0.748148 0.016146 0.014815
0 0.630208 0.760185 0.016146 0.014815
0 0.612500 0.710185 0.016146 0.014815
0 0.626823 0.698148 0.016146 0.014815
0 0.626302 0.685185 0.016146 0.014815
0 0.625781 0.673148 0.016146 0.014815
0 0.611458 0.674074 0.016146 0.014815
0 0.611979 0.686111 0.016146 0.014815
0 0.612240 0.697685 0.016146 0.014815
0 0.592708 0.674074 0.016146 0.014815
0 0.613281 0.722685 0.016146 0.014815
0 0.593229 0.686574 0.016146 0.014815
0 0.593229 0.699537 0.016146 0.014815
0 0.593490 0.712037 0.016146 0.014815
0 0.594010 0.724537 0.016146 0.014815
0 0.594531 0.737037 0.016146 0.014815
0 0.595052 0.749074 0.016146 0.014815
0 0.595573 0.762037 0.016146 0.014815
0 0.595833 0.775000 0.016146 0.014815
0 0.582031 0.775463 0.016146 0.014815
0 0.582031 0.762963 0.016146 0.014815
0 0.581510 0.750926 0.016146 0.014815
0 0.581250 0.738426 0.016146 0.014815
0 0.580469 0.726852 0.016146 0.014815
0 0.579948 0.714815 0.016146 0.014815
0 0.579167 0.702315 0.016146 0.014815
0 0.579427 0.690278 0.016146 0.014815
0 0.578646 0.677315 0.016146 0.014815
0 0.601042 0.191667 0.007292 0.019444
0 0.606771 0.189815 0.007292 0.019444
0 0.612760 0.187963 0.007292 0.019444
0 0.618750 0.186111 0.007292 0.019444
0 0.625000 0.183796 0.007292 0.019444
0 0.630990 0.182407 0.007292 0.019444
0 0.636979 0.180093 0.007292 0.019444
0 0.643229 0.178704 0.007292 0.019444
0 0.649219 0.177315 0.007292 0.019444
0 0.655729 0.174537 0.007292 0.019444
0 0.656771 0.192130 0.007292 0.019444
0 0.650521 0.193519 0.007292 0.019444
0 0.644271 0.195833 0.007292 0.019444
0 0.638021 0.197685 0.007292 0.019444
0 0.632031 0.199537 0.007292 0.019444
0 0.625781 0.200926 0.007292 0.019444
0 0.619792 0.202778 0.007292 0.019444
0 0.613802 0.204630 0.007292 0.019444
0 0.608073 0.206481 0.007292 0.019444
0 0.605208 0.225926 0.007292 0.019444
0 0.611458 0.225000 0.007292 0.019444
0 0.617448 0.223148 0.007292 0.019444
0 0.623437 0.222222 0.007292 0.019444
0 0.629687 0.219907 0.007292 0.019444
0 0.645573 0.214815 0.007292 0.019444
0 0.651823 0.213426 0.007292 0.019444
0 0.658073 0.211574 0.007292 0.019444
0 0.659245 0.229398 0.008073 0.020833
0 0.652995 0.231713 0.008073 0.020833
0 0.646745 0.232639 0.008073 0.020833
0 0.630859 0.236806 0.008073 0.020833
0 0.624609 0.239120 0.008073 0.020833
0 0.618359 0.241898 0.008073 0.020833
0 0.612370 0.242824 0.008073 0.020833
0 0.606380 0.244213 0.008073 0.020833
0 0.604297 0.263657 0.008073 0.020833
0 0.610286 0.263194 0.008073 0.020833
0 0.616536 0.261343 0.008073 0.020833
0 0.622786 0.259028 0.008073 0.020833
0 0.629036 0.258102 0.008073 0.020833
0 0.635286 0.256713 0.008073 0.020833
0 0.641276 0.254861 0.008073 0.020833
0 0.647786 0.253472 0.008073 0.020833
0 0.654036 0.251620 0.008073 0.020833
0 0.660807 0.249769 0.008073 0.020833
0 0.661589 0.267824 0.008073 0.020833
0 0.655339 0.269213 0.008073 0.020833
0 0.648828 0.271528 0.008073 0.020833
0 0.634766 0.275231 0.008073 0.020833
0 0.627995 0.276620 0.008073 0.020833
0 0.621745 0.278472 0.008073 0.020833
0 0.616016 0.280787 0.008073 0.020833
0 0.609505 0.282176 0.008073 0.020833
0 0.603516 0.283565 0.008073 0.020833
0 0.604036 0.302546 0.008073 0.020833
0 0.610026 0.300694 0.008073 0.020833
0 0.616276 0.299769 0.008073 0.020833
0 0.622786 0.297454 0.008073 0.020833
0 0.629036 0.296065 0.008073 0.020833
0 0.635547 0.293750 0.008073 0.020833
0 0.649609 0.290509 0.008073 0.020833
0 0.655859 0.288657 0.008073 0.020833
0 0.662891 0.287269 0.008073 0.020833
0 0.663932 0.306713 0.008073 0.020833
0 0.657422 0.309028 0.008073 0.020833
0 0.651172 0.310417 0.008073 0.020833
0 0.644401 0.311806 0.008073 0.020833
0 0.637891 0.313657 0.008073 0.020833
0 0.631641 0.314583 0.008073 0.020833
0 0.625391 0.317361 0.008073 0.020833
0 0.619401 0.318287 0.008073 0.020833
0 0.612630 0.321065 0.008073 0.020833
0 0.606380 0.322454 0.008073 0.020833
0 0.607161 0.342361 0.008073 0.020833
0 0.613151 0.340509 0.008073 0.020833
0 0.619661 0.338657 0.008073 0.020833
0 0.626172 0.336806 0.008073 0.020833
0 0.632422 0.335417 0.008073 0.020833
0 0.638672 0.334491 0.008073 0.020833
0 0.645964 0.332639 0.008073 0.020833
0 0.651953 0.330787 0.008073 0.020833
0 0.658724 0.328472 0.008073 0.020833
0 0.664974 0.327546 0.008073 0.020833
0 0.666536 0.346065 0.008073 0.020833
0 0.659766 0.348843 0.008073 0.020833
0 0.652995 0.350231 0.008073 0.020833
0 0.639453 0.353472 0.008073 0.020833
0 0.632682 0.354398 0.008073 0.020833
0 0.626172 0.356713 0.008073 0.020833
0 0.619661 0.358102 0.008073 0.020833
0 0.613672 0.360417 0.008073 0.020833
0 0.607422 0.361806 0.008073 0.020833
0 0.608724 0.382639 0.008073 0.020833
0 0.614974 0.381250 0.008073 0.020833
0 0.621484 0.379398 0.008073 0.020833
0 0.628255 0.378472 0.008073 0.020833
0 0.634766 0.376620 0.008073 0.020833
0 0.647786 0.373380 0.008073 0.020833
0 0.654818 0.371991 0.008073 0.020833
0 0.660807 0.370139 0.008073 0.020833
0 0.667578 0.369213 0.008073 0.020833
0 0.668880 0.388657 0.008073 0.020833
0 0.662370 0.390046 0.008073 0.020833
0 0.655339 0.390972 0.008073 0.020833
0 0.648828 0.392824 0.008073 0.020833
0 0.642318 0.393750 0.008073 0.020833
0 0.635547 0.395139 0.008073 0.020833
0 0.629297 0.396991 0.008073 0.020833
0 0.622266 0.398843 0.008073 0.020833
0 0.615755 0.399769 0.008073 0.020833
0 0.609505 0.401620 0.008073 0.020833
0 0.608984 0.422917 0.008073 0.020833
0 0.615495 0.421528 0.008073 0.020833
0 0.622266 0.419676 0.008073 0.020833
0 0.629036 0.418287 0.008073 0.020833
0 0.635547 0.417361 0.008073 0.020833
0 0.642318 0.415509 0.008073 0.020833
0 0.656380 0.412963 0.007552 0.021296
0 0.663672 0.410648 0.007552 0.021296
0 0.670443 0.409259 0.007552 0.021296
0 0.671745 0.429630 0.007552 0.021296
0 0.664714 0.431019 0.007552 0.021296
0 0.658203 0.432870 0.007552 0.021296
0 0.643359 0.435648 0.007552 0.021296
0 0.636328 0.437500 0.007552 0.021296
0 0.629818 0.438889 0.007552 0.021296
0 0.623047 0.440278 0.007552 0.021296
0 0.616797 0.441667 0.007552 0.021296
0 0.610286 0.443056 0.007552 0.021296
0 0.612370 0.464815 0.007552 0.021296
0 0.618880 0.463426 0.007552 0.021296
0 0.625130 0.462500 0.007552 0.021296
0 0.632161 0.460648 0.007552 0.021296
0 0.638932 0.458796 0.007552 0.021296
0 0.645703 0.457407 0.007552 0.021296
0 0.652474 0.456019 0.007552 0.021296
0 0.658984 0.454630 0.007552 0.021296
0 0.666276 0.454167 0.007552 0.021296
0 0.673307 0.452315 0.007552 0.021296
0 0.674349 0.472685 0.007552 0.021296
0 0.667318 0.475000 0.007552 0.021296
0 0.660286 0.476389 0.007552 0.021296
0 0.646745 0.479167 0.007552 0.021296
0 0.640234 0.480556 0.007552 0.021296
0 0.633203 0.481481 0.007552 0.021296
0 0.626432 0.483333 0.007552 0.021296
0 0.619661 0.484259 0.007552 0.021296
0 0.612891 0.485185 0.007552 0.021296
0 0.613151 0.507407 0.007552 0.021296
0 0.619922 0.505556 0.007552 0.021296
0 0.626693 0.504630 0.007552 0.021296
0 0.633464 0.504167 0.007552 0.021296
0 0.640495 0.502315 0.007552 0.021296
0 0.647396 0.501157 0.007812 0.022685
0 0.661979 0.498380 0.007812 0.022685
0 0.668750 0.497454 0.007812 0.022685
0 0.675781 0.495602 0.007812 0.022685
0 0.677344 0.517361 0.007812 0.022685
0 0.670312 0.518750 0.007812 0.022685
0 0.663281 0.520139 0.007812 0.022685
0 0.656250 0.522454 0.007812 0.022685
0 0.649479 0.522917 0.007812 0.022685
0 0.642188 0.523843 0.007812 0.022685
0 0.635417 0.525231 0.007812 0.022685
0 0.628646 0.526157 0.007812 0.022685
0 0.621875 0.527546 0.007812 0.022685
0 0.615104 0.528472 0.007812 0.022685
0 0.615885 0.552083 0.007812 0.022685
0 0.622656 0.550694 0.007812 0.022685
0 0.629948 0.550231 0.007812 0.022685
0 0.636719 0.548380 0.007812 0.022685
0 0.643490 0.547454 0.007812 0.022685
0 0.650521 0.546528 0.007812 0.022685
0 0.657552 0.545602 0.007812 0.022685
0 0.664583 0.544213 0.007812 0.022685
0 0.671875 0.543287 0.007812 0.022685
0 0.678646 0.542361 0.007812 0.022685
0 0.680208 0.564583 0.007812 0.022685
0 0.672917 0.565972 0.007812 0.022685
0 0.665885 0.567361 0.007812 0.022685
0 0.649740 0.570139 0.007812 0.022685
0 0.642448 0.571528 0.007812 0.022685
0 0.635677 0.571991 0.007812 0.022685
0 0.628906 0.572917 0.007812 0.022685
0 0.621875 0.574306 0.007812 0.022685
0 0.615104 0.575231 0.007812 0.022685
0 0.616406 0.596991 0.007812 0.022685
0 0.623177 0.595602 0.007812 0.022685
0 0.630208 0.595139 0.007812 0.022685
0 0.637240 0.594213 0.007812 0.022685
0 0.644271 0.593287 0.007812 0.022685
0 0.651563 0.592361 0.007812 0.022685
0 0.667578 0.590278 0.008594 0.023148
0 0.674609 0.588889 0.008594 0.023148
0 0.681641 0.587500 0.008594 0.023148
0 0.683724 0.613426 0.008594 0.023148
0 0.676172 0.614815 0.008594 0.023148
0 0.669141 0.616204 0.008594 0.023148
0 0.662109 0.616667 0.008594 0.023148
0 0.654557 0.618519 0.008594 0.023148
0 0.647526 0.618981 0.008594 0.023148
0 0.640495 0.620833 0.008594 0.023148
0 0.633724 0.621296 0.008594 0.023148
0 0.626953 0.622222 0.008594 0.023148
0 0.619141 0.623611 0.008594 0.023148
0 0.663932 0.174769 0.007031 0.018981
0 0.669922 0.175694 0.007031 0.018981
0 0.675391 0.176620 0.007031 0.018981
0 0.681120 0.178472 0.007031 0.018981
0 0.686849 0.179398 0.007031 0.018981
0 0.692578 0.180787 0.007031 0.018981
0 0.698307 0.181250 0.007031 0.018981
0 0.703776 0.182639 0.007031 0.018981
0 0.709766 0.184491 0.007031 0.018981
0 0.715234 0.185880 0.007031 0.018981
0 0.710807 0.202083 0.007031 0.018981
0 0.705339 0.200231 0.007031 0.018981
0 0.699609 0.199769 0.007031 0.018981
0 0.693880 0.198380 0.007031 0.018981
0 0.688151 0.197454 0.007031 0.018981
0 0.682422 0.196065 0.007031 0.018981
0 0.676953 0.195139 0.007031 0.018981
0 0.670703 0.193750 0.007031 0.018981
0 0.664974 0.192824 0.007031 0.018981
0 0.666797 0.211343 0.007031 0.018981
0 0.672526 0.212269 0.007031 0.018981
0 0.678255 0.213194 0.007031 0.018981
0 0.692057 0.216435 0.007031 0.018981
0 0.697526 0.216898 0.007031 0.018981
0 0.702995 0.218750 0.007031 0.018981
0 0.708984 0.220139 0.007031 0.018981
0 0.714453 0.220602 0.007031 0.018981
0 0.720182 0.222454 0.007031 0.018981
0 0.720703 0.240046 0.007031 0.018981
0 0.714974 0.239583 0.007031 0.018981
0 0.709245 0.238657 0.007031 0.018981
0 0.703516 0.237269 0.007031 0.018981
0 0.697786 0.236343 0.007031 0.018981
0 0.692318 0.234491 0.007031 0.018981
0 0.679818 0.231713 0.007031 0.018981
0 0.673568 0.230787 0.007031 0.018981
0 0.667839 0.229861 0.007031 0.018981
0 0.669141 0.248843 0.007031 0.018981
0 0.674870 0.248843 0.007031 0.018981
0 0.680599 0.250231 0.007031 0.018981
0 0.686589 0.252083 0.007031 0.018981
0 0.692318 0.252546 0.007031 0.018981
0 0.698307 0.254398 0.007031 0.018981
0 0.704036 0.255324 0.007031 0.018981
0 0.710026 0.256250 0.007031 0.018981
0 0.715755 0.257639 0.007031 0.018981
0 0.721484 0.258565 0.007031 0.018981
0 0.724089 0.277083 0.007031 0.018981
0 0.718099 0.276157 0.007031 0.018981
0 0.712370 0.274769 0.007031 0.018981
0 0.706901 0.273843 0.007031 0.018981
0 0.700911 0.272917 0.007031 0.018981
0 0.695182 0.271991 0.007031 0.018981
0 0.682161 0.269676 0.007031 0.018981
0 0.676432 0.268750 0.007031 0.018981
0 0.670443 0.267824 0.007031 0.018981
0 0.671484 0.286806 0.007031 0.018981
0 0.677734 0.288657 0.007031 0.018981
0 0.683464 0.289120 0.007031 0.018981
0 0.697786 0.291898 0.007031 0.018981
0 0.703776 0.294213 0.007031 0.018981
0 0.709766 0.294213 0.007031 0.018981
0 0.715495 0.296528 0.007031 0.018981
0 0.720964 0.296991 0.007031 0.018981
0 0.726693 0.297917 0.007031 0.018981
0 0.726432 0.316898 0.007031 0.018981
0 0.720443 0.316435 0.007031 0.018981
0 0.714453 0.314583 0.007031 0.018981
0 0.708724 0.313657 0.007031 0.018981
0 0.703255 0.312269 0.007031 0.018981
0 0.697005 0.310880 0.007031 0.018981
0 0.691276 0.309954 0.007031 0.018981
0 0.684766 0.309028 0.007031 0.018981
0 0.678776 0.307639 0.007031 0.018981
0 0.673047 0.306713 0.007031 0.018981
0 0.674089 0.326620 0.007031 0.018981
0 0.680599 0.328009 0.007031 0.018981
0 0.686328 0.328009 0.007031 0.018981
0 0.692318 0.328935 0.007031 0.018981
0 0.698568 0.330787 0.007031 0.018981
0 0.704297 0.331713 0.007031 0.018981
0 0.710547 0.332639 0.007031 0.018981
0 0.716016 0.333565 0.007031 0.018981
0 0.722005 0.335417 0.007031 0.018981
0 0.728255 0.335880 0.007031 0.018981
0 0.731901 0.356250 0.007031 0.018981
0 0.725911 0.355324 0.007031 0.018981
0 0.720182 0.353935 0.007031 0.018981
0 0.714193 0.352778 0.007031 0.020370
0 0.708203 0.352315 0.007031 0.020370
0 0.702214 0.351389 0.007031 0.020370
0 0.687891 0.348148 0.007031 0.020370
0 0.681641 0.347222 0.007031 0.020370
0 0.675391 0.346759 0.007031 0.020370
0 0.677214 0.368056 0.007031 0.020370
0 0.683203 0.369907 0.007031 0.020370
0 0.689453 0.370370 0.007031 0.020370
0 0.695703 0.371296 0.007031 0.020370
0 0.707682 0.373611 0.007031 0.020370
0 0.713672 0.374537 0.007031 0.020370
0 0.719661 0.375463 0.007031 0.020370
0 0.725651 0.376389 0.007031 0.020370
0 0.731641 0.377315 0.007031 0.020370
0 0.733203 0.397222 0.007031 0.020370
0 0.727214 0.396759 0.007031 0.020370
0 0.720964 0.395370 0.007031 0.020370
0 0.714974 0.393981 0.007031 0.020370
0 0.709245 0.393519 0.007031 0.020370
0 0.702995 0.392593 0.007031 0.020370
0 0.697005 0.392130 0.007031 0.020370
0 0.690495 0.390278 0.007031 0.020370
0 0.684505 0.389815 0.007031 0.020370
0 0.678255 0.388889 0.007031 0.020370
0 0.679818 0.408796 0.007031 0.020370
0 0.685807 0.409259 0.007031 0.020370
0 0.692057 0.410648 0.007031 0.020370
0 0.706380 0.412963 0.007031 0.020370
0 0.712630 0.413889 0.007031 0.020370
0 0.719141 0.414352 0.007031 0.020370
0 0.724609 0.415972 0.007552 0.019907
0 0.730859 0.416435 0.007552 0.019907
0 0.737109 0.417361 0.007552 0.019907
0 0.738932 0.438426 0.008594 0.021296
0 0.732682 0.436806 0.008073 0.020833
0 0.726432 0.436343 0.008073 0.020833
0 0.720443 0.434954 0.008073 0.020833
0 0.714193 0.434028 0.008073 0.020833
0 0.708203 0.434028 0.008073 0.020833
0 0.693620 0.430787 0.008073 0.020833
0 0.687370 0.429861 0.008073 0.020833
0 0.681380 0.428472 0.008073 0.020833
0 0.682422 0.452546 0.008073 0.020833
0 0.688932 0.453472 0.008073 0.020833
0 0.695182 0.454398 0.008073 0.020833
0 0.701432 0.455324 0.008073 0.020833
0 0.707682 0.455787 0.008073 0.020833
0 0.714193 0.456713 0.008073 0.020833
0 0.720443 0.458565 0.008073 0.020833
0 0.726172 0.459491 0.008073 0.020833
0 0.732682 0.459954 0.008073 0.020833
0 0.738411 0.460880 0.008073 0.020833
0 0.742839 0.482176 0.008073 0.020833
0 0.736068 0.482176 0.008073 0.020833
0 0.730078 0.480787 0.008073 0.020833
0 0.724089 0.479861 0.008073 0.020833
0 0.717578 0.478935 0.008073 0.020833
0 0.711849 0.478472 0.008073 0.020833
0 0.697005 0.476157 0.008073 0.020833
0 0.690495 0.475463 0.007552 0.022222
0 0.684245 0.474537 0.007552 0.022222
0 0.685547 0.496296 0.007552 0.022222
0 0.691797 0.497222 0.007552 0.022222
0 0.698568 0.498611 0.007552 0.022222
0 0.713411 0.500463 0.007552 0.022222
0 0.719922 0.500926 0.007552 0.022222
0 0.725911 0.502315 0.007552 0.022222
0 0.732161 0.502778 0.007552 0.022222
0 0.738151 0.503704 0.007552 0.022222
0 0.744401 0.504630 0.007552 0.022222
0 0.744141 0.527315 0.007552 0.022222
0 0.737891 0.526389 0.007552 0.022222
0 0.731901 0.525926 0.007552 0.022222
0 0.725391 0.524537 0.007552 0.022222
0 0.719141 0.523611 0.007552 0.022222
0 0.712891 0.522222 0.007552 0.022222
0 0.706380 0.521759 0.007552 0.022222
0 0.699609 0.520370 0.007552 0.022222
0 0.693359 0.518981 0.008073 0.023148
0 0.686849 0.518519 0.008073 0.023148
0 0.688411 0.543056 0.008073 0.023148
0 0.695443 0.543519 0.008073 0.023148
0 0.701693 0.544444 0.008073 0.023148
0 0.707943 0.544444 0.008073 0.023148
0 0.714453 0.545370 0.008073 0.023148
0 0.720443 0.545833 0.008073 0.023148
0 0.727214 0.546759 0.008073 0.023148
0 0.733464 0.548611 0.008073 0.023148
0 0.740495 0.548611 0.008073 0.023148
0 0.746224 0.549537 0.008073 0.023148
0 0.751172 0.572685 0.008073 0.023148
0 0.744401 0.572222 0.008073 0.023148
0 0.738151 0.571759 0.008073 0.023148
0 0.732161 0.570833 0.008073 0.023148
0 0.725391 0.569444 0.008073 0.023148
0 0.719401 0.568981 0.008073 0.023148
0 0.703516 0.567130 0.008073 0.023148
0 0.696745 0.566204 0.008073 0.023148
0 0.690495 0.565741 0.008073 0.023148
0 0.692057 0.588426 0.008073 0.023148
0 0.698307 0.588426 0.008073 0.023148
0 0.704818 0.588889 0.008073 0.023148
0 0.720703 0.591667 0.008073 0.023148
0 0.726953 0.592130 0.008073 0.023148
0 0.733724 0.593056 0.008073 0.023148
0 0.739974 0.593981 0.008073 0.023148
0 0.746224 0.594444 0.008073 0.023148
0 0.752734 0.595370 0.008073 0.023148
0 0.754557 0.621296 0.008073 0.023148
0 0.748307 0.620833 0.008073 0.023148
0 0.742057 0.619907 0.008073 0.023148
0 0.735547 0.619444 0.008073 0.023148
0 0.713411 0.615741 0.008073 0.023148
0 0.706641 0.614815 0.008073 0.023148
0 0.700130 0.613889 0.008073 0.023148
0 0.691016 0.613889 0.008073 0.023148
0 0.726432 0.184954 0.007552 0.018056
0 0.732422 0.184028 0.007552 0.018056
0 0.738672 0.183102 0.007552 0.018056
0 0.744922 0.181250 0.007552 0.018056
0 0.750911 0.179861 0.007552 0.018056
0 0.757422 0.178009 0.007552 0.018056
0 0.763411 0.176620 0.007552 0.018056
0 0.769922 0.175231 0.007552 0.018056
0 0.775651 0.173380 0.007552 0.018056
0 0.782422 0.171991 0.007552 0.018056
0 0.788932 0.171065 0.007552 0.018056
0 0.795443 0.168750 0.007552 0.018056
0 0.801432 0.168287 0.007552 0.018056
0 0.803516 0.184722 0.008594 0.019444
0 0.797005 0.187037 0.008594 0.019444
0 0.790755 0.188426 0.008594 0.019444
0 0.784245 0.189352 0.008594 0.019444
0 0.777995 0.191204 0.008594 0.019444
0 0.771745 0.192593 0.008594 0.019444
0 0.765234 0.193981 0.008594 0.019444
0 0.758984 0.195833 0.008594 0.019444
0 0.752734 0.196759 0.008594 0.019444
0 0.746745 0.198148 0.008594 0.019444
0 0.740234 0.199537 0.008594 0.019444
0 0.733724 0.201852 0.008594 0.019444
0 0.728255 0.202315 0.008594 0.019444
0 0.729818 0.221296 0.008594 0.019444
0 0.736068 0.220833 0.008594 0.019444
0 0.742318 0.218981 0.008594 0.019444
0 0.748568 0.217593 0.008594 0.019444
0 0.755078 0.216204 0.008594 0.019444
0 0.760807 0.215278 0.008594 0.019444
0 0.767578 0.213426 0.008594 0.019444
0 0.773828 0.212037 0.008594 0.019444
0 0.780078 0.210185 0.008594 0.019444
0 0.786589 0.208796 0.008594 0.019444
0 0.793099 0.207407 0.008594 0.019444
0 0.799870 0.206019 0.008594 0.019444
0 0.805859 0.204630 0.008594 0.019444
0 0.808464 0.222685 0.008594 0.019444
0 0.801693 0.225000 0.008594 0.019444
0 0.795182 0.225463 0.008594 0.019444
0 0.788672 0.226852 0.008594 0.019444
0 0.782161 0.228704 0.008594 0.019444
0 0.775911 0.229630 0.008594 0.019444
0 0.769141 0.231019 0.008594 0.019444
0 0.762891 0.232870 0.008594 0.019444
0 0.756641 0.234259 0.008594 0.019444
0 0.749870 0.236111 0.008594 0.019444
0 0.743880 0.237500 0.008594 0.019444
0 0.737630 0.238426 0.008594 0.019444
0 0.731380 0.240278 0.008594 0.019444
0 0.733203 0.259259 0.008594 0.019444
0 0.739453 0.257870 0.008594 0.019444
0 0.745703 0.256944 0.008594 0.019444
0 0.752214 0.255556 0.008594 0.019444
0 0.758464 0.254167 0.008594 0.019444
0 0.765234 0.252315 0.008594 0.019444
0 0.771484 0.250926 0.008594 0.019444
0 0.777734 0.249537 0.008594 0.019444
0 0.784505 0.248148 0.008594 0.019444
0 0.791016 0.246296 0.008594 0.019444
0 0.797266 0.244907 0.008594 0.019444
0 0.804036 0.243981 0.008594 0.019444
0 0.810286 0.242593 0.008594 0.019444
0 0.812891 0.260648 0.008594 0.019444
0 0.806380 0.262500 0.008594 0.019444
0 0.799870 0.264352 0.008594 0.019444
0 0.793099 0.264815 0.008594 0.019444
0 0.786589 0.266204 0.008594 0.019444
0 0.779818 0.267593 0.008594 0.019444
0 0.773307 0.268981 0.008594 0.019444
0 0.767057 0.270833 0.008594 0.019444
0 0.760547 0.272222 0.008594 0.019444
0 0.753776 0.272685 0.008594 0.019444
0 0.747526 0.275000 0.008594 0.019444
0 0.741536 0.276389 0.008594 0.019444
0 0.735026 0.277315 0.008594 0.019444
0 0.736849 0.296296 0.008594 0.019444
0 0.742839 0.295370 0.008594 0.019444
0 0.749349 0.294444 0.008594 0.019444
0 0.755859 0.293056 0.008594 0.019444
0 0.762370 0.291667 0.008594 0.019444
0 0.769141 0.290278 0.008594 0.019444
0 0.775651 0.288889 0.008594 0.019444
0 0.782161 0.287500 0.008594 0.019444
0 0.788672 0.286574 0.008594 0.019444
0 0.795443 0.284722 0.008594 0.019444
0 0.801953 0.283333 0.008594 0.019444
0 0.808464 0.282407 0.008594 0.019444
0 0.814974 0.280093 0.008594 0.019444
0 0.817318 0.299074 0.008594 0.019444
0 0.810807 0.300926 0.008594 0.019444
0 0.804297 0.301852 0.008594 0.019444
0 0.797786 0.303241 0.008594 0.019444
0 0.791016 0.304630 0.008594 0.019444
0 0.784245 0.306019 0.008594 0.019444
0 0.777734 0.307407 0.008594 0.019444
0 0.770964 0.308796 0.008594 0.019444
0 0.764453 0.310185 0.008594 0.019444
0 0.757943 0.311574 0.008594 0.019444
0 0.751432 0.312963 0.008594 0.019444
0 0.745182 0.314352 0.008594 0.019444
0 0.738672 0.315278 0.008594 0.019444
0 0.740495 0.335185 0.008594 0.019444
0 0.746745 0.334259 0.008594 0.019444
0 0.753255 0.333333 0.008594 0.019444
0 0.760026 0.331481 0.008594 0.019444
0 0.766536 0.330093 0.008594 0.019444
0 0.773047 0.329167 0.008594 0.019444
0 0.779818 0.327778 0.008594 0.019444
0 0.786328 0.326389 0.008594 0.019444
0 0.793099 0.324537 0.008594 0.019444
0 0.799609 0.323148 0.008594 0.019444
0 0.806641 0.322222 0.008594 0.019444
0 0.813411 0.320833 0.008594 0.019444
0 0.819922 0.319907 0.008594 0.019444
0 0.822526 0.338889 0.008594 0.019444
0 0.815234 0.339815 0.008594 0.019444
0 0.808464 0.341204 0.008594 0.019444
0 0.801953 0.343056 0.008594 0.019444
0 0.795182 0.343981 0.008594 0.019444
0 0.788281 0.345602 0.008333 0.020833
0 0.781771 0.346991 0.008333 0.020833
0 0.775260 0.348843 0.008333 0.020833
0 0.768490 0.349769 0.008333 0.020833
0 0.761719 0.351157 0.008333 0.020833
0 0.755208 0.352083 0.008333 0.020833
0 0.748698 0.353935 0.008333 0.020833
0 0.742448 0.355324 0.008333 0.020833
0 0.744010 0.376157 0.008333 0.020833
0 0.750781 0.375694 0.008333 0.020833
0 0.757292 0.374306 0.008333 0.020833
0 0.763802 0.372454 0.008333 0.020833
0 0.770833 0.371528 0.008333 0.020833
0 0.777604 0.370139 0.008333 0.020833
0 0.784375 0.369213 0.008333 0.020833
0 0.791146 0.367824 0.008333 0.020833
0 0.797656 0.365972 0.008333 0.020833
0 0.804167 0.365046 0.008333 0.020833
0 0.811198 0.363657 0.008333 0.020833
0 0.818229 0.362269 0.008333 0.020833
0 0.825000 0.361343 0.008333 0.020833
0 0.827344 0.381250 0.008333 0.020833
0 0.820312 0.381713 0.008333 0.020833
0 0.813281 0.383565 0.008333 0.020833
0 0.806771 0.384954 0.008333 0.020833
0 0.799740 0.386343 0.008333 0.020833
0 0.792969 0.387269 0.008333 0.020833
0 0.785937 0.388194 0.008333 0.020833
0 0.779167 0.389583 0.008333 0.020833
0 0.772656 0.391435 0.008333 0.020833
0 0.765625 0.392824 0.008333 0.020833
0 0.759115 0.394213 0.008333 0.020833
0 0.752604 0.395139 0.008333 0.020833
0 0.746094 0.396528 0.008333 0.020833
0 0.747917 0.417824 0.008333 0.020833
0 0.754687 0.417361 0.008333 0.020833
0 0.761458 0.415509 0.008333 0.020833
0 0.768229 0.415046 0.008333 0.020833
0 0.774740 0.413657 0.008333 0.020833
0 0.781771 0.411806 0.008333 0.020833
0 0.788542 0.410880 0.008333 0.020833
0 0.795573 0.409491 0.008333 0.020833
0 0.802344 0.408565 0.008333 0.020833
0 0.809245 0.406944 0.009635 0.021296
0 0.816016 0.406019 0.009635 0.021296
0 0.823307 0.405093 0.009635 0.021296
0 0.829818 0.403241 0.009635 0.021296
0 0.832682 0.423611 0.009635 0.021296
0 0.825651 0.425000 0.009635 0.021296
0 0.818620 0.426389 0.009635 0.021296
0 0.811589 0.427315 0.009635 0.021296
0 0.804557 0.428704 0.009635 0.021296
0 0.797526 0.429167 0.009635 0.021296
0 0.790495 0.430556 0.009635 0.021296
0 0.783724 0.432870 0.009635 0.021296
0 0.776953 0.433796 0.009635 0.021296
0 0.770703 0.434722 0.009635 0.021296
0 0.763411 0.435648 0.009635 0.021296
0 0.756641 0.436574 0.009635 0.021296
0 0.750130 0.438426 0.009635 0.021296
0 0.752083 0.461111 0.008854 0.020370
0 0.759115 0.459259 0.008854 0.020370
0 0.765625 0.458796 0.008854 0.020370
0 0.772396 0.457407 0.008854 0.020370
0 0.779167 0.456019 0.008854 0.020370
0 0.786198 0.455093 0.008854 0.020370
0 0.793229 0.453704 0.008854 0.020370
0 0.800000 0.452315 0.008854 0.020370
0 0.807292 0.451389 0.008854 0.020370
0 0.814063 0.450000 0.008854 0.020370
0 0.821354 0.449074 0.008854 0.020370
0 0.828125 0.447222 0.008854 0.020370
0 0.835417 0.446296 0.009375 0.022222
0 0.838021 0.466667 0.009375 0.022222
0 0.830469 0.469444 0.009375 0.022222
0 0.823438 0.469907 0.009375 0.022222
0 0.816406 0.471296 0.009375 0.022222
0 0.809375 0.472222 0.009375 0.022222
0 0.802604 0.473611 0.009375 0.022222
0 0.795573 0.475463 0.009375 0.022222
0 0.788281 0.475463 0.009375 0.022222
0 0.781250 0.477315 0.009375 0.022222
0 0.774479 0.478704 0.009375 0.022222
0 0.767448 0.479630 0.009375 0.022222
0 0.760938 0.481019 0.009375 0.022222
0 0.754167 0.482407 0.009375 0.022222
0 0.755990 0.504630 0.009375 0.022222
0 0.762760 0.503704 0.009375 0.022222
0 0.769792 0.502778 0.009375 0.022222
0 0.776563 0.501389 0.009375 0.022222
0 0.784115 0.499537 0.009375 0.022222
0 0.790625 0.498611 0.009375 0.022222
0 0.797656 0.497685 0.009375 0.022222
0 0.804688 0.496759 0.009375 0.022222
0 0.811979 0.495370 0.009375 0.022222
0 0.819010 0.494444 0.009375 0.022222
0 0.826302 0.493519 0.009375 0.022222
0 0.833333 0.491667 0.009375 0.022222
0 0.840625 0.490741 0.009375 0.022222
0 0.843229 0.512500 0.009375 0.022222
0 0.835677 0.514352 0.009375 0.022222
0 0.828906 0.515278 0.009375 0.022222
0 0.821615 0.515741 0.009375 0.022222
0 0.814323 0.517593 0.009375 0.022222
0 0.807552 0.518519 0.009375 0.022222
0 0.800521 0.519444 0.009375 0.022222
0 0.793229 0.520370 0.009375 0.022222
0 0.785677 0.521759 0.009375 0.022222
0 0.778906 0.522685 0.009375 0.022222
0 0.772135 0.523148 0.009375 0.022222
0 0.765104 0.524537 0.009375 0.022222
0 0.758073 0.525926 0.009375 0.022222
0 0.760417 0.550000 0.009375 0.022222
0 0.767188 0.549074 0.009375 0.022222
0 0.774219 0.548148 0.009375 0.022222
0 0.781510 0.547222 0.009375 0.022222
0 0.788802 0.545370 0.009375 0.022222
0 0.795833 0.545370 0.009375 0.022222
0 0.802865 0.543981 0.009375 0.022222
0 0.809896 0.542130 0.009375 0.022222
0 0.817448 0.541204 0.009375 0.022222
0 0.824219 0.539815 0.009375 0.022222
0 0.831771 0.538889 0.009375 0.022222
0 0.839063 0.537963 0.009375 0.022222
0 0.846354 0.536574 0.009375 0.022222
0 0.848958 0.558796 0.009375 0.022222
0 0.841406 0.560185 0.009375 0.022222
0 0.834115 0.561574 0.009375 0.022222
0 0.826823 0.562500 0.009375 0.022222
0 0.819271 0.562963 0.009375 0.022222
0 0.812760 0.564352 0.009375 0.022222
0 0.805208 0.565741 0.009375 0.022222
0 0.797917 0.566667 0.009375 0.022222
0 0.790625 0.568056 0.009375 0.022222
0 0.783594 0.568519 0.009375 0.022222
0 0.776563 0.570833 0.009375 0.022222
0 0.769271 0.571296 0.009375 0.022222
0 0.762500 0.572222 0.009375 0.022222
0 0.764583 0.596296 0.009375 0.022222
0 0.771875 0.595370 0.009375 0.022222
0 0.778646 0.594444 0.009375 0.022222
0 0.785937 0.593056 0.009375 0.022222
0 0.793229 0.592130 0.009375 0.022222
0 0.800521 0.590741 0.009375 0.022222
0 0.807552 0.590278 0.009375 0.022222
0 0.815104 0.588889 0.009375 0.022222
0 0.822396 0.587963 0.009375 0.022222
0 0.829688 0.586574 0.009375 0.022222
0 0.837240 0.585648 0.009375 0.022222
0 0.844531 0.584259 0.009375 0.022222
0 0.851823 0.583333 0.009375 0.022222
0 0.854427 0.606481 0.009375 0.023148
0 0.847135 0.607407 0.009375 0.023148
0 0.839583 0.608333 0.009375 0.023148
0 0.832292 0.609722 0.009375 0.023148
0 0.825000 0.610648 0.009375 0.023148
0 0.817708 0.611574 0.009375 0.023148
0 0.810156 0.612500 0.009375 0.023148
0 0.803125 0.614352 0.009375 0.023148
0 0.795573 0.615278 0.009375 0.023148
0 0.788281 0.616204 0.009375 0.023148
0 0.781250 0.617130 0.009375 0.023148
0 0.774219 0.618519 0.009375 0.023148
0 0.767188 0.619444 0.009375 0.023148
0 0.812760 0.166667 0.007812 0.018519
0 0.818750 0.167130 0.007812 0.018519
0 0.824479 0.168519 0.007812 0.018519
0 0.830208 0.168519 0.007812 0.018519
0 0.835677 0.169444 0.007812 0.018519
0 0.841146 0.170370 0.007812 0.018519
0 0.847135 0.170833 0.007812 0.018519
0 0.852865 0.172222 0.007812 0.018519
0 0.858073 0.172685 0.007812 0.018519
0 0.863802 0.173148 0.007812 0.018519
0 0.869792 0.174074 0.007812 0.018519
0 0.875521 0.175000 0.007812 0.018519
0 0.880469 0.175463 0.007812 0.018519
0 0.886458 0.176389 0.007812 0.018519
0 0.892188 0.177315 0.007812 0.018519
0 0.897396 0.177315 0.007812 0.018519
0 0.903125 0.178241 0.007812 0.018519
0 0.908594 0.178704 0.007812 0.018519
0 0.911458 0.197222 0.007812 0.018519
0 0.905990 0.195833 0.007812 0.018519
0 0.900260 0.195833 0.007812 0.018519
0 0.894531 0.194907 0.007812 0.018519
0 0.888802 0.193981 0.007812 0.018519
0 0.883594 0.193056 0.007812 0.018519
0 0.877604 0.192593 0.007812 0.018519
0 0.872135 0.191667 0.007812 0.018519
0 0.866146 0.191204 0.007812 0.018519
0 0.860677 0.190741 0.007812 0.018519
0 0.854948 0.189352 0.007812 0.018519
0 0.849219 0.189352 0.007812 0.018519
0 0.843750 0.188889 0.007812 0.018519
0 0.837760 0.187037 0.007812 0.018519
0 0.832292 0.187037 0.007812 0.018519
0 0.826562 0.186111 0.007812 0.018519
0 0.820833 0.186111 0.007812 0.018519
0 0.815104 0.184722 0.007812 0.018519
0 0.816927 0.202778 0.007812 0.018519
0 0.822917 0.203704 0.007812 0.018519
0 0.829167 0.204630 0.007812 0.018519
0 0.834635 0.205556 0.007812 0.018519
0 0.840365 0.206019 0.007812 0.018519
0 0.846094 0.206944 0.007812 0.018519
0 0.852083 0.207870 0.007812 0.018519
0 0.857552 0.208333 0.007812 0.018519
0 0.863542 0.209259 0.007812 0.018519
0 0.869531 0.210185 0.007812 0.018519
0 0.875260 0.211111 0.007812 0.018519
0 0.880469 0.211574 0.007812 0.018519
0 0.886458 0.212037 0.007812 0.018519
0 0.892188 0.212963 0.007812 0.018519
0 0.897656 0.213426 0.007812 0.018519
0 0.903385 0.214815 0.007812 0.018519
0 0.908854 0.215278 0.007812 0.018519
0 0.914583 0.216667 0.007812 0.018519
0 0.917188 0.234722 0.007812 0.018519
0 0.911719 0.233796 0.007812 0.018519
0 0.905990 0.232407 0.007812 0.018519
0 0.900521 0.232407 0.007812 0.018519
0 0.894792 0.231944 0.007812 0.018519
0 0.888802 0.230556 0.007812 0.018519
0 0.883073 0.230093 0.007812 0.018519
0 0.877344 0.229630 0.007812 0.018519
0 0.871615 0.228704 0.007812 0.018519
0 0.866146 0.227778 0.007812 0.018519
0 0.859896 0.226389 0.007812 0.018519
0 0.854167 0.226389 0.007812 0.018519
0 0.848437 0.225463 0.007812 0.018519
0 0.842708 0.225000 0.007812 0.018519
0 0.836719 0.223611 0.007812 0.018519
0 0.830729 0.222685 0.007812 0.018519
0 0.825260 0.221296 0.007812 0.018519
0 0.818750 0.221296 0.007812 0.018519
0 0.822135 0.241667 0.007812 0.018519
0 0.827865 0.242130 0.007812 0.018519
0 0.833594 0.242593 0.007812 0.018519
0 0.839844 0.243519 0.007812 0.018519
0 0.845313 0.244444 0.007812 0.018519
0 0.851562 0.245370 0.007812 0.018519
0 0.857031 0.245833 0.007812 0.018519
0 0.862500 0.246759 0.007812 0.018519
0 0.869271 0.247685 0.007812 0.018519
0 0.874479 0.248148 0.007812 0.018519
0 0.880208 0.248611 0.007812 0.018519
0 0.886198 0.249537 0.007812 0.018519
0 0.891667 0.250000 0.007812 0.018519
0 0.897396 0.250926 0.007812 0.018519
0 0.903125 0.251852 0.007812 0.018519
0 0.909115 0.252315 0.007812 0.018519
0 0.914844 0.253704 0.007812 0.018519
0 0.920052 0.253704 0.007812 0.018519
0 0.923438 0.272685 0.007812 0.018519
0 0.917448 0.272222 0.007812 0.018519
0 0.911719 0.271296 0.007812 0.018519
0 0.905990 0.270370 0.007812 0.018519
0 0.900260 0.269907 0.007812 0.018519
0 0.894792 0.268519 0.007812 0.018519
0 0.888542 0.268056 0.007812 0.018519
0 0.882552 0.267593 0.007812 0.018519
0 0.876823 0.266667 0.007812 0.018519
0 0.871094 0.266204 0.007812 0.018519
0 0.865625 0.265278 0.007812 0.018519
0 0.859375 0.264352 0.007812 0.018519
0 0.853906 0.264352 0.007812 0.018519
0 0.847917 0.263426 0.007812 0.018519
0 0.841667 0.261574 0.007812 0.018519
0 0.835938 0.261111 0.007812 0.018519
0 0.830208 0.260648 0.007812 0.018519
0 0.824219 0.260185 0.007812 0.018519
0 0.827083 0.281019 0.007812 0.018519
0 0.833073 0.281481 0.007812 0.018519
0 0.838802 0.281944 0.007812 0.018519
0 0.844792 0.282407 0.007812 0.018519
0 0.850521 0.283333 0.007812 0.018519
0 0.856771 0.283796 0.007812 0.018519
0 0.862500 0.284259 0.007812 0.018519
0 0.868750 0.285185 0.007812 0.018519
0 0.874479 0.286111 0.007812 0.018519
0 0.880208 0.287037 0.007812 0.018519
0 0.885938 0.287500 0.007812 0.018519
0 0.891927 0.288426 0.007812 0.018519
0 0.897917 0.288426 0.007812 0.018519
0 0.903646 0.288889 0.007812 0.018519
0 0.909115 0.290278 0.007812 0.018519
0 0.915104 0.290278 0.007812 0.018519
0 0.920833 0.291667 0.007812 0.018519
0 0.926562 0.292130 0.007812 0.018519
0 0.929948 0.310185 0.007812 0.018519
0 0.923438 0.310185 0.007812 0.018519
0 0.917708 0.309259 0.007812 0.018519
0 0.911979 0.308796 0.007812 0.018519
0 0.906250 0.307870 0.007812 0.018519
0 0.900260 0.307407 0.007812 0.018519
0 0.894531 0.306944 0.007812 0.018519
0 0.888542 0.306481 0.007812 0.018519
0 0.882552 0.305556 0.007812 0.018519
0 0.876823 0.305093 0.007812 0.018519
0 0.870833 0.304630 0.007812 0.018519
0 0.865104 0.303704 0.007812 0.018519
0 0.859115 0.303241 0.007812 0.018519
0 0.852865 0.302315 0.007812 0.018519
0 0.846875 0.301852 0.007812 0.018519
0 0.841146 0.301389 0.007812 0.018519
0 0.835156 0.300463 0.007812 0.018519
0 0.829167 0.299537 0.007812 0.018519
0 0.832292 0.320833 0.007812 0.018519
0 0.838021 0.321296 0.007812 0.018519
0 0.844271 0.322222 0.007812 0.018519
0 0.850260 0.322685 0.007812 0.018519
0 0.856250 0.323148 0.007812 0.018519
0 0.862500 0.324537 0.007812 0.018519
0 0.868229 0.325000 0.007812 0.018519
0 0.874219 0.325926 0.007812 0.018519
0 0.880208 0.326389 0.007812 0.018519
0 0.885938 0.326852 0.007812 0.018519
0 0.892188 0.327778 0.007812 0.018519
0 0.897917 0.328704 0.007812 0.018519
0 0.903906 0.329167 0.007812 0.018519
0 0.909375 0.329630 0.007812 0.018519
0 0.915365 0.330093 0.007812 0.018519
0 0.921354 0.331019 0.007812 0.018519
0 0.927344 0.331944 0.007812 0.018519
0 0.933333 0.331944 0.007812 0.018519
0 0.936589 0.351852 0.008594 0.020370
0 0.930339 0.351852 0.008594 0.020370
0 0.924349 0.350463 0.008594 0.020370
0 0.918359 0.350000 0.008594 0.020370
0 0.912109 0.350000 0.008594 0.020370
0 0.906641 0.349074 0.008594 0.020370
0 0.900651 0.348148 0.008594 0.020370
0 0.894922 0.347222 0.008594 0.020370
0 0.888672 0.346296 0.008594 0.020370
0 0.882682 0.346296 0.008594 0.020370
0 0.876693 0.345370 0.008594 0.020370
0 0.870964 0.344907 0.008594 0.020370
0 0.864974 0.343981 0.008594 0.020370
0 0.858724 0.343056 0.008594 0.020370
0 0.852474 0.342130 0.008594 0.020370
0 0.846484 0.341667 0.008594 0.020370
0 0.840755 0.340741 0.008594 0.020370
0 0.834505 0.340741 0.008594 0.020370
0 0.836849 0.360185 0.008594 0.020370
0 0.842578 0.361111 0.008594 0.020370
0 0.848828 0.360648 0.008594 0.020370
0 0.855339 0.361574 0.008594 0.020370
0 0.861328 0.362500 0.008594 0.020370
0 0.867318 0.363426 0.008594 0.020370
0 0.873307 0.363889 0.008594 0.020370
0 0.879818 0.364815 0.008594 0.020370
0 0.885807 0.365278 0.008594 0.020370
0 0.891797 0.366204 0.008594 0.020370
0 0.897786 0.366667 0.008594 0.020370
0 0.903516 0.368056 0.008594 0.020370
0 0.909245 0.368056 0.008594 0.020370
0 0.915755 0.368981 0.008594 0.020370
0 0.921484 0.369444 0.008594 0.020370
0 0.927474 0.370370 0.008594 0.020370
0 0.933203 0.370370 0.008594 0.020370
0 0.939453 0.371759 0.008594 0.020370
0 0.942578 0.390741 0.008594 0.020370
0 0.936328 0.390278 0.008594 0.020370
0 0.930078 0.390278 0.008594 0.020370
0 0.924089 0.389352 0.008594 0.020370
0 0.917839 0.388889 0.008594 0.020370
0 0.912370 0.387963 0.008594 0.020370
0 0.906380 0.387500 0.008594 0.020370
0 0.900391 0.386574 0.008594 0.020370
0 0.894661 0.386111 0.008594 0.020370
0 0.888411 0.385648 0.008594 0.020370
0 0.882161 0.384722 0.008594 0.020370
0 0.875911 0.383796 0.008594 0.020370
0 0.870182 0.383333 0.008594 0.020370
0 0.864193 0.382870 0.008594 0.020370
0 0.857682 0.381944 0.008594 0.020370
0 0.851432 0.381944 0.008594 0.020370
0 0.845443 0.381019 0.008594 0.020370
0 0.838932 0.379630 0.008594 0.020370
0 0.841797 0.402315 0.008594 0.020370
0 0.848307 0.402778 0.008594 0.020370
0 0.854818 0.404167 0.008594 0.020370
0 0.860547 0.404167 0.008594 0.020370
0 0.866536 0.405093 0.008594 0.020370
0 0.872786 0.405093 0.008594 0.020370
0 0.879036 0.406019 0.008594 0.020370
0 0.885286 0.406944 0.008594 0.020370
0 0.891276 0.406944 0.008594 0.020370
0 0.897266 0.407870 0.008594 0.020370
0 0.903516 0.408333 0.008594 0.020370
0 0.909505 0.409722 0.008594 0.020370
0 0.915755 0.409722 0.008594 0.020370
0 0.921745 0.410648 0.008594 0.020370
0 0.927995 0.410648 0.008594 0.020370
0 0.933724 0.411574 0.008594 0.020370
0 0.939974 0.412500 0.008594 0.020370
0 0.946484 0.412963 0.008594 0.020370
0 0.949089 0.432407 0.008594 0.020370
0 0.942578 0.432870 0.008594 0.020370
0 0.936068 0.432407 0.008594 0.020370
0 0.930599 0.431019 0.008594 0.020370
0 0.924609 0.431019 0.008594 0.020370
0 0.918359 0.430093 0.008594 0.020370
0 0.912370 0.429167 0.008594 0.020370
0 0.906120 0.428704 0.008594 0.020370
0 0.899870 0.428241 0.008594 0.020370
0 0.893880 0.427778 0.008594 0.020370
0 0.887630 0.426852 0.008594 0.020370
0 0.881901 0.425926 0.008594 0.020370
0 0.875911 0.425463 0.008594 0.020370
0 0.869401 0.425463 0.008594 0.020370
0 0.863411 0.424537 0.008594 0.020370
0 0.856901 0.423611 0.008594 0.020370
0 0.850391 0.423148 0.008594 0.020370
0 0.844922 0.422685 0.008594 0.020370
0 0.847005 0.445833 0.008594 0.020370
0 0.853776 0.446759 0.008594 0.020370
0 0.860026 0.446759 0.008594 0.020370
0 0.866276 0.447222 0.008594 0.020370
0 0.872266 0.447685 0.008594 0.020370
0 0.878776 0.449074 0.008594 0.020370
0 0.884766 0.449074 0.008594 0.020370
0 0.890755 0.450000 0.008594 0.020370
0 0.897266 0.450000 0.008594 0.020370
0 0.903255 0.450926 0.008594 0.020370
0 0.909245 0.451389 0.008594 0.020370
0 0.916016 0.452778 0.008594 0.020370
0 0.922005 0.452778 0.008594 0.020370
0 0.928255 0.453704 0.008594 0.020370
0 0.934245 0.454167 0.008594 0.020370
0 0.940495 0.454630 0.008594 0.020370
0 0.946484 0.454630 0.008594 0.020370
0 0.952995 0.455093 0.008594 0.020370
0 0.956120 0.476389 0.008594 0.020370
0 0.949089 0.475926 0.008594 0.020370
0 0.943620 0.475000 0.008594 0.020370
0 0.936849 0.474537 0.008594 0.020370
0 0.930859 0.473611 0.008594 0.020370
0 0.924870 0.474074 0.008594 0.020370
0 0.918620 0.473148 0.008594 0.020370
0 0.912630 0.472685 0.008594 0.020370
0 0.906120 0.471759 0.008594 0.020370
0 0.899609 0.471296 0.008594 0.020370
0 0.893880 0.471296 0.008594 0.020370
0 0.887630 0.469907 0.008594 0.020370
0 0.881120 0.469444 0.008594 0.020370
0 0.874870 0.469444 0.008594 0.020370
0 0.868620 0.468981 0.008594 0.020370
0 0.862630 0.468519 0.008594 0.020370
0 0.856120 0.467593 0.008594 0.020370
0 0.849089 0.467130 0.008594 0.020370
0 0.852474 0.490278 0.008594 0.020370
0 0.859245 0.490741 0.008594 0.020370
0 0.865495 0.490741 0.008594 0.020370
0 0.872266 0.491667 0.008594 0.020370
0 0.878255 0.491667 0.008594 0.020370
0 0.884766 0.493056 0.008594 0.020370
0 0.891016 0.493519 0.008594 0.020370
0 0.897526 0.493519 0.008594 0.020370
0 0.903516 0.494444 0.008594 0.020370
0 0.909766 0.494907 0.008594 0.020370
0 0.916016 0.495833 0.008594 0.020370
0 0.922266 0.496759 0.008594 0.020370
0 0.928776 0.496759 0.008594 0.020370
0 0.934766 0.496759 0.008594 0.020370
0 0.941276 0.497222 0.008594 0.020370
0 0.947005 0.498148 0.008594 0.020370
0 0.952995 0.498611 0.008594 0.020370
0 0.959766 0.498611 0.008594 0.020370
0 0.963151 0.519907 0.008594 0.020370
0 0.956641 0.519444 0.008594 0.020370
0 0.950130 0.519444 0.008594 0.020370
0 0.944401 0.518981 0.008594 0.020370
0 0.937630 0.518519 0.008594 0.020370
0 0.931901 0.517593 0.008594 0.020370
0 0.925391 0.517130 0.008594 0.020370
0 0.918880 0.517130 0.008594 0.020370
0 0.912630 0.516204 0.008594 0.020370
0 0.906380 0.515741 0.008594 0.020370
0 0.900130 0.515278 0.008594 0.020370
0 0.893620 0.515278 0.008594 0.020370
0 0.887630 0.514352 0.008594 0.020370
0 0.880859 0.513889 0.008594 0.020370
0 0.874870 0.512963 0.008594 0.020370
0 0.868099 0.512500 0.008594 0.020370
0 0.861849 0.511574 0.008594 0.020370
0 0.855859 0.512037 0.008594 0.020370
0 0.858464 0.535648 0.008594 0.020370
0 0.865234 0.536111 0.008594 0.020370
0 0.871484 0.536574 0.008594 0.020370
0 0.878255 0.537037 0.008594 0.020370
0 0.884505 0.537500 0.008594 0.020370
0 0.890755 0.538194 0.009115 0.021759
0 0.897266 0.538657 0.009115 0.021759
0 0.903776 0.539120 0.009115 0.021759
0 0.910026 0.539583 0.009115 0.021759
0 0.916797 0.540046 0.009115 0.021759
0 0.922786 0.540509 0.009115 0.021759
0 0.929036 0.540972 0.009115 0.021759
0 0.935286 0.541898 0.009115 0.021759
0 0.941797 0.542361 0.009115 0.021759
0 0.948307 0.542824 0.009115 0.021759
0 0.954036 0.543750 0.009115 0.021759
0 0.960547 0.544676 0.009115 0.021759
0 0.967057 0.544676 0.009115 0.021759
0 0.970443 0.566435 0.009115 0.021759
0 0.963932 0.565509 0.009115 0.021759
0 0.957682 0.565972 0.009115 0.021759
0 0.951172 0.564583 0.009115 0.021759
0 0.944922 0.564583 0.009115 0.021759
0 0.938672 0.564583 0.009115 0.021759
0 0.932161 0.563657 0.009115 0.021759
0 0.925651 0.562731 0.009115 0.021759
0 0.919141 0.562731 0.009115 0.021759
0 0.912891 0.561806 0.009115 0.021759
0 0.906120 0.561806 0.009115 0.021759
0 0.900130 0.560880 0.009115 0.021759
0 0.893880 0.560417 0.009115 0.021759
0 0.887109 0.559954 0.009115 0.021759
0 0.880859 0.559491 0.009115 0.021759
0 0.874089 0.558102 0.009115 0.021759
0 0.867839 0.557639 0.009115 0.021759
0 0.861589 0.557176 0.009115 0.021759
0 0.865234 0.583565 0.010156 0.022685
0 0.871484 0.583565 0.010156 0.022685
0 0.877995 0.584491 0.010156 0.022685
0 0.884505 0.584954 0.010156 0.022685
0 0.890495 0.584954 0.010156 0.022685
0 0.897526 0.585880 0.010156 0.022685
0 0.903255 0.586343 0.010156 0.022685
0 0.910547 0.586806 0.010156 0.022685
0 0.916276 0.587269 0.010156 0.022685
0 0.922786 0.587269 0.010156 0.022685
0 0.929557 0.588194 0.010156 0.022685
0 0.936068 0.588657 0.010156 0.022685
0 0.942318 0.589583 0.010156 0.022685
0 0.948307 0.589583 0.010156 0.022685
0 0.955599 0.590046 0.010156 0.022685
0 0.961328 0.590509 0.010156 0.022685
0 0.968099 0.590509 0.010156 0.022685
0 0.974349 0.591898 0.010156 0.022685
0 0.977734 0.614583 0.010156 0.022685
0 0.971484 0.614120 0.010156 0.022685
0 0.965234 0.614120 0.010156 0.022685
0 0.958464 0.613657 0.010156 0.022685
0 0.952214 0.612731 0.010156 0.022685
0 0.945964 0.611806 0.010156 0.022685
0 0.939453 0.612269 0.010156 0.022685
0 0.932943 0.611806 0.010156 0.022685
0 0.926172 0.611343 0.010156 0.022685
0 0.919922 0.610880 0.010156 0.022685
0 0.913672 0.609954 0.010156 0.022685
0 0.907422 0.609954 0.010156 0.022685
0 0.900391 0.609028 0.010156 0.022685
0 0.893620 0.608565 0.010156 0.022685
0 0.887370 0.608102 0.010156 0.022685
0 0.880078 0.607639 0.010156 0.022685
0 0.873828 0.607639 0.010156 0.022685
0 0.867578 0.606250 0.010156 0.022685
