0 0.528906 0.129398 0.022917 0.045833
0 0.547656 0.128009 0.023958 0.045833
0 0.567187 0.125231 0.023958 0.045833
0 0.585938 0.124306 0.023958 0.045833
0 0.511328 0.173611 0.024219 0.048148
0 0.531120 0.172222 0.024219 0.048148
0 0.551172 0.171296 0.024740 0.049074
0 0.570703 0.169907 0.024740 0.049074
0 0.590234 0.167593 0.024740 0.049074
0 0.481641 0.224537 0.023177 0.050926
0 0.502344 0.223611 0.025000 0.051852
0 0.522135 0.221759 0.025000 0.051852
0 0.555990 0.218056 0.025000 0.051852
0 0.575521 0.217130 0.025000 0.051852
0 0.595443 0.215278 0.026823 0.052778
0 0.483984 0.275926 0.023177 0.054630
0 0.504687 0.274074 0.025521 0.056481
0 0.525521 0.271296 0.025521 0.056481
0 0.560156 0.268981 0.025521 0.056481
0 0.581250 0.265741 0.025521 0.056481
0 0.601432 0.264352 0.027344 0.058333
0 0.485938 0.328241 0.026042 0.059259
0 0.507552 0.326852 0.026042 0.059259
0 0.528385 0.323611 0.026042 0.059259
0 0.564323 0.321759 0.028125 0.061111
0 0.586328 0.319444 0.027865 0.060185
0 0.607161 0.317130 0.027865 0.060185
0 0.488932 0.385185 0.026302 0.062963
0 0.511328 0.382407 0.026302 0.062963
0 0.532552 0.379861 0.027604 0.059722
0 0.570312 0.378241 0.029167 0.061111
0 0.591927 0.375463 0.029687 0.062963
0 0.613672 0.372685 0.029427 0.062037
0 0.491406 0.444907 0.026562 0.065741
0 0.514062 0.443056 0.028646 0.065741
0 0.537240 0.440741 0.028646 0.065741
0 0.574740 0.437500 0.028646 0.065741
0 0.598437 0.434954 0.029687 0.066204
0 0.621224 0.431944 0.032031 0.064815
0 0.494141 0.509259 0.027865 0.068519
0 0.517578 0.506019 0.027865 0.068519
0 0.541797 0.504861 0.027865 0.068981
0 0.581380 0.500694 0.031510 0.070833
0 0.604818 0.497454 0.031510 0.070833
0 0.628776 0.495139 0.033073 0.070833
0 0.497005 0.568750 0.026823 0.056944
0 0.522135 0.567130 0.029687 0.059259
0 0.545833 0.564352 0.029687 0.059259
0 0.587109 0.559954 0.030469 0.057870
0 0.611589 0.558565 0.030469 0.057870
0 0.635938 0.555324 0.031771 0.056944
0 0.504948 0.634954 0.031771 0.081944
0 0.531510 0.631019 0.032292 0.083333
0 0.558333 0.629167 0.032292 0.083333
0 0.598047 0.625463 0.034635 0.081481
0 0.624870 0.622917 0.037760 0.081944
0 0.652734 0.620139 0.037760 0.081944
0 0.508464 0.718750 0.032031 0.090278
0 0.536589 0.715278 0.034115 0.091667
0 0.564844 0.712269 0.036458 0.090278
0 0.605990 0.709028 0.036458 0.090278
0 0.634115 0.705787 0.039583 0.090278
0 0.662500 0.702546 0.039583 0.090278
0 0.511979 0.811111 0.034896 0.100926
0 0.541536 0.807870 0.036719 0.101852
0 0.571615 0.804630 0.038542 0.100000
0 0.614714 0.800000 0.040365 0.098148
0 0.645703 0.797685 0.040365 0.098148
0 0.673568 0.793981 0.040365 0.098148
