0 0.190755 0.249074 0.066927 0.050926
0 0.182161 0.289352 0.068490 0.051852
0 0.171094 0.334259 0.070312 0.053704
0 0.161979 0.381481 0.070833 0.057407
0 0.248177 0.253241 0.066667 0.050926
0 0.239714 0.295833 0.069010 0.052778
0 0.230729 0.340972 0.071354 0.056944
0 0.221615 0.388194 0.071875 0.057870
0 0.210417 0.436806 0.071875 0.057870
0 0.306120 0.257176 0.067969 0.049537
0 0.299089 0.300231 0.069531 0.053241
0 0.291667 0.346296 0.070312 0.056481
0 0.278906 0.426157 0.072396 0.058796
0 0.270443 0.477315 0.074219 0.061111
0 0.259766 0.530324 0.074740 0.064352
0 0.365885 0.261111 0.068229 0.051852
0 0.360417 0.305556 0.070312 0.053704
0 0.354427 0.353241 0.071354 0.056481
0 0.342578 0.432870 0.073698 0.060185
0 0.335807 0.483102 0.075260 0.062500
0 0.329036 0.537037 0.075260 0.063889
0 0.426432 0.266204 0.067969 0.051852
0 0.422526 0.310880 0.068490 0.056019
0 0.417578 0.357176 0.071094 0.056944
0 0.407552 0.439120 0.072396 0.060648
0 0.401432 0.489583 0.073698 0.063426
0 0.396224 0.544213 0.075781 0.063426
0 0.487891 0.270370 0.067448 0.054630
0 0.485026 0.316667 0.068490 0.055556
0 0.480469 0.362963 0.068750 0.056481
0 0.473307 0.445602 0.071615 0.060648
0 0.468750 0.496759 0.073438 0.063889
0 0.464974 0.553009 0.074740 0.068056
0 0.549870 0.272917 0.066406 0.056019
0 0.548177 0.319907 0.068750 0.054630
0 0.544401 0.367361 0.070052 0.057870
0 0.540104 0.450463 0.071875 0.062037
0 0.536589 0.503935 0.073177 0.064352
0 0.534115 0.559722 0.075000 0.068519
0 0.614323 0.276620 0.068750 0.057870
0 0.613021 0.324769 0.070312 0.057870
0 0.611719 0.372454 0.070312 0.057870
0 0.608203 0.458102 0.072656 0.063426
0 0.607161 0.511343 0.074740 0.064352
0 0.605729 0.567593 0.077083 0.067593
0 0.680208 0.281250 0.069271 0.054167
0 0.679818 0.329861 0.071615 0.056019
0 0.679557 0.376852 0.072656 0.059259
0 0.679557 0.462963 0.072656 0.059259
0 0.679036 0.519444 0.075781 0.067593
0 0.679557 0.575231 0.075781 0.070833
0 0.766406 0.239352 0.075521 0.056481
0 0.768229 0.289583 0.076563 0.059722
0 0.770312 0.343750 0.079167 0.063426
0 0.772786 0.422685 0.080990 0.063889
0 0.774740 0.478704 0.083333 0.071296
0 0.777214 0.541898 0.085156 0.069907
0 0.838932 0.243287 0.075781 0.056019
0 0.841797 0.294213 0.078385 0.057870
0 0.845573 0.347222 0.081250 0.062037
0 0.849870 0.427315 0.084115 0.064815
0 0.854557 0.487500 0.086719 0.069444
0 0.859375 0.548843 0.088021 0.071759
0 0.913542 0.246991 0.080208 0.056019
0 0.918099 0.297685 0.082552 0.059259
0 0.923438 0.351620 0.085938 0.064352
0 0.931641 0.433796 0.086719 0.067593
0 0.937500 0.493287 0.089063 0.071759
0 0.943490 0.557639 0.093229 0.075463
