0 0.274740 0.309954 0.025521 0.019907
0 0.273438 0.322917 0.025521 0.019907
0 0.271094 0.336343 0.025521 0.019907
0 0.269271 0.351157 0.025521 0.019907
0 0.266406 0.364120 0.025521 0.019907
0 0.295052 0.315509 0.025521 0.019907
0 0.294531 0.327546 0.025521 0.019907
0 0.292187 0.342361 0.025521 0.019907
0 0.289844 0.355787 0.025521 0.019907
0 0.288281 0.365509 0.025521 0.019907
0 0.334245 0.298380 0.024740 0.020833
0 0.333203 0.310880 0.024740 0.020833
0 0.330469 0.322222 0.023958 0.015741
0 0.361849 0.303009 0.010156 0.019907
0 0.360286 0.316435 0.010156 0.019907
0 0.358464 0.328472 0.010156 0.019907
0 0.388672 0.240509 0.036719 0.032870
0 0.387370 0.262269 0.036719 0.032870
0 0.385547 0.280787 0.036719 0.032870
0 0.383203 0.300694 0.037760 0.034722
0 0.381380 0.322917 0.037760 0.034722
0 0.379557 0.346991 0.037760 0.034722
0 0.377474 0.368287 0.039323 0.036574
0 0.375130 0.391435 0.039323 0.036574
0 0.372786 0.415972 0.039323 0.036574
0 0.369922 0.440278 0.039844 0.039815
0 0.367057 0.466204 0.039844 0.039815
0 0.364974 0.494676 0.041406 0.043056
0 0.361719 0.521065 0.044792 0.042130
0 0.358594 0.549769 0.044792 0.042130
0 0.355469 0.579398 0.044792 0.042130
0 0.352865 0.609491 0.044792 0.042130
0 0.349089 0.639583 0.045573 0.043981
0 0.345703 0.674306 0.045573 0.043981
0 0.342578 0.706944 0.048177 0.049074
0 0.338672 0.742130 0.048177 0.049074
0 0.335286 0.777778 0.048177 0.049074
0 0.331771 0.814120 0.050000 0.050463
0 0.421745 0.251620 0.036719 0.032870
0 0.420703 0.272917 0.036719 0.032870
0 0.419141 0.293750 0.036719 0.032870
0 0.417578 0.313194 0.036719 0.032870
0 0.415495 0.335880 0.036719 0.032870
0 0.415234 0.356713 0.036719 0.032870
0 0.412891 0.378472 0.036719 0.032870
0 0.411068 0.402083 0.036719 0.032870
0 0.409896 0.428472 0.040625 0.036574
0 0.407813 0.452083 0.040625 0.036574
0 0.405729 0.476620 0.040625 0.036574
0 0.403906 0.503472 0.040625 0.036574
0 0.401302 0.532407 0.042708 0.037963
0 0.398958 0.558333 0.042708 0.037963
0 0.395833 0.587037 0.042708 0.037963
0 0.393880 0.618056 0.043490 0.042593
0 0.391016 0.648611 0.045052 0.042593
0 0.388672 0.680556 0.045052 0.042593
0 0.385286 0.714352 0.045052 0.042593
0 0.383854 0.750694 0.048958 0.046759
0 0.380208 0.785880 0.048958 0.046759
0 0.377995 0.824306 0.049740 0.049537
0 0.453776 0.262269 0.036719 0.032870
0 0.453516 0.282639 0.036719 0.032870
0 0.452214 0.302546 0.036719 0.032870
0 0.451432 0.323843 0.036719 0.032870
0 0.429427 0.726620 0.046875 0.047685
0 0.427083 0.759028 0.046875 0.047685
0 0.424740 0.795602 0.046875 0.047685
0 0.423047 0.832407 0.047656 0.050926
0 0.485807 0.273380 0.036719 0.032870
0 0.485026 0.292361 0.036719 0.032870
0 0.483984 0.312269 0.036719 0.032870
0 0.484245 0.335880 0.036719 0.032870
0 0.482422 0.356250 0.036719 0.032870
0 0.482422 0.378935 0.036719 0.032870
0 0.481901 0.402083 0.036719 0.032870
0 0.481641 0.423843 0.036719 0.032870
0 0.480859 0.448148 0.038802 0.041667
0 0.480078 0.471759 0.038802 0.041667
0 0.478776 0.498611 0.038802 0.041667
0 0.478255 0.523611 0.038802 0.041667
0 0.477604 0.551852 0.038542 0.040741
0 0.476042 0.580093 0.038542 0.040741
0 0.476042 0.606250 0.041667 0.041204
0 0.474219 0.636806 0.041667 0.041204
0 0.474740 0.668287 0.041667 0.041204
0 0.472917 0.699769 0.041667 0.041204
0 0.471484 0.733333 0.044531 0.041667
0 0.470833 0.768750 0.045833 0.047685
0 0.469010 0.803704 0.046354 0.048148
0 0.467969 0.844907 0.046354 0.048148
0 0.517188 0.282176 0.034375 0.031019
0 0.517448 0.301620 0.034375 0.031019
0 0.517188 0.322454 0.034375 0.031019
0 0.516927 0.344676 0.034375 0.031019
0 0.516406 0.366898 0.034375 0.031019
0 0.517188 0.386806 0.034375 0.031019
0 0.516406 0.409491 0.034375 0.031019
0 0.516927 0.434259 0.035937 0.037963
0 0.515625 0.456019 0.035937 0.037963
0 0.515365 0.480093 0.035937 0.037963
0 0.514844 0.506019 0.035937 0.037963
0 0.515104 0.534954 0.037500 0.037500
0 0.514844 0.559954 0.037500 0.037500
0 0.514323 0.589120 0.037500 0.037500
0 0.513021 0.616435 0.037500 0.037500
0 0.514323 0.646528 0.040104 0.043056
0 0.513411 0.679167 0.042969 0.043519
0 0.512891 0.708333 0.042969 0.043519
0 0.512630 0.743056 0.042969 0.043519
0 0.512891 0.777315 0.042969 0.049074
0 0.512109 0.813889 0.042969 0.049074
0 0.511458 0.849537 0.044792 0.050000
