0 0.471224 0.141204 0.037240 0.025926
0 0.504297 0.141204 0.037240 0.025926
0 0.538411 0.138426 0.037240 0.025926
0 0.572526 0.139815 0.037240 0.025926
0 0.607682 0.139352 0.037760 0.025000
0 0.468099 0.164120 0.036719 0.023611
0 0.464062 0.188194 0.038021 0.024537
0 0.460677 0.212731 0.038021 0.024537
0 0.456901 0.237963 0.037760 0.025926
0 0.452604 0.262269 0.037500 0.027315
0 0.448828 0.288657 0.038802 0.028241
0 0.444141 0.316435 0.038802 0.028241
0 0.441276 0.343750 0.038802 0.028241
0 0.436589 0.370370 0.039844 0.028704
0 0.431901 0.398148 0.038802 0.029630
0 0.427214 0.427083 0.039844 0.031944
0 0.422266 0.456250 0.039844 0.032870
0 0.419010 0.486111 0.041146 0.037037
0 0.413542 0.515972 0.041667 0.034722
0 0.408724 0.548611 0.041927 0.037963
0 0.403516 0.580787 0.041406 0.039352
0 0.398307 0.613194 0.042448 0.039352
0 0.393750 0.648843 0.044271 0.044907
0 0.386979 0.683102 0.044271 0.044907
0 0.381641 0.718981 0.045052 0.045370
0 0.375911 0.756019 0.045052 0.045370
0 0.499870 0.164120 0.036719 0.023611
0 0.535026 0.164120 0.036719 0.023611
0 0.570182 0.163889 0.037760 0.025000
0 0.605339 0.165278 0.037760 0.025000
0 0.498177 0.188194 0.038021 0.024537
0 0.532552 0.188657 0.038021 0.024537
0 0.566797 0.189583 0.039844 0.025463
0 0.603255 0.189352 0.039844 0.026852
0 0.494271 0.213194 0.038021 0.024537
0 0.600391 0.215046 0.038802 0.025463
0 0.528646 0.212731 0.038021 0.024537
0 0.563542 0.214120 0.038021 0.024537
0 0.490234 0.237963 0.037760 0.025926
0 0.561328 0.240741 0.038802 0.026852
0 0.598307 0.241898 0.039844 0.027315
0 0.486198 0.264120 0.037500 0.027315
0 0.558333 0.267130 0.041667 0.028704
0 0.594792 0.268056 0.041667 0.028704
0 0.482682 0.289583 0.038802 0.028241
0 0.554818 0.293519 0.039323 0.029630
0 0.592839 0.295370 0.040365 0.029630
0 0.479297 0.317824 0.038802 0.028241
0 0.552344 0.322222 0.040104 0.028704
0 0.589844 0.324074 0.040104 0.028704
0 0.475260 0.345602 0.039062 0.029167
0 0.474740 0.344676 0.039062 0.029167
0 0.548698 0.349769 0.041667 0.031944
0 0.587240 0.351157 0.041667 0.031944
0 0.471745 0.373611 0.040885 0.030556
0 0.546224 0.379167 0.042448 0.031481
0 0.582943 0.382407 0.042448 0.031481
0 0.467578 0.401852 0.039844 0.032407
0 0.541536 0.408102 0.042448 0.034722
0 0.580339 0.409954 0.042448 0.034722
0 0.464193 0.429861 0.039844 0.031944
0 0.538281 0.438426 0.042188 0.034259
0 0.577083 0.440278 0.043229 0.036111
0 0.459245 0.459491 0.039844 0.032870
0 0.534245 0.468287 0.041927 0.033796
0 0.574089 0.472917 0.042448 0.034722
0 0.454688 0.490278 0.041146 0.037037
0 0.532031 0.498380 0.043750 0.039352
0 0.571615 0.503472 0.043750 0.039352
0 0.450391 0.520602 0.041406 0.037500
0 0.527865 0.532176 0.042708 0.037500
0 0.567708 0.536806 0.042708 0.037500
0 0.446224 0.552546 0.041927 0.039352
0 0.523958 0.564583 0.043750 0.038426
0 0.564453 0.570602 0.044531 0.041204
0 0.441667 0.585880 0.043229 0.039352
0 0.519922 0.598380 0.044010 0.043056
0 0.561719 0.604861 0.046354 0.043981
0 0.436589 0.619907 0.045052 0.043519
0 0.517318 0.632639 0.045052 0.043981
0 0.559635 0.641204 0.046354 0.044444
0 0.432031 0.653472 0.044271 0.044907
0 0.471875 0.662037 0.046354 0.045370
0 0.514323 0.669907 0.046354 0.045370
0 0.556771 0.678935 0.046875 0.047685
0 0.427344 0.689815 0.046354 0.045370
0 0.468229 0.697685 0.046354 0.045370
0 0.509635 0.706944 0.046875 0.046296
0 0.552865 0.715278 0.046354 0.049074
0 0.422005 0.727546 0.047135 0.047685
0 0.463932 0.735417 0.047135 0.047685
0 0.505729 0.744213 0.047917 0.049537
0 0.549609 0.753241 0.048698 0.050926
0 0.417448 0.764815 0.047396 0.046296
0 0.458984 0.773148 0.048698 0.049074
0 0.501563 0.783565 0.048438 0.051389
0 0.546094 0.793750 0.048438 0.051389
