0 0.278646 0.804861 0.017708 0.016204
0 0.279427 0.788657 0.017708 0.016204
0 0.280208 0.773380 0.017708 0.016204
0 0.280729 0.757176 0.017708 0.016204
0 0.281510 0.741435 0.017708 0.016204
0 0.281771 0.726620 0.017708 0.016204
0 0.282031 0.710880 0.017708 0.016204
0 0.282813 0.695602 0.017708 0.016204
0 0.283594 0.680787 0.017708 0.016204
0 0.300521 0.680324 0.017708 0.016204
0 0.299740 0.695602 0.017708 0.016204
0 0.299479 0.710880 0.017708 0.016204
0 0.298698 0.726620 0.017708 0.016204
0 0.298177 0.741898 0.017708 0.016204
0 0.297656 0.757639 0.017708 0.016204
0 0.297135 0.773380 0.017708 0.016204
0 0.296615 0.789120 0.017708 0.016204
0 0.296094 0.804861 0.017708 0.016204
0 0.315885 0.804861 0.017708 0.016204
0 0.316146 0.788657 0.017708 0.016204
0 0.316927 0.773380 0.017708 0.016204
0 0.317448 0.758102 0.017708 0.016204
0 0.317969 0.741435 0.017708 0.016204
0 0.317969 0.726620 0.017708 0.016204
0 0.319010 0.710880 0.017708 0.016204
0 0.319531 0.695139 0.017708 0.016204
0 0.320052 0.680324 0.017708 0.016204
0 0.336979 0.680787 0.017708 0.016204
0 0.336458 0.695602 0.017708 0.016204
0 0.335938 0.710880 0.017708 0.016204
0 0.335677 0.726620 0.017708 0.016204
0 0.334635 0.742361 0.017708 0.016204
0 0.334635 0.757639 0.017708 0.016204
0 0.334115 0.773380 0.017708 0.016204
0 0.333594 0.789583 0.017708 0.016204
0 0.333333 0.804398 0.017708 0.016204
0 0.352083 0.804398 0.017708 0.016204
0 0.352604 0.788657 0.017708 0.016204
0 0.353125 0.772917 0.017708 0.016204
0 0.353646 0.757639 0.017708 0.016204
0 0.353906 0.741898 0.017708 0.016204
0 0.354687 0.726620 0.017708 0.016204
0 0.354948 0.710880 0.017708 0.016204
0 0.355208 0.695602 0.017708 0.016204
0 0.355729 0.680324 0.017708 0.016204
0 0.372917 0.679861 0.017708 0.016204
0 0.372396 0.695139 0.017708 0.016204
0 0.371875 0.710417 0.017708 0.016204
0 0.371354 0.726157 0.017708 0.016204
0 0.371094 0.741435 0.017708 0.016204
0 0.370573 0.758102 0.017708 0.016204
0 0.369792 0.773380 0.017708 0.016204
0 0.369792 0.789583 0.017708 0.016204
0 0.369271 0.804861 0.017708 0.016204
0 0.389323 0.804861 0.017708 0.016204
0 0.389583 0.788657 0.017708 0.016204
0 0.389844 0.773380 0.017708 0.016204
0 0.390365 0.757176 0.017708 0.016204
0 0.390365 0.741898 0.017708 0.016204
0 0.391146 0.726620 0.017708 0.016204
0 0.391406 0.710880 0.017708 0.016204
0 0.391667 0.695139 0.017708 0.016204
0 0.391927 0.679861 0.017708 0.016204
0 0.409115 0.678935 0.017708 0.016204
0 0.408594 0.695139 0.017708 0.016204
0 0.408594 0.710880 0.017708 0.016204
0 0.408073 0.725694 0.017708 0.016204
0 0.407813 0.741898 0.017708 0.016204
0 0.407031 0.757176 0.017708 0.016204
0 0.407552 0.773380 0.017708 0.016204
0 0.406510 0.788657 0.017708 0.016204
0 0.406771 0.804861 0.017708 0.016204
0 0.426302 0.803935 0.017708 0.016204
0 0.427083 0.788194 0.017708 0.016204
0 0.427083 0.772454 0.017708 0.016204
0 0.427083 0.756713 0.017708 0.016204
0 0.427604 0.741435 0.017708 0.016204
0 0.427604 0.725694 0.017708 0.016204
0 0.428125 0.709954 0.017708 0.016204
0 0.427865 0.694676 0.017708 0.016204
0 0.428125 0.679398 0.017708 0.016204
0 0.444531 0.678935 0.017708 0.016204
0 0.444271 0.694676 0.017708 0.016204
0 0.444792 0.709491 0.017708 0.016204
0 0.444010 0.725231 0.017708 0.016204
0 0.444531 0.740972 0.017708 0.016204
0 0.444271 0.756250 0.017708 0.016204
0 0.444271 0.772454 0.017708 0.016204
0 0.444271 0.788194 0.017708 0.016204
0 0.443750 0.804398 0.017708 0.016204
0 0.461328 0.804398 0.018490 0.017130
0 0.461849 0.788194 0.018490 0.017130
0 0.462109 0.771991 0.018490 0.017130
0 0.461849 0.755787 0.018490 0.017130
0 0.460286 0.726620 0.018490 0.017130
0 0.461068 0.710880 0.018490 0.017130
0 0.460807 0.695139 0.018490 0.017130
0 0.461328 0.679861 0.018490 0.017130
0 0.477995 0.680324 0.018490 0.017130
0 0.477734 0.695602 0.018490 0.017130
0 0.478516 0.711806 0.018490 0.017130
0 0.477995 0.726157 0.018490 0.017130
0 0.479557 0.756713 0.018490 0.017130
0 0.479036 0.772454 0.018490 0.017130
0 0.479036 0.788657 0.018490 0.017130
0 0.478776 0.804398 0.018490 0.017130
0 0.495964 0.804861 0.018490 0.017130
0 0.496224 0.789120 0.018490 0.017130
0 0.496224 0.772917 0.018490 0.017130
0 0.496745 0.756713 0.018490 0.017130
0 0.495182 0.726157 0.018490 0.017130
0 0.494661 0.710880 0.018490 0.017130
0 0.494661 0.695602 0.018490 0.017130
0 0.494661 0.680787 0.018490 0.017130
0 0.518620 0.678704 0.017448 0.016667
0 0.518099 0.694444 0.017448 0.016667
0 0.518620 0.710185 0.017448 0.016667
0 0.518880 0.725463 0.017448 0.016667
0 0.518620 0.741667 0.017448 0.016667
0 0.518620 0.757407 0.017448 0.016667
0 0.519141 0.773148 0.017448 0.016667
0 0.518880 0.789352 0.017448 0.016667
0 0.518880 0.804630 0.017448 0.016667
0 0.538672 0.805556 0.017448 0.016667
0 0.538932 0.789352 0.017448 0.016667
0 0.538672 0.773148 0.017448 0.016667
0 0.538672 0.757407 0.017448 0.016667
0 0.538411 0.742130 0.017448 0.016667
0 0.538151 0.725926 0.017448 0.016667
0 0.538151 0.709722 0.017448 0.016667
0 0.537630 0.694444 0.017448 0.016667
0 0.537891 0.679630 0.017448 0.016667
0 0.554297 0.679167 0.017448 0.016667
0 0.554818 0.694444 0.017448 0.016667
0 0.555078 0.710185 0.017448 0.016667
0 0.555599 0.725926 0.017448 0.016667
0 0.555078 0.742130 0.017448 0.016667
0 0.555339 0.757407 0.017448 0.016667
0 0.555859 0.773611 0.017448 0.016667
0 0.555859 0.789815 0.017448 0.016667
0 0.556380 0.806019 0.017448 0.016667
0 0.576432 0.805556 0.017448 0.016667
0 0.575911 0.789352 0.017448 0.016667
0 0.575651 0.774074 0.017448 0.016667
0 0.575651 0.757870 0.017448 0.016667
0 0.575130 0.741667 0.017448 0.016667
0 0.575130 0.726389 0.017448 0.016667
0 0.574609 0.711111 0.017448 0.016667
0 0.574349 0.694907 0.017448 0.016667
0 0.574089 0.680093 0.017448 0.016667
0 0.591016 0.679630 0.017448 0.016667
0 0.591536 0.694907 0.017448 0.016667
0 0.591276 0.710648 0.017448 0.016667
0 0.591797 0.725926 0.017448 0.016667
0 0.592578 0.742130 0.017448 0.016667
0 0.592839 0.757870 0.017448 0.016667
0 0.592839 0.773611 0.017448 0.016667
0 0.593359 0.789815 0.017448 0.016667
0 0.593359 0.806019 0.017448 0.016667
0 0.614714 0.806481 0.017448 0.016667
0 0.614453 0.790741 0.017448 0.016667
0 0.613932 0.775000 0.017448 0.016667
0 0.613672 0.758796 0.017448 0.016667
0 0.613411 0.742593 0.017448 0.016667
0 0.613151 0.727315 0.017448 0.016667
0 0.612630 0.711574 0.017448 0.016667
0 0.612109 0.695833 0.017448 0.016667
0 0.612109 0.680093 0.017448 0.016667
0 0.628776 0.680093 0.017448 0.016667
0 0.629036 0.695833 0.017448 0.016667
0 0.629557 0.711574 0.017448 0.016667
0 0.630078 0.727315 0.017448 0.016667
0 0.630599 0.742593 0.017448 0.016667
0 0.630859 0.759259 0.017448 0.016667
0 0.631380 0.775000 0.017448 0.016667
0 0.631380 0.790741 0.017448 0.016667
0 0.631641 0.806481 0.017448 0.016667
0 0.651953 0.806481 0.017448 0.016667
0 0.651693 0.790278 0.017448 0.016667
0 0.650911 0.775000 0.017448 0.016667
0 0.650391 0.758796 0.017448 0.016667
0 0.649870 0.743056 0.017448 0.016667
0 0.649609 0.728241 0.017448 0.016667
0 0.649089 0.712963 0.017448 0.016667
0 0.648568 0.696759 0.017448 0.016667
0 0.648047 0.681944 0.017448 0.016667
0 0.664974 0.681944 0.017448 0.016667
0 0.665234 0.696759 0.017448 0.016667
0 0.666016 0.712037 0.017448 0.016667
0 0.666536 0.728241 0.017448 0.016667
0 0.667318 0.743981 0.017448 0.016667
0 0.667839 0.759722 0.017448 0.016667
0 0.668099 0.775000 0.017448 0.016667
0 0.668620 0.790741 0.017448 0.016667
0 0.669401 0.806481 0.017448 0.016667
0 0.688932 0.812037 0.017448 0.016667
0 0.688151 0.796296 0.017448 0.016667
0 0.687891 0.780556 0.017448 0.016667
0 0.687370 0.764815 0.017448 0.016667
0 0.686589 0.749074 0.017448 0.016667
0 0.686068 0.733333 0.017448 0.016667
0 0.685547 0.718056 0.017448 0.016667
0 0.685026 0.702315 0.017448 0.016667
0 0.684245 0.687037 0.017448 0.016667
0 0.683984 0.671296 0.017448 0.016667
0 0.683203 0.656481 0.017448 0.016667
0 0.682943 0.641667 0.017448 0.016667
0 0.682422 0.626389 0.017448 0.016667
0 0.681901 0.611574 0.017448 0.016667
0 0.681380 0.596759 0.017448 0.016667
0 0.680599 0.581481 0.017448 0.016667
0 0.680599 0.567130 0.017448 0.016667
0 0.680078 0.552315 0.017448 0.016667
0 0.679818 0.537963 0.017448 0.016667
0 0.679036 0.524074 0.017448 0.016667
0 0.679036 0.511111 0.017448 0.016667
0 0.678776 0.497222 0.017448 0.016667
0 0.677995 0.483333 0.017448 0.016667
0 0.677734 0.469907 0.017448 0.016667
0 0.677214 0.456481 0.017448 0.016667
0 0.676953 0.443519 0.017448 0.016667
0 0.657422 0.445833 0.016927 0.014815
0 0.658203 0.460185 0.016927 0.014815
0 0.658464 0.473611 0.016927 0.014815
0 0.658984 0.486574 0.016927 0.014815
0 0.659245 0.500463 0.016927 0.014815
0 0.659505 0.514352 0.016927 0.014815
0 0.659766 0.527778 0.016927 0.014815
0 0.660547 0.541204 0.016927 0.014815
0 0.660547 0.555556 0.016927 0.014815
0 0.661328 0.570833 0.016927 0.014815
0 0.661849 0.585648 0.016927 0.014815
0 0.662370 0.600463 0.016927 0.014815
0 0.662891 0.615278 0.016927 0.014815
0 0.663151 0.630093 0.016927 0.014815
0 0.663802 0.644907 0.017188 0.015741
0 0.664323 0.659722 0.017188 0.015741
0 0.647396 0.660185 0.017188 0.015741
0 0.646875 0.645370 0.017188 0.015741
0 0.646615 0.630093 0.017188 0.015741
0 0.646094 0.615278 0.017188 0.015741
0 0.645833 0.600463 0.017188 0.015741
0 0.645312 0.586111 0.017188 0.015741
0 0.644531 0.570833 0.017188 0.015741
0 0.643490 0.555556 0.017188 0.015741
0 0.643490 0.540741 0.017188 0.015741
0 0.642708 0.526389 0.017188 0.015741
0 0.642969 0.512037 0.017188 0.015741
0 0.642188 0.497222 0.017188 0.015741
0 0.641927 0.483333 0.017188 0.015741
0 0.641667 0.468981 0.017188 0.015741
0 0.624219 0.483333 0.017188 0.015741
0 0.624740 0.497685 0.017188 0.015741
0 0.625000 0.512500 0.017188 0.015741
0 0.625000 0.526852 0.017188 0.015741
0 0.625260 0.541204 0.017188 0.015741
0 0.626042 0.554630 0.017188 0.015741
0 0.626302 0.569444 0.017188 0.015741
0 0.626302 0.584722 0.017188 0.015741
0 0.627083 0.599074 0.017188 0.015741
0 0.627344 0.614352 0.017188 0.015741
0 0.627344 0.629630 0.017188 0.015741
0 0.627604 0.644907 0.017188 0.015741
0 0.628125 0.659722 0.017188 0.015741
0 0.611198 0.659722 0.017188 0.015741
0 0.610938 0.643981 0.017188 0.015741
0 0.610938 0.629167 0.017188 0.015741
0 0.610417 0.612963 0.017188 0.015741
0 0.609896 0.599537 0.017188 0.015741
0 0.610156 0.584259 0.017188 0.015741
0 0.609896 0.569907 0.017188 0.015741
0 0.609115 0.555093 0.017188 0.015741
0 0.608854 0.541204 0.017188 0.015741
0 0.608594 0.525463 0.017188 0.015741
0 0.608333 0.511574 0.017188 0.015741
0 0.608073 0.498148 0.017188 0.015741
0 0.607552 0.483796 0.017188 0.015741
0 0.588021 0.484722 0.017188 0.015741
0 0.587760 0.498611 0.017188 0.015741
0 0.588281 0.512963 0.017188 0.015741
0 0.588542 0.527778 0.017188 0.015741
0 0.588542 0.541667 0.017188 0.015741
0 0.589063 0.556019 0.017188 0.015741
0 0.589063 0.571296 0.017188 0.015741
0 0.589323 0.585185 0.017188 0.015741
0 0.589844 0.600463 0.017188 0.015741
0 0.589583 0.614815 0.017188 0.015741
0 0.590104 0.630093 0.017188 0.015741
0 0.590104 0.645370 0.017188 0.015741
0 0.590365 0.660185 0.017188 0.015741
0 0.573958 0.660185 0.017188 0.015741
0 0.573438 0.645370 0.017188 0.015741
0 0.573438 0.629167 0.017188 0.015741
0 0.573177 0.614815 0.017188 0.015741
0 0.573177 0.600000 0.017188 0.015741
0 0.572917 0.585648 0.017188 0.015741
0 0.572396 0.570370 0.017188 0.015741
0 0.572396 0.555556 0.017188 0.015741
0 0.571875 0.542130 0.017188 0.015741
0 0.572135 0.527315 0.017188 0.015741
0 0.571615 0.512963 0.017188 0.015741
0 0.571615 0.498611 0.017188 0.015741
0 0.571094 0.485185 0.017188 0.015741
0 0.552604 0.484259 0.017188 0.015741
0 0.552865 0.499074 0.017188 0.015741
0 0.553125 0.512500 0.017188 0.015741
0 0.552865 0.526852 0.017188 0.015741
0 0.553385 0.541204 0.017188 0.015741
0 0.553125 0.555556 0.017188 0.015741
0 0.553385 0.569907 0.017188 0.015741
0 0.553385 0.584259 0.017188 0.015741
0 0.553646 0.599537 0.017188 0.015741
0 0.553385 0.614352 0.017188 0.015741
0 0.553906 0.629630 0.017188 0.015741
0 0.553906 0.643981 0.017188 0.015741
0 0.554167 0.659259 0.017188 0.015741
0 0.537500 0.658796 0.017188 0.015741
0 0.537500 0.644444 0.017188 0.015741
0 0.537500 0.629167 0.017188 0.015741
0 0.536979 0.613889 0.017188 0.015741
0 0.537240 0.598611 0.017188 0.015741
0 0.536979 0.584259 0.017188 0.015741
0 0.536719 0.569907 0.017188 0.015741
0 0.536979 0.555556 0.017188 0.015741
0 0.536979 0.540741 0.017188 0.015741
0 0.536719 0.526852 0.017188 0.015741
0 0.536719 0.512500 0.017188 0.015741
0 0.536198 0.497685 0.017188 0.015741
0 0.536198 0.484259 0.017188 0.015741
0 0.518229 0.483796 0.017188 0.015741
0 0.517708 0.498611 0.017188 0.015741
0 0.518490 0.511574 0.017188 0.015741
0 0.518229 0.526389 0.017188 0.015741
0 0.518229 0.541204 0.017188 0.015741
0 0.517708 0.555556 0.017188 0.015741
0 0.518229 0.569907 0.017188 0.015741
0 0.518229 0.584722 0.017188 0.015741
0 0.518229 0.599537 0.017188 0.015741
0 0.518229 0.614352 0.017188 0.015741
0 0.518229 0.629167 0.017188 0.015741
0 0.518490 0.643981 0.017188 0.015741
0 0.518750 0.658796 0.017188 0.015741
0 0.501563 0.642593 0.017188 0.015741
0 0.501823 0.627778 0.017188 0.015741
0 0.502083 0.612963 0.017188 0.015741
0 0.501823 0.599074 0.017188 0.015741
0 0.501823 0.584259 0.017188 0.015741
0 0.501563 0.569444 0.017188 0.015741
0 0.502083 0.554630 0.017188 0.015741
0 0.501823 0.539815 0.017188 0.015741
0 0.501823 0.526389 0.017188 0.015741
0 0.501823 0.512500 0.017188 0.015741
0 0.502083 0.497685 0.017188 0.015741
0 0.502083 0.483333 0.017188 0.015741
0 0.483073 0.483796 0.017188 0.015741
0 0.483073 0.498611 0.017188 0.015741
0 0.482812 0.512963 0.017188 0.015741
0 0.483073 0.526389 0.017188 0.015741
0 0.482812 0.541204 0.017188 0.015741
0 0.482552 0.555093 0.017188 0.015741
0 0.482552 0.568981 0.017188 0.015741
0 0.482552 0.583796 0.017188 0.015741
0 0.482292 0.598611 0.017188 0.015741
0 0.482552 0.612963 0.017188 0.015741
0 0.482292 0.627778 0.017188 0.015741
0 0.482292 0.643056 0.017188 0.015741
0 0.465885 0.642593 0.017188 0.015741
0 0.465885 0.627778 0.017188 0.015741
0 0.466146 0.612963 0.017188 0.015741
0 0.466146 0.598148 0.017188 0.015741
0 0.466146 0.583333 0.017188 0.015741
0 0.466146 0.568519 0.017188 0.015741
0 0.466927 0.555093 0.017188 0.015741
0 0.466927 0.540741 0.017188 0.015741
0 0.466927 0.526389 0.017188 0.015741
0 0.466927 0.512037 0.017188 0.015741
0 0.467187 0.498148 0.017188 0.015741
0 0.467448 0.483796 0.017188 0.015741
0 0.447656 0.484259 0.017188 0.015741
0 0.447396 0.497685 0.017188 0.015741
0 0.447135 0.512037 0.017188 0.015741
0 0.447135 0.525926 0.017188 0.015741
0 0.447135 0.540278 0.017188 0.015741
0 0.446875 0.555093 0.017188 0.015741
0 0.446354 0.568519 0.017188 0.015741
0 0.446354 0.583796 0.017188 0.015741
0 0.445833 0.598148 0.017188 0.015741
0 0.445833 0.612500 0.017188 0.015741
0 0.445833 0.627778 0.017188 0.015741
0 0.445312 0.642593 0.017188 0.015741
0 0.445573 0.657870 0.017188 0.015741
0 0.428646 0.656944 0.017188 0.015741
0 0.428906 0.643056 0.017188 0.015741
0 0.429167 0.627778 0.017188 0.015741
0 0.429427 0.612500 0.017188 0.015741
0 0.429427 0.598148 0.017188 0.015741
0 0.429688 0.583333 0.017188 0.015741
0 0.429948 0.568519 0.017188 0.015741
0 0.430469 0.554167 0.017188 0.015741
0 0.430469 0.539815 0.017188 0.015741
0 0.430990 0.525926 0.017188 0.015741
0 0.430990 0.512037 0.017188 0.015741
0 0.431510 0.497222 0.017188 0.015741
0 0.431510 0.483796 0.017188 0.015741
0 0.412760 0.483333 0.017188 0.015741
0 0.412240 0.497685 0.017188 0.015741
0 0.411979 0.511574 0.017188 0.015741
0 0.411979 0.525926 0.017188 0.015741
0 0.411458 0.539815 0.017188 0.015741
0 0.411198 0.553704 0.017188 0.015741
0 0.394792 0.553704 0.017188 0.015741
0 0.395313 0.538889 0.017188 0.015741
0 0.395833 0.525926 0.017188 0.015741
0 0.396094 0.511111 0.017188 0.015741
0 0.396094 0.497685 0.017188 0.015741
0 0.396094 0.483333 0.017188 0.015741
0 0.377604 0.483333 0.017188 0.015741
0 0.377344 0.496759 0.017188 0.015741
0 0.376823 0.511111 0.017188 0.015741
0 0.376563 0.525463 0.017188 0.015741
0 0.376563 0.539352 0.017188 0.015741
0 0.376042 0.554167 0.017188 0.015741
0 0.375781 0.568981 0.017188 0.015741
0 0.375260 0.582870 0.017188 0.015741
0 0.375260 0.597222 0.017188 0.015741
0 0.374479 0.612500 0.017188 0.015741
0 0.373437 0.642593 0.017188 0.015741
0 0.373698 0.626389 0.017188 0.015741
0 0.373177 0.656481 0.017188 0.015741
0 0.356510 0.657870 0.017188 0.015741
0 0.357292 0.642593 0.017188 0.015741
0 0.357292 0.627315 0.017188 0.015741
0 0.358073 0.612500 0.017188 0.015741
0 0.358333 0.597685 0.017188 0.015741
0 0.358854 0.583333 0.017188 0.015741
0 0.358854 0.568981 0.017188 0.015741
0 0.359375 0.553704 0.017188 0.015741
0 0.359635 0.539815 0.017188 0.015741
0 0.359896 0.525926 0.017188 0.015741
0 0.360677 0.511574 0.017188 0.015741
0 0.360938 0.496759 0.017188 0.015741
0 0.361198 0.483333 0.017188 0.015741
0 0.342969 0.483333 0.017188 0.015741
0 0.342448 0.510648 0.017188 0.015741
0 0.342187 0.496296 0.017188 0.015741
0 0.341927 0.524537 0.017188 0.015741
0 0.341406 0.540278 0.017188 0.015741
0 0.341146 0.554167 0.017188 0.015741
0 0.340365 0.568981 0.017188 0.015741
0 0.339844 0.583796 0.017188 0.015741
0 0.339844 0.598611 0.017188 0.015741
0 0.338802 0.612037 0.017188 0.015741
0 0.338542 0.627778 0.017188 0.015741
0 0.338021 0.642593 0.017188 0.015741
0 0.337760 0.657870 0.017188 0.015741
0 0.320573 0.658333 0.017188 0.015741
0 0.321354 0.643056 0.017188 0.015741
0 0.321875 0.628241 0.017188 0.015741
0 0.322396 0.612963 0.017188 0.015741
0 0.322396 0.598611 0.017188 0.015741
0 0.323177 0.583333 0.017188 0.015741
0 0.323958 0.568056 0.017188 0.015741
0 0.324219 0.554630 0.017188 0.015741
0 0.324740 0.539815 0.017188 0.015741
0 0.325260 0.525926 0.017188 0.015741
0 0.325521 0.511111 0.017188 0.015741
0 0.325781 0.496759 0.017188 0.015741
0 0.326562 0.483333 0.017188 0.015741
0 0.307812 0.482407 0.017188 0.015741
0 0.306510 0.496759 0.017188 0.015741
0 0.307031 0.511111 0.017188 0.015741
0 0.305990 0.525926 0.017188 0.015741
0 0.305208 0.540278 0.017188 0.015741
0 0.305208 0.554630 0.017188 0.015741
0 0.304167 0.568981 0.017188 0.015741
0 0.304167 0.583796 0.017188 0.015741
0 0.303385 0.599074 0.017188 0.015741
0 0.302865 0.612963 0.017188 0.015741
0 0.302604 0.628704 0.017188 0.015741
0 0.301563 0.643056 0.017188 0.015741
0 0.300781 0.658333 0.017188 0.015741
0 0.284375 0.657870 0.017188 0.015741
0 0.284896 0.643056 0.017188 0.015741
0 0.285417 0.628241 0.017188 0.015741
0 0.286198 0.613426 0.017188 0.015741
0 0.286719 0.599074 0.017188 0.015741
0 0.287240 0.584722 0.017188 0.015741
0 0.288021 0.568981 0.017188 0.015741
0 0.288542 0.554630 0.017188 0.015741
0 0.288802 0.539815 0.017188 0.015741
0 0.289323 0.525463 0.017188 0.015741
0 0.289844 0.512037 0.017188 0.015741
0 0.290365 0.497222 0.017188 0.015741
0 0.291406 0.483333 0.017188 0.015741
0 0.291667 0.464815 0.017188 0.015741
0 0.292448 0.450926 0.017188 0.015741
0 0.308594 0.450926 0.017188 0.015741
0 0.308333 0.465278 0.017188 0.015741
0 0.326823 0.465278 0.017188 0.015741
0 0.327865 0.450926 0.017188 0.015741
0 0.392708 0.657407 0.017188 0.015741
0 0.393229 0.642130 0.017188 0.015741
0 0.393490 0.627315 0.017188 0.015741
0 0.393750 0.612963 0.017188 0.015741
0 0.410938 0.612963 0.017188 0.015741
0 0.410156 0.627778 0.017188 0.015741
0 0.409635 0.642593 0.017188 0.015741
0 0.409635 0.658333 0.017188 0.015741
0 0.286849 0.417593 0.016927 0.013889
0 0.287630 0.406019 0.016927 0.013889
0 0.288932 0.394444 0.016927 0.013889
0 0.289974 0.382870 0.016927 0.013889
0 0.291016 0.370370 0.016927 0.013889
0 0.291797 0.359722 0.016927 0.013889
0 0.292839 0.348611 0.016927 0.013889
0 0.294401 0.337500 0.016927 0.013889
0 0.294922 0.325926 0.016927 0.013889
0 0.296224 0.315278 0.016927 0.013889
0 0.297526 0.303704 0.016927 0.013889
0 0.298307 0.293519 0.016927 0.013889
0 0.299349 0.282639 0.016927 0.013426
0 0.299870 0.273380 0.016927 0.013426
0 0.301172 0.263194 0.016927 0.013426
0 0.301953 0.253935 0.016927 0.013426
0 0.316276 0.253935 0.016927 0.013426
0 0.315755 0.263194 0.016927 0.013426
0 0.315234 0.272917 0.016927 0.013426
0 0.313932 0.283565 0.016927 0.013426
0 0.312891 0.293287 0.016927 0.013426
0 0.312109 0.303935 0.016927 0.013426
0 0.311328 0.314583 0.016927 0.013426
0 0.310547 0.325231 0.016927 0.013426
0 0.309245 0.335880 0.016927 0.013426
0 0.308724 0.346065 0.016927 0.013426
0 0.308464 0.356713 0.016927 0.013426
0 0.307682 0.367361 0.016927 0.013426
0 0.306380 0.377546 0.016927 0.013426
0 0.305078 0.389583 0.016927 0.013426
0 0.304557 0.400694 0.016927 0.013426
0 0.304036 0.411343 0.016927 0.013426
0 0.302474 0.424306 0.016927 0.013426
0 0.321224 0.423843 0.016927 0.013426
0 0.322005 0.411806 0.016927 0.013426
0 0.322526 0.400694 0.016927 0.013426
0 0.323047 0.389583 0.016927 0.013426
0 0.324349 0.378472 0.016927 0.013426
0 0.324870 0.367361 0.016927 0.013426
0 0.325911 0.356250 0.016927 0.013426
0 0.326432 0.346065 0.016927 0.013426
0 0.327474 0.336343 0.016927 0.013426
0 0.327995 0.324769 0.016927 0.013426
0 0.328516 0.314583 0.016927 0.013426
0 0.329818 0.303472 0.016927 0.013426
0 0.330339 0.293287 0.016927 0.013426
0 0.330859 0.283565 0.016927 0.013426
0 0.331380 0.274306 0.016927 0.013426
0 0.332422 0.263657 0.016927 0.013426
0 0.333073 0.253704 0.015625 0.011111
0 0.347396 0.253241 0.015625 0.011111
0 0.347135 0.263889 0.015625 0.011111
0 0.346354 0.274074 0.015625 0.011111
0 0.345573 0.284259 0.015625 0.011111
0 0.345052 0.293981 0.015625 0.011111
0 0.344010 0.304167 0.015625 0.011111
0 0.343750 0.314815 0.015625 0.011111
0 0.342708 0.325000 0.015625 0.011111
0 0.342448 0.335185 0.015625 0.011111
0 0.341406 0.345833 0.015625 0.011111
0 0.340625 0.356944 0.015625 0.011111
0 0.340104 0.367593 0.015625 0.011111
0 0.339062 0.378704 0.015625 0.011111
0 0.338542 0.389815 0.015625 0.011111
0 0.337500 0.400000 0.015625 0.012963
0 0.338021 0.411806 0.017708 0.013426
0 0.337500 0.424306 0.017708 0.013426
0 0.356120 0.399769 0.016927 0.012500
0 0.356641 0.389583 0.016927 0.012500
0 0.357161 0.378935 0.016927 0.012500
0 0.357943 0.367824 0.016927 0.012500
0 0.358203 0.356713 0.016927 0.012500
0 0.358984 0.345139 0.016927 0.012500
0 0.359505 0.335417 0.016927 0.012500
0 0.360286 0.324769 0.016927 0.012500
0 0.360807 0.314583 0.016927 0.012500
0 0.361328 0.304398 0.016927 0.012500
0 0.361589 0.293287 0.016927 0.012500
0 0.362500 0.283565 0.015104 0.011574
0 0.363021 0.272917 0.015104 0.011574
0 0.363542 0.263657 0.015104 0.011574
0 0.364063 0.253935 0.015104 0.011574
0 0.378385 0.253935 0.015104 0.011574
0 0.378125 0.263657 0.015104 0.011574
0 0.377604 0.273843 0.015104 0.011574
0 0.377344 0.283565 0.015104 0.011574
0 0.376563 0.293750 0.015104 0.011574
0 0.375781 0.304398 0.015104 0.011574
0 0.375521 0.314583 0.015104 0.011574
0 0.375000 0.324769 0.015104 0.011574
0 0.375000 0.335417 0.015104 0.011574
0 0.374219 0.346065 0.015104 0.011574
0 0.373437 0.357176 0.015104 0.011574
0 0.373437 0.367824 0.015104 0.011574
0 0.372656 0.378009 0.015104 0.011574
0 0.372396 0.389583 0.015104 0.011574
0 0.371615 0.400694 0.015104 0.011574
0 0.389583 0.399769 0.015104 0.011574
0 0.389844 0.389583 0.015104 0.011574
0 0.390104 0.378472 0.015104 0.011574
0 0.390625 0.367824 0.015104 0.011574
0 0.391146 0.356250 0.015104 0.011574
0 0.391406 0.346065 0.015104 0.011574
0 0.391927 0.334954 0.015104 0.011574
0 0.392448 0.324769 0.015104 0.011574
0 0.392708 0.314583 0.015104 0.011574
0 0.393229 0.304398 0.015104 0.011574
0 0.393490 0.294213 0.015104 0.011574
0 0.393750 0.284028 0.015104 0.011574
0 0.394531 0.273843 0.015104 0.011574
0 0.394792 0.264120 0.015104 0.011574
0 0.409635 0.243750 0.015104 0.011574
0 0.409635 0.253472 0.015104 0.011574
0 0.409375 0.263657 0.015104 0.011574
0 0.408333 0.273843 0.015104 0.011574
0 0.408333 0.284491 0.015104 0.011574
0 0.408073 0.294213 0.015104 0.011574
0 0.407552 0.303935 0.015104 0.011574
0 0.407552 0.314583 0.015104 0.011574
0 0.407031 0.324306 0.015104 0.011574
0 0.406771 0.335880 0.015104 0.011574
0 0.406771 0.346528 0.015104 0.011574
0 0.405729 0.356713 0.015104 0.011574
0 0.405469 0.366898 0.015104 0.011574
0 0.405208 0.378472 0.015104 0.011574
0 0.405208 0.389583 0.015104 0.011574
0 0.404427 0.400694 0.015104 0.011574
0 0.420052 0.401157 0.015104 0.011574
0 0.420052 0.389583 0.015104 0.011574
0 0.420052 0.378009 0.015104 0.011574
0 0.420573 0.366898 0.015104 0.011574
0 0.420833 0.356713 0.015104 0.011574
0 0.421094 0.346065 0.015104 0.011574
0 0.421094 0.335880 0.015104 0.011574
0 0.421615 0.325231 0.015104 0.011574
0 0.422135 0.314583 0.015104 0.011574
0 0.422135 0.303935 0.015104 0.011574
0 0.422656 0.293750 0.015104 0.011574
0 0.422917 0.283102 0.015104 0.011574
0 0.422917 0.272917 0.015104 0.011574
0 0.423698 0.263657 0.015104 0.011574
0 0.423438 0.253935 0.015104 0.011574
0 0.423958 0.243287 0.015104 0.011574
0 0.437760 0.263194 0.015104 0.011574
0 0.437760 0.273380 0.015104 0.011574
0 0.437240 0.284028 0.015104 0.011574
0 0.436979 0.293750 0.015104 0.011574
0 0.436719 0.304398 0.015104 0.011574
0 0.436458 0.315046 0.015104 0.011574
0 0.436458 0.324769 0.015104 0.011574
0 0.436458 0.335880 0.015104 0.011574
0 0.436198 0.346065 0.015104 0.011574
0 0.435937 0.356713 0.015104 0.011574
0 0.435417 0.367824 0.015104 0.011574
0 0.435677 0.378472 0.015104 0.011574
0 0.435156 0.389120 0.015104 0.011574
0 0.435417 0.401157 0.015104 0.011574
0 0.452344 0.400231 0.015104 0.011574
0 0.452604 0.388194 0.015104 0.011574
0 0.452604 0.377546 0.015104 0.011574
0 0.452865 0.366898 0.015104 0.011574
0 0.452865 0.355787 0.015104 0.011574
0 0.452865 0.345602 0.015104 0.011574
0 0.453125 0.334954 0.015104 0.011574
0 0.453385 0.324306 0.015104 0.011574
0 0.453646 0.314120 0.015104 0.011574
0 0.453646 0.303935 0.015104 0.011574
0 0.453906 0.294213 0.015104 0.011574
0 0.453646 0.283565 0.015104 0.011574
0 0.453646 0.272454 0.015104 0.011574
0 0.454167 0.263657 0.015104 0.011574
0 0.454167 0.253472 0.015104 0.011574
0 0.468490 0.253472 0.015104 0.011574
0 0.468490 0.263194 0.015104 0.011574
0 0.468490 0.272917 0.015104 0.011574
0 0.468229 0.283102 0.015104 0.011574
0 0.467969 0.293750 0.015104 0.011574
0 0.467969 0.303935 0.015104 0.011574
0 0.467969 0.314120 0.015104 0.011574
0 0.467969 0.324306 0.015104 0.011574
0 0.467969 0.335417 0.015104 0.011574
0 0.467708 0.346065 0.015104 0.011574
0 0.467708 0.356713 0.015104 0.011574
0 0.467708 0.367361 0.015104 0.011574
0 0.467187 0.378472 0.015104 0.011574
0 0.467448 0.388657 0.015104 0.011574
0 0.467448 0.400694 0.015104 0.011574
0 0.484375 0.400231 0.015104 0.011574
0 0.484115 0.388657 0.015104 0.011574
0 0.484635 0.377546 0.015104 0.011574
0 0.484635 0.367361 0.015104 0.011574
0 0.484635 0.355787 0.015104 0.011574
0 0.484896 0.345602 0.015104 0.011574
0 0.484896 0.334954 0.015104 0.011574
0 0.484896 0.324306 0.015104 0.011574
0 0.484896 0.314583 0.015104 0.011574
0 0.484635 0.304398 0.015104 0.011574
0 0.484896 0.294213 0.015104 0.011574
0 0.484896 0.284028 0.015104 0.011574
0 0.485156 0.273380 0.015104 0.011574
0 0.485156 0.264120 0.015104 0.011574
0 0.485156 0.253009 0.015104 0.011574
0 0.485156 0.244213 0.015104 0.011574
0 0.499479 0.263194 0.015104 0.011574
0 0.499479 0.272917 0.015104 0.011574
0 0.499219 0.284028 0.015104 0.011574
0 0.499219 0.294213 0.015104 0.011574
0 0.499479 0.303935 0.015104 0.011574
0 0.499219 0.314120 0.015104 0.011574
0 0.499479 0.324769 0.015104 0.011574
0 0.499479 0.335417 0.015104 0.011574
0 0.498958 0.345139 0.015104 0.011574
0 0.499479 0.355787 0.015104 0.011574
0 0.499219 0.366898 0.015104 0.011574
0 0.499479 0.378472 0.015104 0.011574
0 0.499479 0.388657 0.015104 0.011574
0 0.499740 0.400694 0.015104 0.011574
0 0.520312 0.399769 0.015104 0.011574
0 0.520052 0.388657 0.015104 0.011574
0 0.520052 0.377083 0.015104 0.011574
0 0.520052 0.366898 0.015104 0.011574
0 0.519792 0.355324 0.015104 0.011574
0 0.519531 0.345139 0.015104 0.011574
0 0.520052 0.334491 0.015104 0.011574
0 0.519792 0.324306 0.015104 0.011574
0 0.519271 0.314120 0.015104 0.011574
0 0.519271 0.303935 0.015104 0.011574
0 0.518750 0.293287 0.015104 0.011574
0 0.518750 0.283565 0.015104 0.011574
0 0.518750 0.272454 0.015104 0.011574
0 0.518750 0.263194 0.015104 0.011574
0 0.518750 0.252546 0.015104 0.011574
0 0.518229 0.242361 0.015104 0.011574
0 0.534115 0.262731 0.015104 0.011574
0 0.534375 0.272917 0.015104 0.011574
0 0.534375 0.283102 0.015104 0.011574
0 0.534115 0.292824 0.015104 0.011574
0 0.534635 0.303935 0.015104 0.011574
0 0.534635 0.314120 0.015104 0.011574
0 0.535156 0.323843 0.015104 0.011574
0 0.535417 0.334954 0.015104 0.011574
0 0.535417 0.345139 0.015104 0.011574
0 0.535417 0.356250 0.015104 0.011574
0 0.535937 0.366898 0.015104 0.011574
0 0.536198 0.377546 0.015104 0.011574
0 0.535937 0.388657 0.015104 0.011574
0 0.536719 0.399769 0.015104 0.011574
0 0.556771 0.399306 0.015104 0.011574
0 0.556771 0.388194 0.015104 0.011574
0 0.555990 0.376620 0.015104 0.011574
0 0.555729 0.366435 0.015104 0.011574
0 0.555729 0.355324 0.015104 0.011574
0 0.555208 0.344676 0.015104 0.011574
0 0.554948 0.334491 0.015104 0.011574
0 0.554427 0.323843 0.015104 0.011574
0 0.554167 0.313657 0.015104 0.011574
0 0.554167 0.302546 0.015104 0.011574
0 0.553906 0.292824 0.015104 0.011574
0 0.553385 0.282176 0.015104 0.011574
0 0.553125 0.272454 0.015104 0.011574
0 0.552865 0.262269 0.015104 0.011574
0 0.552865 0.252083 0.015104 0.011574
0 0.552604 0.242824 0.015104 0.011574
0 0.552083 0.232639 0.015104 0.011574
0 0.552083 0.222917 0.015104 0.011574
0 0.551823 0.213657 0.015104 0.011574
0 0.551562 0.204398 0.015104 0.011574
0 0.551302 0.194676 0.015104 0.011574
0 0.551042 0.185417 0.015104 0.011574
0 0.550521 0.175694 0.015104 0.011574
0 0.550521 0.166898 0.015104 0.011574
0 0.563802 0.165972 0.015104 0.011574
0 0.564323 0.175694 0.015104 0.011574
0 0.564844 0.184954 0.015104 0.011574
0 0.564844 0.194213 0.015104 0.011574
0 0.565365 0.203935 0.015104 0.011574
0 0.565885 0.213194 0.015104 0.011574
0 0.565625 0.222454 0.015104 0.011574
0 0.566146 0.233102 0.015104 0.011574
0 0.566667 0.242824 0.015104 0.011574
0 0.566667 0.252546 0.015104 0.011574
0 0.567187 0.261806 0.015104 0.011574
0 0.567448 0.271528 0.015104 0.011574
0 0.567708 0.282176 0.015104 0.011574
0 0.568490 0.292361 0.015104 0.011574
0 0.568490 0.302546 0.015104 0.011574
0 0.568750 0.313194 0.015104 0.011574
0 0.569271 0.323380 0.015104 0.011574
0 0.569271 0.334028 0.015104 0.011574
0 0.570052 0.344213 0.015104 0.011574
0 0.570312 0.354861 0.015104 0.011574
0 0.570573 0.365972 0.015104 0.011574
0 0.571094 0.377083 0.015104 0.011574
0 0.571354 0.388194 0.015104 0.011574
0 0.571615 0.398380 0.015104 0.011574
0 0.586458 0.398380 0.015104 0.011574
0 0.586719 0.386806 0.015104 0.011574
0 0.585938 0.375694 0.015104 0.011574
0 0.585417 0.365046 0.015104 0.011574
0 0.584896 0.354398 0.015104 0.011574
0 0.584635 0.343750 0.015104 0.011574
0 0.584115 0.333565 0.015104 0.011574
0 0.583854 0.322454 0.015104 0.011574
0 0.583594 0.312731 0.015104 0.011574
0 0.583073 0.302083 0.015104 0.011574
0 0.582552 0.291435 0.015104 0.011574
0 0.582552 0.281250 0.015104 0.011574
0 0.582292 0.271065 0.015104 0.011574
0 0.581771 0.261806 0.015104 0.011574
0 0.580469 0.232176 0.015104 0.011574
0 0.580208 0.222454 0.015104 0.011574
0 0.579948 0.212269 0.015104 0.011574
0 0.579167 0.203009 0.015104 0.011574
0 0.578906 0.194676 0.015104 0.011574
0 0.578385 0.184491 0.015104 0.011574
0 0.578385 0.175694 0.015104 0.011574
0 0.578125 0.165972 0.015104 0.011574
0 0.593750 0.165972 0.015104 0.011574
0 0.594271 0.174769 0.015104 0.011574
0 0.594792 0.184491 0.015104 0.011574
0 0.595313 0.193287 0.015104 0.011574
0 0.595573 0.203472 0.015104 0.011574
0 0.596354 0.212731 0.015104 0.011574
0 0.596615 0.221991 0.015104 0.011574
0 0.597135 0.232176 0.015104 0.011574
0 0.597656 0.241435 0.015104 0.011574
0 0.598177 0.251620 0.015104 0.011574
0 0.598437 0.261343 0.015104 0.011574
0 0.598958 0.271065 0.015104 0.011574
0 0.599479 0.281250 0.015104 0.011574
0 0.600000 0.291435 0.015104 0.011574
0 0.600521 0.301620 0.015104 0.011574
0 0.601042 0.311343 0.015104 0.011574
0 0.601302 0.322454 0.015104 0.011574
0 0.601823 0.333102 0.015104 0.011574
0 0.602344 0.343750 0.015104 0.011574
0 0.602865 0.354398 0.015104 0.011574
0 0.603385 0.364583 0.015104 0.011574
0 0.604167 0.375694 0.015104 0.011574
0 0.604688 0.386806 0.015104 0.011574
0 0.605208 0.397917 0.015104 0.011574
0 0.620313 0.397454 0.015104 0.011574
0 0.619531 0.386343 0.015104 0.011574
0 0.619010 0.375231 0.015104 0.011574
0 0.618750 0.364583 0.015104 0.011574
0 0.617708 0.353935 0.015104 0.011574
0 0.617188 0.342824 0.015104 0.011574
0 0.616667 0.332639 0.015104 0.011574
0 0.616146 0.321991 0.015104 0.011574
0 0.615885 0.311343 0.015104 0.011574
0 0.614844 0.301157 0.015104 0.011574
0 0.614583 0.290972 0.015104 0.011574
0 0.613802 0.280324 0.015104 0.011574
0 0.613542 0.270602 0.015104 0.011574
0 0.613021 0.259954 0.015104 0.011574
0 0.612500 0.251157 0.015104 0.011574
0 0.611979 0.240972 0.015104 0.011574
0 0.611719 0.231713 0.015104 0.011574
0 0.610938 0.221065 0.015104 0.011574
0 0.610677 0.211806 0.015104 0.011574
0 0.609896 0.202546 0.015104 0.011574
0 0.609375 0.193750 0.015104 0.011574
0 0.608854 0.184028 0.015104 0.011574
0 0.608333 0.174306 0.015104 0.011574
0 0.607812 0.165046 0.015104 0.011574
0 0.624219 0.171991 0.015104 0.011574
0 0.624219 0.181250 0.015104 0.011574
0 0.624740 0.190972 0.015104 0.011574
0 0.625521 0.200231 0.015104 0.011574
0 0.626302 0.209491 0.015104 0.011574
0 0.626563 0.219213 0.015104 0.011574
0 0.627604 0.228472 0.015104 0.011574
0 0.628125 0.238194 0.015104 0.011574
0 0.628385 0.248380 0.015104 0.011574
0 0.629427 0.258565 0.015104 0.011574
0 0.629167 0.267824 0.015104 0.011574
0 0.630208 0.278009 0.015104 0.011574
0 0.630990 0.288194 0.015104 0.011574
0 0.631771 0.297917 0.015104 0.011574
0 0.632292 0.308565 0.015104 0.011574
0 0.632812 0.318750 0.015104 0.011574
0 0.633333 0.329861 0.015104 0.011574
0 0.634115 0.340509 0.015104 0.011574
0 0.634896 0.351157 0.015104 0.011574
0 0.635677 0.361806 0.015104 0.011574
0 0.636458 0.372454 0.015104 0.011574
0 0.636979 0.383102 0.015104 0.011574
0 0.637760 0.394213 0.015104 0.011574
0 0.638542 0.405787 0.015104 0.011574
0 0.639323 0.416435 0.015104 0.011574
0 0.639844 0.428009 0.015104 0.011574
0 0.655729 0.427315 0.016146 0.012037
0 0.654427 0.415278 0.016146 0.012037
0 0.653906 0.404630 0.016146 0.012037
0 0.652865 0.393056 0.016146 0.012037
0 0.652604 0.382407 0.016146 0.012037
0 0.651823 0.371759 0.016146 0.012037
0 0.650781 0.361111 0.016146 0.012037
0 0.650000 0.350000 0.016146 0.012037
0 0.648958 0.339815 0.016146 0.012037
0 0.648958 0.328704 0.016146 0.012037
0 0.647917 0.318519 0.016146 0.012037
0 0.646875 0.307407 0.016146 0.012037
0 0.646094 0.297685 0.016146 0.012037
0 0.645573 0.288426 0.016146 0.012037
0 0.644792 0.277315 0.016146 0.012037
0 0.644531 0.267593 0.016146 0.012037
0 0.642969 0.257870 0.016146 0.012037
0 0.642969 0.247222 0.016146 0.012037
0 0.642448 0.238426 0.016146 0.012037
0 0.641406 0.228241 0.016146 0.012037
0 0.641406 0.218056 0.016146 0.012037
0 0.640365 0.208796 0.016146 0.012037
0 0.639844 0.200000 0.016146 0.012037
0 0.638281 0.181481 0.016146 0.012037
0 0.638281 0.190278 0.016146 0.012037
0 0.637109 0.171991 0.015885 0.009722
0 0.652865 0.171991 0.015104 0.010648
0 0.653385 0.181250 0.015104 0.010648
0 0.653646 0.190046 0.015104 0.010648
0 0.654948 0.199306 0.015104 0.010648
0 0.655469 0.209028 0.015104 0.010648
0 0.656250 0.218287 0.015104 0.010648
0 0.657292 0.227546 0.015104 0.010648
0 0.658333 0.237269 0.015104 0.010648
0 0.659115 0.246991 0.015104 0.010648
0 0.659896 0.257176 0.015104 0.010648
0 0.660937 0.266898 0.015104 0.010648
0 0.661719 0.277083 0.015104 0.010648
0 0.662240 0.287269 0.015104 0.010648
0 0.663281 0.297454 0.015104 0.010648
0 0.664323 0.307639 0.015104 0.010648
0 0.665104 0.317824 0.015104 0.010648
0 0.665885 0.328472 0.015104 0.010648
0 0.666927 0.338657 0.015104 0.010648
0 0.667969 0.349769 0.015104 0.010648
0 0.668750 0.360417 0.015104 0.010648
0 0.669531 0.371296 0.015104 0.012037
0 0.670573 0.382407 0.015104 0.012037
0 0.671615 0.393981 0.015104 0.012037
0 0.672526 0.404398 0.016927 0.012500
0 0.673828 0.415972 0.016927 0.012500
0 0.674609 0.427546 0.016927 0.012500
0 0.586198 0.409954 0.015104 0.011574
0 0.586198 0.420602 0.015104 0.011574
0 0.586589 0.437037 0.015885 0.015741
0 0.586719 0.449537 0.016146 0.014815
0 0.570312 0.450463 0.016146 0.014815
0 0.570312 0.436111 0.016146 0.014815
0 0.552865 0.437037 0.016146 0.014815
0 0.552344 0.450000 0.016146 0.014815
0 0.535417 0.450000 0.016146 0.014815
0 0.535417 0.437037 0.016146 0.014815
0 0.535677 0.419907 0.016146 0.013889
0 0.535677 0.410185 0.016146 0.013889
0 0.517969 0.410185 0.016146 0.013889
0 0.517188 0.421759 0.016146 0.013889
0 0.517448 0.437037 0.016146 0.013889
0 0.517188 0.450000 0.016146 0.013889
0 0.500521 0.450000 0.016146 0.013889
0 0.501042 0.437037 0.016146 0.013889
0 0.501042 0.419907 0.016146 0.013889
0 0.501042 0.408796 0.016667 0.012037
0 0.483594 0.410185 0.016667 0.012037
0 0.483073 0.421296 0.016667 0.012037
0 0.482682 0.436574 0.016406 0.014815
0 0.482943 0.449537 0.016406 0.014815
0 0.467578 0.449537 0.016406 0.014815
0 0.467578 0.436111 0.016406 0.014815
0 0.467839 0.420833 0.016406 0.014815
0 0.468099 0.408565 0.015365 0.014352
0 0.450130 0.409491 0.015365 0.014352
0 0.449870 0.420602 0.015365 0.014352
0 0.449349 0.436343 0.015365 0.014352
0 0.449349 0.449769 0.015365 0.014352
0 0.432422 0.449306 0.015365 0.014352
0 0.432161 0.435880 0.015365 0.014352
0 0.432682 0.420139 0.015365 0.014352
0 0.432943 0.408565 0.015365 0.014352
0 0.416016 0.408565 0.015365 0.014352
0 0.415495 0.421065 0.015365 0.014352
0 0.414453 0.438194 0.015365 0.014352
0 0.398568 0.438194 0.015365 0.014352
0 0.380339 0.437731 0.015365 0.014352
0 0.381120 0.419676 0.015365 0.014352
0 0.381641 0.409028 0.015365 0.014352
0 0.399089 0.408102 0.015365 0.014352
0 0.398568 0.420602 0.015365 0.014352
0 0.304557 0.223380 0.015365 0.011574
0 0.305339 0.214583 0.015365 0.011574
0 0.306380 0.203935 0.015365 0.011574
0 0.306901 0.194676 0.015365 0.011574
0 0.307943 0.185880 0.015365 0.011574
0 0.308724 0.176157 0.015365 0.011574
0 0.309505 0.168287 0.015365 0.011574
0 0.310286 0.158565 0.015365 0.011574
0 0.311068 0.149306 0.015365 0.011574
0 0.311589 0.138194 0.015365 0.011574
0 0.312370 0.129861 0.015365 0.011574
0 0.312891 0.121065 0.015365 0.011574
0 0.326953 0.120602 0.015365 0.011574
0 0.326693 0.130324 0.015365 0.011574
0 0.325651 0.139120 0.015365 0.011574
0 0.325391 0.150694 0.015365 0.011574
0 0.324609 0.158565 0.015365 0.011574
0 0.324089 0.167824 0.015365 0.011574
0 0.322526 0.177546 0.015365 0.011574
0 0.322005 0.186343 0.015365 0.011574
0 0.320964 0.195139 0.015365 0.011574
0 0.320443 0.204861 0.015365 0.011574
0 0.319922 0.214583 0.015365 0.011574
0 0.318880 0.224306 0.015365 0.011574
0 0.335547 0.223843 0.015365 0.011574
0 0.336068 0.214583 0.015365 0.011574
0 0.337109 0.204398 0.015365 0.011574
0 0.337891 0.195139 0.015365 0.011574
0 0.338411 0.185880 0.015365 0.011574
0 0.338932 0.176157 0.015365 0.011574
0 0.339714 0.167361 0.015365 0.011574
0 0.340495 0.158565 0.015365 0.011574
0 0.341016 0.150231 0.015365 0.011574
0 0.342057 0.138657 0.015365 0.011574
0 0.342839 0.129861 0.015365 0.011574
0 0.343620 0.120602 0.015365 0.011574
0 0.357422 0.120602 0.015365 0.011574
0 0.356901 0.129861 0.015365 0.011574
0 0.355859 0.138657 0.015365 0.011574
0 0.354818 0.150231 0.015365 0.011574
0 0.354036 0.159028 0.015365 0.011574
0 0.353516 0.168287 0.015365 0.011574
0 0.352734 0.177083 0.015365 0.011574
0 0.351953 0.186343 0.015365 0.011574
0 0.351693 0.195602 0.015365 0.011574
0 0.351172 0.205324 0.015365 0.011574
0 0.350911 0.214120 0.015365 0.011574
0 0.349609 0.223843 0.015365 0.011574
0 0.366276 0.223843 0.015365 0.011574
0 0.366797 0.214120 0.015365 0.011574
0 0.367839 0.205324 0.015365 0.011574
0 0.367839 0.195602 0.015365 0.011574
0 0.368620 0.186343 0.015365 0.011574
0 0.369141 0.177083 0.015365 0.011574
0 0.369922 0.168287 0.015365 0.011574
0 0.370182 0.158565 0.015365 0.011574
0 0.370703 0.149769 0.015365 0.011574
0 0.370443 0.138657 0.015365 0.011574
0 0.370964 0.128935 0.015365 0.011574
0 0.371484 0.121065 0.015365 0.011574
0 0.385547 0.120602 0.015365 0.011574
0 0.385286 0.129861 0.015365 0.011574
0 0.384505 0.138194 0.015365 0.011574
0 0.384505 0.150231 0.015365 0.011574
0 0.383984 0.158565 0.015365 0.011574
0 0.384505 0.167824 0.015365 0.011574
0 0.382943 0.177546 0.015365 0.011574
0 0.382422 0.186343 0.015365 0.011574
0 0.382161 0.196065 0.015365 0.011574
0 0.381901 0.205324 0.015365 0.011574
0 0.381120 0.214583 0.015365 0.011574
0 0.380078 0.223843 0.015365 0.011574
0 0.396224 0.223843 0.015365 0.011574
0 0.397266 0.214583 0.015365 0.011574
0 0.397786 0.204861 0.015365 0.011574
0 0.398047 0.195139 0.015365 0.011574
0 0.398568 0.186343 0.015365 0.011574
0 0.398828 0.177083 0.015365 0.011574
0 0.399349 0.167824 0.015365 0.011574
0 0.399609 0.158565 0.015365 0.011574
0 0.400130 0.149306 0.015365 0.011574
0 0.398568 0.138657 0.015365 0.011574
0 0.398828 0.129398 0.015365 0.011574
0 0.399609 0.120602 0.015365 0.011574
0 0.413672 0.120602 0.015365 0.011574
0 0.413151 0.129861 0.015365 0.011574
0 0.413411 0.138194 0.015365 0.011574
0 0.413672 0.148843 0.015365 0.011574
0 0.413672 0.159028 0.015365 0.011574
0 0.413151 0.167361 0.015365 0.011574
0 0.412630 0.176620 0.015365 0.011574
0 0.412630 0.186343 0.015365 0.011574
0 0.412109 0.195602 0.015365 0.011574
0 0.412109 0.204398 0.015365 0.011574
0 0.411328 0.214120 0.015365 0.011574
0 0.410807 0.223843 0.015365 0.011574
0 0.424349 0.224306 0.015365 0.011574
0 0.425391 0.214583 0.015365 0.011574
0 0.425651 0.203935 0.015365 0.011574
0 0.425911 0.195602 0.015365 0.011574
0 0.426172 0.185880 0.015365 0.011574
0 0.426693 0.175694 0.015365 0.011574
0 0.426693 0.167824 0.015365 0.011574
0 0.427214 0.159028 0.015365 0.011574
0 0.427214 0.149306 0.015365 0.011574
0 0.427214 0.138657 0.015365 0.011574
0 0.427734 0.128472 0.015365 0.011574
0 0.428255 0.120602 0.015365 0.011574
0 0.441797 0.119676 0.015365 0.011574
0 0.441536 0.129398 0.015365 0.011574
0 0.441797 0.138194 0.015365 0.011574
0 0.440495 0.148843 0.015365 0.011574
0 0.439974 0.158102 0.015365 0.011574
0 0.440234 0.167824 0.015365 0.011574
0 0.439453 0.177083 0.015365 0.011574
0 0.439714 0.186343 0.015365 0.011574
0 0.439453 0.195602 0.015365 0.011574
0 0.439453 0.204861 0.015365 0.011574
0 0.439453 0.214120 0.015365 0.011574
0 0.438411 0.224306 0.015365 0.011574
0 0.454557 0.223843 0.015365 0.011574
0 0.455078 0.214120 0.015365 0.011574
0 0.455339 0.204861 0.015365 0.011574
0 0.455599 0.194676 0.015365 0.011574
0 0.455859 0.184954 0.015365 0.011574
0 0.455859 0.177083 0.015365 0.011574
0 0.456120 0.166898 0.015365 0.011574
0 0.456120 0.158102 0.015365 0.011574
0 0.456380 0.149306 0.015365 0.011574
0 0.455599 0.138194 0.015365 0.011574
0 0.456120 0.128935 0.015365 0.011574
0 0.455599 0.118750 0.015365 0.011574
0 0.469922 0.120139 0.015365 0.011574
0 0.469922 0.129398 0.015365 0.011574
0 0.469661 0.138194 0.015365 0.011574
0 0.469661 0.149769 0.015365 0.011574
0 0.469661 0.158565 0.015365 0.011574
0 0.469922 0.167824 0.015365 0.011574
0 0.469661 0.176620 0.015365 0.011574
0 0.469401 0.185417 0.015365 0.011574
0 0.469661 0.195602 0.015365 0.011574
0 0.469401 0.205324 0.015365 0.011574
0 0.469401 0.214120 0.015365 0.011574
0 0.468880 0.223843 0.015365 0.011574
0 0.485286 0.224769 0.015365 0.011574
0 0.485547 0.215046 0.015365 0.011574
0 0.485286 0.205324 0.015365 0.011574
0 0.485547 0.185417 0.015365 0.011574
0 0.484766 0.194676 0.015365 0.011574
0 0.485547 0.175694 0.015365 0.011574
0 0.485286 0.167824 0.015365 0.011574
0 0.486589 0.158102 0.015365 0.011574
0 0.485807 0.149306 0.015365 0.011574
0 0.485286 0.137731 0.015365 0.011574
0 0.485286 0.127546 0.015365 0.011574
0 0.485286 0.120602 0.015365 0.011574
0 0.499609 0.119676 0.015365 0.011574
0 0.499349 0.128472 0.015365 0.011574
0 0.499089 0.137731 0.015365 0.011574
0 0.498828 0.158102 0.015365 0.011574
0 0.498307 0.147917 0.015365 0.011574
0 0.499089 0.166898 0.015365 0.011574
0 0.499349 0.176157 0.015365 0.011574
0 0.498828 0.185417 0.015365 0.011574
0 0.499089 0.196065 0.015365 0.011574
0 0.498568 0.204398 0.015365 0.011574
0 0.499089 0.214120 0.015365 0.011574
0 0.499349 0.223843 0.015365 0.011574
0 0.518359 0.223843 0.015365 0.011574
0 0.518880 0.214120 0.015365 0.011574
0 0.518359 0.204861 0.015365 0.011574
0 0.518359 0.195139 0.015365 0.011574
0 0.518099 0.185880 0.015365 0.011574
0 0.518359 0.176620 0.015365 0.011574
0 0.517839 0.166898 0.015365 0.011574
0 0.518359 0.158565 0.015365 0.011574
0 0.518099 0.149306 0.015365 0.011574
0 0.517057 0.137731 0.015365 0.011574
0 0.516797 0.128009 0.015365 0.011574
0 0.516536 0.119676 0.015365 0.011574
0 0.530859 0.119676 0.015365 0.011574
0 0.530599 0.129398 0.015365 0.011574
0 0.531380 0.137731 0.015365 0.011574
0 0.532422 0.148843 0.015365 0.011574
0 0.532422 0.158102 0.015365 0.011574
0 0.532161 0.166898 0.015365 0.011574
0 0.532422 0.176620 0.015365 0.011574
0 0.532943 0.185880 0.015365 0.011574
0 0.532682 0.195602 0.015365 0.011574
0 0.533464 0.205324 0.015365 0.011574
0 0.533464 0.214583 0.015365 0.011574
0 0.533203 0.223843 0.015365 0.011574
0 0.552865 0.422685 0.016146 0.014815
0 0.552083 0.408796 0.016146 0.014815
0 0.570052 0.409722 0.016146 0.014815
0 0.570052 0.422222 0.016146 0.014815
