0 0.818880 0.358796 0.022135 0.042593
0 0.832422 0.355556 0.022135 0.042593
0 0.847266 0.354630 0.022135 0.042593
0 0.860547 0.351852 0.022135 0.042593
0 0.874349 0.349537 0.022135 0.042593
0 0.827083 0.398843 0.022396 0.045833
0 0.840625 0.396991 0.022396 0.045833
0 0.853646 0.395139 0.022396 0.045833
0 0.867969 0.393287 0.022396 0.045833
0 0.882292 0.392361 0.022396 0.045833
0 0.874479 0.443287 0.023438 0.047685
0 0.890625 0.441435 0.023438 0.047685
0 0.904687 0.440509 0.023438 0.047685
0 0.889453 0.518056 0.025260 0.050000
0 0.905078 0.515741 0.026302 0.050000
0 0.920703 0.513889 0.026302 0.050000
0 0.246354 0.389120 0.030729 0.084722
0 0.271875 0.386343 0.030729 0.084722
0 0.298438 0.383102 0.030729 0.084722
0 0.324740 0.381250 0.030729 0.084722
0 0.350130 0.378241 0.030469 0.084259
0 0.376172 0.375000 0.030469 0.084259
0 0.401172 0.370370 0.030469 0.084259
0 0.426693 0.368981 0.030469 0.084259
0 0.452995 0.364352 0.030469 0.084259
0 0.477214 0.363426 0.030469 0.084259
0 0.502474 0.359722 0.030469 0.084259
0 0.527995 0.356944 0.030469 0.084259
0 0.553776 0.353241 0.030469 0.084259
0 0.579688 0.348843 0.032292 0.081944
0 0.605208 0.346991 0.032292 0.081944
0 0.629687 0.342824 0.034375 0.081944
0 0.655729 0.339120 0.034375 0.081944
0 0.680990 0.335417 0.034375 0.081944
0 0.706120 0.331713 0.035677 0.081944
0 0.731641 0.327546 0.035677 0.081944
0 0.756120 0.326157 0.035677 0.081944
0 0.781641 0.322454 0.035677 0.081944
0 0.242969 0.470370 0.031771 0.088889
0 0.269792 0.468519 0.031771 0.088889
0 0.294792 0.463889 0.031771 0.088889
0 0.323437 0.461111 0.031771 0.088889
0 0.350521 0.456019 0.031771 0.088889
0 0.375000 0.454167 0.031771 0.088889
0 0.402604 0.451620 0.030208 0.090278
0 0.429167 0.447917 0.030208 0.090278
0 0.455729 0.446065 0.030208 0.090278
0 0.481250 0.443750 0.030208 0.090278
0 0.507031 0.440046 0.030208 0.090278
0 0.532943 0.434259 0.032031 0.087037
0 0.558724 0.432176 0.030990 0.086574
0 0.584245 0.427083 0.033594 0.082870
0 0.610807 0.422917 0.033594 0.082870
0 0.637240 0.421528 0.034896 0.086574
0 0.664062 0.418750 0.034896 0.086574
0 0.689193 0.413657 0.035156 0.085648
0 0.716016 0.408102 0.035156 0.085648
0 0.740885 0.405787 0.035937 0.084722
0 0.767057 0.402083 0.036719 0.082870
0 0.792708 0.397917 0.035937 0.081944
0 0.239193 0.555093 0.032552 0.093519
0 0.267057 0.554630 0.032552 0.093519
0 0.294661 0.550000 0.032552 0.093519
0 0.320833 0.544213 0.030729 0.093056
0 0.724870 0.491667 0.037760 0.090741
0 0.752214 0.488889 0.037760 0.090741
0 0.777474 0.485185 0.037760 0.090741
0 0.804688 0.480093 0.039583 0.087963
0 0.236458 0.645833 0.033333 0.097222
0 0.264583 0.644444 0.033333 0.097222
0 0.291406 0.639352 0.033333 0.097222
0 0.320052 0.635648 0.033333 0.097222
0 0.348698 0.634259 0.033333 0.097222
0 0.376302 0.630093 0.033333 0.097222
0 0.404167 0.624074 0.033333 0.097222
0 0.433333 0.619444 0.033333 0.097222
0 0.458333 0.616204 0.033333 0.097222
0 0.486719 0.611574 0.033333 0.097222
0 0.514844 0.610185 0.033333 0.097222
0 0.542448 0.604398 0.034896 0.093056
0 0.569531 0.600231 0.034896 0.093056
0 0.597135 0.596528 0.034896 0.093056
0 0.625130 0.592361 0.036719 0.092130
0 0.653255 0.588194 0.036719 0.092130
0 0.680078 0.585417 0.036719 0.092130
0 0.707422 0.580324 0.036719 0.092130
0 0.736068 0.578241 0.038802 0.092593
0 0.763411 0.573148 0.038802 0.092593
0 0.790495 0.570833 0.040365 0.092593
0 0.817318 0.566435 0.039844 0.091204
0 0.232813 0.742130 0.034375 0.103704
0 0.261458 0.737500 0.034375 0.103704
0 0.291146 0.734259 0.034375 0.103704
0 0.318229 0.731019 0.034375 0.103704
0 0.348958 0.726852 0.034375 0.103704
0 0.377344 0.724074 0.034375 0.103704
0 0.407031 0.717593 0.034375 0.103704
0 0.435286 0.713657 0.033073 0.102315
0 0.463932 0.708102 0.033073 0.102315
0 0.492318 0.703935 0.033073 0.102315
0 0.521224 0.699769 0.033073 0.102315
0 0.548568 0.696065 0.035677 0.102315
0 0.577214 0.693750 0.035677 0.102315
0 0.606120 0.689583 0.035677 0.102315
0 0.634115 0.687500 0.039583 0.102778
0 0.662630 0.683796 0.039844 0.102778
0 0.692839 0.677778 0.039844 0.102778
0 0.719661 0.676389 0.039844 0.102778
0 0.747266 0.671759 0.039844 0.102778
0 0.775651 0.666898 0.041406 0.098611
0 0.803776 0.662037 0.042448 0.100000
0 0.831901 0.659722 0.042448 0.100000
