0 0.166667 0.464352 0.059375 0.048148
0 0.164583 0.504630 0.058854 0.052778
0 0.162500 0.548611 0.060937 0.052778
0 0.159505 0.613426 0.063281 0.055556
0 0.157552 0.659028 0.064062 0.058796
0 0.155208 0.708796 0.066146 0.062963
0 0.222917 0.458333 0.057292 0.049074
0 0.222135 0.498148 0.057292 0.049074
0 0.221484 0.539583 0.058594 0.052315
0 0.220573 0.601852 0.059896 0.055556
0 0.219401 0.649537 0.060156 0.056481
0 0.218359 0.697454 0.061719 0.057870
0 0.279557 0.450926 0.055469 0.047222
0 0.279036 0.490741 0.053906 0.049074
0 0.279818 0.530787 0.055469 0.050463
0 0.280078 0.593981 0.057031 0.054630
0 0.280339 0.640046 0.058073 0.056944
0 0.280339 0.686806 0.059115 0.057870
0 0.343880 0.470370 0.053906 0.047222
0 0.344922 0.507407 0.053906 0.047222
0 0.346875 0.546991 0.054167 0.050463
0 0.348958 0.612731 0.055208 0.054167
0 0.351042 0.655324 0.056771 0.057870
0 0.351953 0.700694 0.057552 0.057870
0 0.395182 0.462037 0.052344 0.045370
0 0.396484 0.498148 0.052865 0.047222
0 0.399349 0.536806 0.053906 0.048611
0 0.402474 0.601620 0.056510 0.052315
0 0.405990 0.644907 0.056771 0.054630
0 0.408333 0.688657 0.058333 0.056019
0 0.443620 0.454167 0.052344 0.045370
0 0.447135 0.489815 0.052604 0.045370
0 0.450260 0.527315 0.054167 0.047222
0 0.455469 0.592593 0.054688 0.050926
0 0.458073 0.633102 0.057813 0.055093
0 0.461458 0.676157 0.057813 0.055093
0 0.491276 0.447222 0.052344 0.045370
0 0.495443 0.481944 0.052344 0.045370
0 0.499479 0.518056 0.053646 0.048148
0 0.505729 0.582639 0.055208 0.049537
0 0.510938 0.623611 0.057292 0.052778
0 0.515625 0.665509 0.056250 0.056019
0 0.538932 0.439352 0.052344 0.045370
0 0.543099 0.473611 0.052344 0.045370
0 0.548307 0.510417 0.052865 0.046759
0 0.556510 0.573843 0.055729 0.050463
0 0.561458 0.614352 0.056771 0.051852
0 0.567448 0.654630 0.056771 0.051852
0 0.585156 0.430324 0.051562 0.043981
0 0.590625 0.466898 0.051562 0.043981
0 0.596354 0.502083 0.053646 0.047685
0 0.605469 0.564583 0.053646 0.047685
0 0.612109 0.604167 0.055990 0.050926
0 0.618750 0.646296 0.056771 0.052778
0 0.632031 0.423148 0.050521 0.042593
0 0.637630 0.457176 0.053385 0.043056
0 0.644401 0.493056 0.054948 0.045370
0 0.654297 0.555556 0.056510 0.048148
0 0.661458 0.595370 0.057813 0.051852
0 0.669010 0.635648 0.057813 0.051852
0 0.690495 0.472454 0.052865 0.046759
0 0.695312 0.509028 0.053646 0.047685
0 0.703125 0.546991 0.055208 0.049537
0 0.710938 0.585417 0.056771 0.049537
0 0.719531 0.625694 0.056771 0.049537
0 0.741667 0.503472 0.053646 0.047685
0 0.750000 0.538889 0.053125 0.046296
0 0.758333 0.577778 0.054688 0.048148
0 0.766797 0.618056 0.057031 0.049074
