0 0.187240 0.551157 0.048958 0.116204
0 0.224219 0.554861 0.049479 0.114352
0 0.260286 0.556250 0.047656 0.109722
0 0.295964 0.558102 0.045052 0.107870
0 0.331901 0.561343 0.045052 0.107870
0 0.367969 0.563889 0.043229 0.106481
0 0.402344 0.567593 0.041146 0.106481
0 0.436068 0.567361 0.037760 0.107870
0 0.168099 0.700231 0.052865 0.121759
0 0.206641 0.703472 0.051823 0.118056
0 0.245182 0.706713 0.051823 0.118056
0 0.282292 0.706713 0.048438 0.118056
0 0.281771 0.705787 0.048438 0.118056
0 0.320573 0.707639 0.046354 0.118056
0 0.356510 0.709491 0.043750 0.119907
0 0.394271 0.709954 0.043750 0.119907
0 0.428385 0.709954 0.041146 0.118981
0 0.523828 0.388194 0.064844 0.060648
0 0.522266 0.436806 0.064844 0.060648
0 0.522266 0.489120 0.065885 0.062500
0 0.521484 0.541667 0.067448 0.062037
0 0.521224 0.595833 0.067448 0.062037
0 0.521484 0.652315 0.069010 0.065741
0 0.519922 0.712731 0.070052 0.070833
0 0.520182 0.712963 0.070573 0.069444
0 0.520052 0.774306 0.072396 0.073611
0 0.518490 0.842824 0.072396 0.073611
0 0.588281 0.400926 0.063542 0.058333
0 0.587760 0.448611 0.063542 0.058333
0 0.588021 0.500000 0.063542 0.058333
0 0.588802 0.550463 0.066146 0.059259
0 0.589974 0.605324 0.067969 0.060648
0 0.590625 0.662269 0.070312 0.065278
0 0.591536 0.721296 0.070052 0.065741
0 0.593099 0.785185 0.072656 0.070370
0 0.593880 0.850463 0.074219 0.073148
