0 0.808333 0.459028 0.021354 0.041204
0 0.821875 0.458565 0.021354 0.041204
0 0.834896 0.457639 0.021354 0.041204
0 0.848698 0.454861 0.021354 0.041204
0 0.861719 0.453009 0.021354 0.041204
0 0.816016 0.498611 0.022656 0.043519
0 0.830339 0.496528 0.022135 0.041204
0 0.843880 0.495139 0.022135 0.041204
0 0.857943 0.493750 0.022135 0.041204
0 0.871745 0.491435 0.022135 0.041204
0 0.865495 0.539583 0.022656 0.044907
0 0.880078 0.537731 0.022656 0.044907
0 0.894141 0.537731 0.023698 0.045833
0 0.880729 0.612037 0.027083 0.050000
0 0.896094 0.609722 0.027083 0.050000
0 0.911979 0.608333 0.027083 0.050000
0 0.246094 0.459028 0.031250 0.080093
0 0.271875 0.458102 0.031250 0.080093
0 0.297135 0.453935 0.031250 0.080093
0 0.322135 0.453009 0.031250 0.080093
0 0.348177 0.448380 0.031250 0.080093
0 0.373437 0.446991 0.031250 0.080093
0 0.397396 0.442361 0.031250 0.080093
0 0.424219 0.440046 0.031250 0.080093
0 0.448437 0.438194 0.031250 0.080093
0 0.472917 0.434259 0.030729 0.076852
0 0.498307 0.431481 0.030990 0.076852
0 0.522005 0.428241 0.030990 0.076852
0 0.546224 0.424537 0.030990 0.076852
0 0.572266 0.421759 0.030990 0.076852
0 0.595182 0.420370 0.030990 0.076852
0 0.621224 0.415741 0.030990 0.076852
0 0.646224 0.413426 0.035156 0.076852
0 0.669922 0.408333 0.035156 0.076852
0 0.694922 0.405556 0.035156 0.076852
0 0.718620 0.401389 0.037240 0.075926
0 0.745443 0.399074 0.037240 0.075926
0 0.767839 0.396759 0.037240 0.075926
0 0.241016 0.536574 0.034115 0.085185
0 0.267578 0.531481 0.034115 0.085185
0 0.294661 0.532407 0.034115 0.085185
0 0.320182 0.525463 0.030990 0.085185
0 0.346224 0.524074 0.033073 0.085185
0 0.373047 0.519907 0.033073 0.085185
0 0.400260 0.515972 0.030208 0.083796
0 0.425000 0.515046 0.030208 0.083796
0 0.450521 0.510417 0.030208 0.083796
0 0.476302 0.508565 0.030208 0.083796
0 0.501042 0.505093 0.031771 0.082407
0 0.526563 0.501852 0.031771 0.082407
0 0.552083 0.497222 0.031771 0.082407
0 0.577083 0.495833 0.034375 0.082407
0 0.603385 0.493519 0.034375 0.082407
0 0.628125 0.488889 0.034375 0.082407
0 0.653646 0.484259 0.034375 0.082407
0 0.679948 0.483333 0.034375 0.082407
0 0.705208 0.477546 0.037500 0.081019
0 0.730469 0.475694 0.037500 0.081019
0 0.754948 0.472454 0.037500 0.081019
0 0.779948 0.470602 0.037500 0.081019
0 0.236589 0.619213 0.035156 0.091204
0 0.264714 0.614583 0.035156 0.091204
0 0.290755 0.611806 0.035156 0.091204
0 0.318099 0.608565 0.035156 0.091204
0 0.715885 0.557176 0.038542 0.085648
0 0.740104 0.554398 0.038542 0.085648
0 0.767708 0.550231 0.038542 0.085648
0 0.794010 0.546991 0.038542 0.085648
0 0.233073 0.706481 0.035417 0.097222
0 0.260937 0.703704 0.035417 0.097222
0 0.287500 0.701389 0.035417 0.097222
0 0.316146 0.694907 0.035417 0.097222
0 0.342708 0.693981 0.035417 0.097222
0 0.371745 0.688426 0.033073 0.097222
0 0.400130 0.685648 0.033073 0.097222
0 0.427474 0.680556 0.033073 0.097222
0 0.454297 0.675000 0.033073 0.097222
0 0.482422 0.672222 0.033073 0.097222
0 0.508594 0.669213 0.035417 0.093981
0 0.536458 0.664120 0.035417 0.093981
0 0.564323 0.660417 0.035417 0.093981
0 0.590495 0.657870 0.038281 0.093519
0 0.617057 0.654167 0.038281 0.093519
0 0.645443 0.651389 0.038281 0.093519
0 0.673047 0.649074 0.038281 0.093519
0 0.699870 0.644907 0.038281 0.093519
0 0.727344 0.640509 0.039583 0.092130
0 0.753776 0.637037 0.040365 0.091667
0 0.780599 0.634722 0.040365 0.091667
0 0.807292 0.628935 0.041667 0.090278
0 0.227344 0.800694 0.035417 0.102315
0 0.255729 0.797454 0.035417 0.102315
0 0.284115 0.792361 0.035417 0.102315
0 0.314323 0.788657 0.035417 0.102315
0 0.341927 0.784954 0.035417 0.102315
0 0.372135 0.779861 0.035417 0.102315
0 0.400000 0.775231 0.035417 0.102315
0 0.427604 0.771991 0.035417 0.102315
0 0.457813 0.766435 0.035417 0.102315
0 0.487500 0.763194 0.035417 0.102315
0 0.513281 0.759028 0.035417 0.102315
0 0.542578 0.754861 0.036198 0.101389
0 0.570833 0.751157 0.037500 0.100463
0 0.598958 0.748843 0.037500 0.100463
0 0.627083 0.745602 0.040104 0.100463
0 0.655469 0.742361 0.040104 0.100463
0 0.683073 0.738657 0.041667 0.099537
0 0.710938 0.734028 0.041667 0.099537
0 0.739583 0.730787 0.041667 0.099537
0 0.767708 0.726852 0.043229 0.098148
0 0.795443 0.722685 0.045052 0.099074
0 0.821745 0.718056 0.045052 0.099074
