0 0.193620 0.516898 0.055469 0.048611
0 0.192969 0.558333 0.055208 0.051852
0 0.192318 0.601620 0.056510 0.052315
0 0.190885 0.665046 0.056250 0.055093
0 0.189323 0.711806 0.057813 0.056944
0 0.189193 0.759259 0.058594 0.059259
0 0.246484 0.509028 0.055469 0.048611
0 0.247005 0.550463 0.054427 0.053704
0 0.246615 0.593056 0.055729 0.053704
0 0.246615 0.656481 0.055729 0.053704
0 0.246484 0.700926 0.056510 0.059259
0 0.247005 0.748611 0.056510 0.059259
0 0.297917 0.502315 0.053646 0.046296
0 0.298698 0.542593 0.053125 0.050000
0 0.299740 0.583333 0.052604 0.051852
0 0.300521 0.647917 0.054167 0.055093
0 0.301172 0.690509 0.055469 0.055093
0 0.302344 0.738194 0.055208 0.057870
0 0.358854 0.512500 0.051562 0.046296
0 0.360677 0.550694 0.052083 0.048611
0 0.362240 0.590278 0.051562 0.052778
0 0.364453 0.656481 0.052865 0.053704
0 0.365625 0.699074 0.052604 0.054630
0 0.367318 0.741898 0.054427 0.056019
0 0.407552 0.506019 0.051562 0.046296
0 0.407943 0.541435 0.051302 0.047685
0 0.410547 0.580093 0.051823 0.049074
0 0.414193 0.646065 0.052865 0.052315
0 0.415885 0.687963 0.052604 0.054630
0 0.419141 0.731250 0.053906 0.056019
0 0.453385 0.496759 0.051562 0.046296
0 0.455729 0.533796 0.051562 0.046296
0 0.458464 0.571759 0.051302 0.050000
0 0.462240 0.636343 0.052083 0.051389
0 0.465104 0.677315 0.053125 0.054630
0 0.469271 0.719907 0.054688 0.056481
0 0.497786 0.488194 0.049219 0.048611
0 0.501042 0.527315 0.051562 0.046296
0 0.504557 0.562037 0.050781 0.050926
0 0.509766 0.627315 0.050781 0.050926
0 0.514583 0.666898 0.052604 0.052315
0 0.518490 0.709954 0.052604 0.052315
0 0.543229 0.480787 0.051042 0.045833
0 0.547526 0.517824 0.050781 0.047685
0 0.550651 0.554398 0.050781 0.047685
0 0.557292 0.618519 0.051562 0.049074
0 0.561849 0.659028 0.052344 0.051389
0 0.566146 0.700694 0.053646 0.053241
0 0.585938 0.473611 0.050000 0.044444
0 0.590495 0.509491 0.049219 0.045833
0 0.596224 0.546759 0.050781 0.047222
0 0.603646 0.609722 0.052083 0.049074
0 0.608724 0.650231 0.055469 0.051389
0 0.614193 0.690741 0.054427 0.050926
0 0.633073 0.465741 0.050000 0.044444
0 0.635677 0.501389 0.049479 0.045370
0 0.641016 0.538426 0.050781 0.047222
0 0.650000 0.600926 0.051562 0.048148
0 0.655990 0.641204 0.052083 0.050926
0 0.661719 0.681019 0.053646 0.051852
0 0.685156 0.516667 0.049479 0.045370
0 0.690495 0.555093 0.050781 0.048148
0 0.695703 0.592824 0.052344 0.047685
0 0.702604 0.631481 0.053125 0.049074
0 0.708203 0.671759 0.053385 0.050926
0 0.734635 0.547454 0.049479 0.046759
0 0.740234 0.585185 0.050781 0.048148
0 0.747656 0.622917 0.052083 0.049537
0 0.754427 0.662731 0.052083 0.049537
