0 0.132812 0.315046 0.048958 0.083796
0 0.167839 0.309722 0.045573 0.084259
0 0.200911 0.302778 0.044010 0.085185
0 0.234896 0.295139 0.043750 0.082870
0 0.267318 0.287731 0.040365 0.080093
0 0.300260 0.286574 0.035937 0.082407
0 0.334115 0.278009 0.035937 0.079167
0 0.367188 0.272454 0.035417 0.076389
0 0.399870 0.266435 0.038281 0.077315
0 0.431120 0.262269 0.038281 0.077315
0 0.464062 0.256250 0.040104 0.081944
0 0.494792 0.252546 0.040104 0.081944
0 0.526823 0.247454 0.040104 0.081944
0 0.559115 0.239120 0.044792 0.078241
0 0.589583 0.231713 0.044792 0.078241
0 0.620703 0.226620 0.047656 0.080093
0 0.651693 0.221991 0.047656 0.080093
0 0.682813 0.218287 0.047917 0.075463
0 0.714063 0.210185 0.051042 0.073148
0 0.745052 0.207639 0.052604 0.072685
0 0.774740 0.200694 0.052604 0.072685
0 0.805078 0.195833 0.055469 0.070370
0 0.119922 0.394213 0.051823 0.093056
0 0.106771 0.484028 0.056771 0.105093
0 0.089193 0.580556 0.061198 0.116667
0 0.070703 0.695602 0.062760 0.131019
0 0.157161 0.386343 0.049740 0.095833
0 0.145443 0.474074 0.055469 0.105556
0 0.130990 0.573380 0.058854 0.117130
0 0.114323 0.687500 0.061979 0.135185
0 0.193229 0.379167 0.044792 0.095370
0 0.182682 0.467593 0.050260 0.103704
0 0.171094 0.564583 0.056250 0.115278
0 0.157422 0.677546 0.060156 0.133796
0 0.227083 0.371296 0.044271 0.092593
0 0.220833 0.460648 0.045833 0.104630
0 0.210417 0.557639 0.053646 0.115278
0 0.200000 0.668056 0.055208 0.131481
0 0.263672 0.358796 0.041406 0.088889
0 0.250000 0.548380 0.047917 0.117130
0 0.243490 0.656713 0.052083 0.127315
0 0.297526 0.359954 0.040365 0.093056
0 0.289453 0.531019 0.045573 0.115741
0 0.285417 0.647222 0.048958 0.127778
0 0.332943 0.352083 0.037760 0.092130
0 0.328776 0.529861 0.042969 0.113426
0 0.327734 0.636574 0.044010 0.127778
0 0.368490 0.340509 0.036979 0.086574
0 0.370312 0.528935 0.039583 0.108796
0 0.368880 0.625000 0.045573 0.127778
0 0.401693 0.341898 0.038802 0.086574
0 0.408854 0.514352 0.042188 0.106481
0 0.411719 0.620370 0.045312 0.128704
0 0.435937 0.336111 0.042188 0.087037
0 0.447005 0.506481 0.047656 0.109259
0 0.451823 0.611343 0.050521 0.123611
0 0.470052 0.329630 0.042188 0.085185
0 0.484245 0.499769 0.047656 0.104167
0 0.492318 0.603241 0.052865 0.121296
0 0.502865 0.323148 0.043750 0.086111
0 0.522005 0.492824 0.051823 0.106019
0 0.532292 0.596065 0.055729 0.120833
0 0.536068 0.315046 0.042969 0.083796
0 0.559115 0.486343 0.051042 0.104167
0 0.573177 0.589583 0.055729 0.118056
0 0.569922 0.307639 0.048177 0.083796
0 0.597005 0.480324 0.057031 0.103241
0 0.612240 0.582176 0.061458 0.120833
0 0.602865 0.303704 0.048958 0.083333
0 0.635026 0.474769 0.057552 0.105093
0 0.650391 0.570833 0.067448 0.119444
0 0.635938 0.298611 0.051042 0.082407
0 0.671094 0.464815 0.060417 0.106481
0 0.691667 0.567824 0.065104 0.121759
0 0.668620 0.291898 0.051823 0.081944
0 0.707031 0.458333 0.061979 0.100926
0 0.731901 0.558796 0.065365 0.115741
0 0.701953 0.283565 0.050781 0.082870
0 0.745443 0.451157 0.061719 0.098611
0 0.769922 0.552083 0.068490 0.118056
0 0.733073 0.280787 0.052604 0.081019
0 0.757682 0.356944 0.059635 0.092593
0 0.782292 0.444907 0.065104 0.105556
0 0.810286 0.543287 0.071094 0.111574
0 0.922656 0.520370 0.077604 0.112037
0 0.766016 0.274537 0.058594 0.079630
0 0.790365 0.348611 0.061458 0.088889
0 0.817057 0.435648 0.066927 0.099074
0 0.848437 0.534722 0.072917 0.115741
0 0.798568 0.269444 0.058594 0.078704
0 0.824479 0.345602 0.063542 0.086574
0 0.853385 0.428935 0.068229 0.098611
0 0.882422 0.529630 0.079427 0.107407
0 0.829688 0.263889 0.059896 0.078704
0 0.858203 0.338194 0.063802 0.088426
0 0.889062 0.423611 0.069271 0.096296
