0 0.320573 0.312500 0.030208 0.064815
0 0.350000 0.311574 0.030208 0.064815
0 0.377865 0.306481 0.030208 0.064815
0 0.406901 0.302083 0.029948 0.065278
0 0.433984 0.298380 0.029948 0.065278
0 0.461458 0.294676 0.032813 0.063426
0 0.486979 0.289583 0.032813 0.063426
0 0.514844 0.285880 0.032813 0.063426
0 0.541406 0.283565 0.032813 0.063426
0 0.318880 0.381019 0.032552 0.073148
0 0.350911 0.376157 0.033073 0.075463
0 0.380078 0.372222 0.031510 0.075926
0 0.408464 0.369444 0.031510 0.075926
0 0.437630 0.363889 0.033073 0.070370
0 0.466276 0.360185 0.033073 0.070370
0 0.494141 0.356019 0.033073 0.070370
0 0.522526 0.350926 0.033073 0.070370
0 0.551042 0.347222 0.035417 0.068519
0 0.423568 0.488426 0.062760 0.050926
0 0.424349 0.529630 0.062760 0.050926
0 0.428776 0.572685 0.062760 0.050926
0 0.431771 0.617824 0.068229 0.056944
0 0.434635 0.666435 0.068229 0.056944
0 0.438151 0.718287 0.069531 0.069907
0 0.442448 0.773148 0.070312 0.069444
0 0.445312 0.829167 0.076042 0.075926
0 0.497656 0.478009 0.063542 0.050463
0 0.503125 0.516898 0.063542 0.050463
0 0.508724 0.557870 0.063802 0.056481
0 0.514453 0.600000 0.063802 0.056481
0 0.519792 0.647454 0.068229 0.058796
0 0.526302 0.697222 0.067708 0.063889
0 0.531901 0.751157 0.075260 0.067130
0 0.538802 0.809028 0.077604 0.075463
