0 0.352865 0.148611 0.019792 0.057407
0 0.371354 0.147222 0.019792 0.057407
0 0.389062 0.144444 0.019792 0.057407
0 0.415104 0.141204 0.019792 0.057407
0 0.432812 0.140741 0.019792 0.057407
0 0.450781 0.138426 0.019792 0.057407
0 0.354167 0.204167 0.019792 0.057407
0 0.372917 0.202315 0.021354 0.057407
0 0.390885 0.199306 0.021875 0.057870
0 0.417448 0.196065 0.021875 0.057870
0 0.434635 0.193750 0.021875 0.057870
0 0.452344 0.191435 0.021875 0.057870
0 0.356120 0.260648 0.019531 0.059259
0 0.373568 0.257870 0.020573 0.060185
0 0.392578 0.255556 0.020573 0.060185
0 0.418099 0.252315 0.022135 0.060185
0 0.437500 0.250926 0.021875 0.060185
0 0.454948 0.248611 0.021875 0.060185
0 0.360026 0.344907 0.019531 0.061111
0 0.378385 0.343056 0.021354 0.061111
0 0.396615 0.340278 0.021354 0.061111
0 0.426042 0.336574 0.021354 0.061111
0 0.442708 0.335648 0.021354 0.061111
0 0.461328 0.332176 0.020052 0.058796
0 0.361328 0.401852 0.020052 0.062037
0 0.379818 0.400926 0.021094 0.063889
0 0.397917 0.397454 0.021354 0.061574
0 0.427604 0.395139 0.020313 0.063426
0 0.446354 0.392824 0.020313 0.063426
0 0.463802 0.389120 0.021354 0.061574
0 0.362109 0.460648 0.022656 0.064815
0 0.381380 0.458796 0.021094 0.063889
0 0.398828 0.456019 0.021094 0.063889
0 0.430599 0.452778 0.021094 0.063889
0 0.448307 0.451389 0.021094 0.063889
0 0.466536 0.446991 0.022135 0.062500
0 0.364063 0.521759 0.021354 0.063889
0 0.383073 0.519213 0.021875 0.067130
0 0.401302 0.516435 0.021875 0.067130
0 0.432292 0.512731 0.021875 0.067130
0 0.450521 0.511806 0.021875 0.067130
0 0.468880 0.507870 0.022135 0.065741
0 0.364583 0.583796 0.022917 0.067593
0 0.385417 0.582639 0.023438 0.068981
0 0.403646 0.578472 0.023438 0.068981
0 0.434896 0.575231 0.021875 0.068981
0 0.453646 0.571528 0.023958 0.068056
0 0.472266 0.569444 0.023177 0.066667
0 0.365234 0.649306 0.023698 0.069907
0 0.385807 0.646991 0.023698 0.069907
0 0.404818 0.642824 0.022135 0.069907
0 0.437109 0.638426 0.023177 0.070370
0 0.455859 0.635648 0.024219 0.069444
0 0.475781 0.633333 0.021875 0.069444
0 0.366406 0.715509 0.023438 0.070833
0 0.387109 0.713194 0.022656 0.071759
0 0.405599 0.710185 0.021615 0.073148
0 0.439193 0.704861 0.023177 0.072685
0 0.458464 0.702546 0.023177 0.072685
0 0.477734 0.701157 0.023177 0.072685
0 0.368099 0.786574 0.023698 0.077778
0 0.388411 0.784722 0.022135 0.076852
0 0.407161 0.781019 0.022135 0.076852
0 0.429167 0.778935 0.024479 0.076389
0 0.448568 0.775000 0.023177 0.076852
0 0.368229 0.858102 0.023958 0.079167
0 0.389323 0.857176 0.023958 0.079167
0 0.409505 0.852315 0.023177 0.075926
0 0.429948 0.850231 0.023438 0.079167
