0 0.533464 0.156481 0.022656 0.045370
0 0.552214 0.154861 0.023698 0.046759
0 0.570573 0.153935 0.025521 0.046759
0 0.589844 0.152546 0.025521 0.046759
0 0.516276 0.201620 0.023177 0.047685
0 0.535807 0.200694 0.023177 0.047685
0 0.555469 0.199769 0.025000 0.049537
0 0.574479 0.197917 0.025000 0.049537
0 0.594010 0.196528 0.025000 0.048611
0 0.486589 0.252315 0.023698 0.050926
0 0.506901 0.251157 0.024219 0.051389
0 0.526432 0.249769 0.024219 0.051389
0 0.559375 0.246065 0.026042 0.051389
0 0.580078 0.244907 0.025781 0.052778
0 0.600260 0.243519 0.026562 0.051852
0 0.488932 0.303472 0.023698 0.054167
0 0.509635 0.302083 0.023958 0.056019
0 0.529687 0.300694 0.023958 0.056019
0 0.563672 0.297222 0.026823 0.055556
0 0.584896 0.295602 0.026042 0.055093
0 0.605208 0.293750 0.026042 0.055093
0 0.491276 0.356944 0.025260 0.057407
0 0.512370 0.355093 0.025260 0.057407
0 0.533724 0.353704 0.025260 0.057407
0 0.569141 0.349537 0.025260 0.057407
0 0.590104 0.347222 0.026562 0.057407
0 0.611328 0.345602 0.028385 0.057870
0 0.494010 0.412963 0.026042 0.060185
0 0.516146 0.411111 0.026042 0.060185
0 0.537760 0.409259 0.026042 0.060185
0 0.574349 0.406019 0.027344 0.061111
0 0.595703 0.404398 0.028906 0.059722
0 0.617578 0.401620 0.028906 0.059722
0 0.496745 0.472917 0.026302 0.062500
0 0.519141 0.470139 0.026302 0.062500
0 0.541536 0.468287 0.027344 0.064352
0 0.579427 0.465509 0.028646 0.065278
0 0.601042 0.463657 0.028646 0.065278
0 0.624870 0.461806 0.030469 0.065278
0 0.499089 0.536806 0.027865 0.068981
0 0.523047 0.534491 0.027865 0.068981
0 0.545964 0.532639 0.027865 0.068981
0 0.585156 0.530093 0.030208 0.070370
0 0.608203 0.527083 0.032552 0.070833
0 0.632682 0.525000 0.033073 0.069444
0 0.502734 0.598380 0.028906 0.059722
0 0.526953 0.594907 0.028385 0.057407
0 0.550391 0.592130 0.028385 0.057407
0 0.590495 0.589120 0.029948 0.057870
0 0.614714 0.586343 0.029948 0.057870
0 0.639193 0.584722 0.031510 0.057407
0 0.509635 0.662963 0.030729 0.081481
0 0.536328 0.661111 0.032552 0.082407
0 0.562760 0.657870 0.034375 0.082407
0 0.601562 0.654630 0.034375 0.082407
0 0.628125 0.651852 0.036979 0.081481
0 0.655208 0.650000 0.036979 0.081481
0 0.513542 0.746991 0.032813 0.090278
0 0.542057 0.743287 0.034635 0.091204
0 0.569141 0.742824 0.034635 0.091204
0 0.610156 0.737731 0.036458 0.090278
0 0.637630 0.735648 0.039323 0.089815
0 0.665755 0.733796 0.038281 0.090741
0 0.517839 0.839583 0.034115 0.099537
0 0.547005 0.836343 0.036719 0.099537
0 0.576432 0.834028 0.036719 0.099537
0 0.618880 0.829167 0.038802 0.100000
0 0.647786 0.826620 0.039844 0.097685
0 0.677474 0.823843 0.039844 0.097685
