0 0.177734 0.167130 0.010156 0.025926
0 0.185807 0.165741 0.010156 0.025926
0 0.193880 0.163426 0.010156 0.025926
0 0.201172 0.161574 0.010156 0.025926
0 0.208984 0.160185 0.010156 0.025926
0 0.217057 0.157870 0.010156 0.025926
0 0.224870 0.156019 0.010156 0.025926
0 0.232682 0.154167 0.010156 0.025926
0 0.240755 0.152315 0.010156 0.025926
0 0.248307 0.150463 0.010156 0.025926
0 0.256380 0.148611 0.010156 0.025926
0 0.264453 0.146296 0.010156 0.025926
0 0.272266 0.144444 0.010156 0.025926
0 0.280339 0.142593 0.010156 0.025926
0 0.288151 0.140278 0.010156 0.025926
0 0.296484 0.138426 0.010156 0.025926
0 0.304557 0.137500 0.010156 0.025926
0 0.312109 0.135185 0.010156 0.025926
0 0.320182 0.133333 0.010156 0.025926
0 0.328516 0.131944 0.010156 0.025926
0 0.336328 0.129167 0.010156 0.025926
0 0.344661 0.127778 0.010156 0.025926
0 0.352734 0.126389 0.010156 0.025926
0 0.361328 0.124074 0.010156 0.025926
0 0.369401 0.121759 0.010156 0.025926
0 0.377214 0.119444 0.010156 0.025926
0 0.376432 0.149537 0.010156 0.025926
0 0.368620 0.151852 0.010156 0.025926
0 0.360026 0.153704 0.010156 0.025926
0 0.351432 0.155556 0.010156 0.025926
0 0.343880 0.157407 0.010156 0.025926
0 0.335286 0.158796 0.010156 0.025926
0 0.326953 0.161111 0.010156 0.025926
0 0.319141 0.162963 0.010156 0.025926
0 0.310807 0.164815 0.010156 0.025926
0 0.302214 0.166667 0.010156 0.025926
0 0.294922 0.168056 0.010156 0.025926
0 0.286849 0.169907 0.010156 0.025926
0 0.278255 0.172222 0.010156 0.025926
0 0.270443 0.173611 0.010156 0.025926
0 0.262370 0.175000 0.010156 0.025926
0 0.254297 0.177315 0.010156 0.025926
0 0.246484 0.178704 0.010156 0.025926
0 0.238151 0.180093 0.010156 0.025926
0 0.230339 0.182407 0.010156 0.025926
0 0.222786 0.183796 0.010156 0.025926
0 0.215234 0.185185 0.010156 0.025926
0 0.206380 0.187037 0.010156 0.025926
0 0.199089 0.188426 0.010156 0.025926
0 0.191016 0.190278 0.010156 0.025926
0 0.175651 0.193519 0.010156 0.025926
0 0.182682 0.191204 0.010156 0.025926
0 0.173047 0.218519 0.010156 0.025926
0 0.181380 0.215741 0.010156 0.025926
0 0.188932 0.214352 0.010156 0.025926
0 0.196745 0.213889 0.010156 0.025926
0 0.205339 0.211574 0.010156 0.025926
0 0.212370 0.209722 0.010156 0.025926
0 0.220443 0.208796 0.010156 0.025926
0 0.228516 0.206944 0.010156 0.025926
0 0.236589 0.205093 0.010156 0.025926
0 0.244401 0.203704 0.010156 0.025926
0 0.252474 0.201852 0.010156 0.025926
0 0.260547 0.200000 0.010156 0.025926
0 0.268880 0.198611 0.010156 0.025926
0 0.276693 0.197222 0.010156 0.025926
0 0.285286 0.194907 0.010156 0.025926
0 0.293099 0.193056 0.010156 0.025926
0 0.301432 0.191667 0.010156 0.025926
0 0.310026 0.189815 0.010156 0.025926
0 0.317839 0.187500 0.010156 0.025926
0 0.325911 0.186111 0.010156 0.025926
0 0.334505 0.184259 0.010156 0.025926
0 0.342318 0.181944 0.010156 0.025926
0 0.350651 0.180556 0.010156 0.025926
0 0.358984 0.178704 0.010156 0.025926
0 0.367839 0.176852 0.010156 0.025926
0 0.375781 0.175231 0.009896 0.026389
0 0.351823 0.209259 0.009896 0.026852
0 0.343490 0.211111 0.009896 0.026852
0 0.335156 0.213426 0.009896 0.026852
0 0.327083 0.215278 0.009896 0.026852
0 0.318229 0.216667 0.009896 0.026852
0 0.310417 0.218519 0.009896 0.026852
0 0.301563 0.219907 0.009896 0.026852
0 0.294010 0.221759 0.009896 0.026852
0 0.286198 0.223611 0.009896 0.026852
0 0.277344 0.225000 0.009896 0.026852
0 0.269010 0.226852 0.009896 0.026852
0 0.260937 0.228241 0.009896 0.026852
0 0.252604 0.230093 0.009896 0.026852
0 0.244531 0.231481 0.009896 0.026852
0 0.236979 0.233796 0.009896 0.026852
0 0.228385 0.234722 0.009896 0.026852
0 0.220312 0.237037 0.009896 0.026852
0 0.212240 0.238426 0.009896 0.026852
0 0.204167 0.240741 0.009896 0.026852
0 0.196354 0.242130 0.009896 0.026852
0 0.188281 0.243981 0.009896 0.026852
0 0.180469 0.245370 0.009896 0.026852
0 0.172656 0.246759 0.009896 0.026852
0 0.164323 0.248611 0.009896 0.026852
0 0.162240 0.273611 0.009896 0.026852
0 0.170313 0.272222 0.009896 0.026852
0 0.177865 0.271296 0.009896 0.026852
0 0.185938 0.269444 0.009896 0.026852
0 0.194271 0.267593 0.009896 0.026852
0 0.202344 0.265741 0.009896 0.026852
0 0.210156 0.264352 0.009896 0.026852
0 0.218490 0.262500 0.009896 0.026852
0 0.226562 0.260648 0.009896 0.026852
0 0.234635 0.259722 0.009896 0.026852
0 0.242708 0.258333 0.009896 0.026852
0 0.251302 0.255556 0.009896 0.026852
0 0.259375 0.254630 0.009896 0.026852
0 0.267969 0.252778 0.009896 0.026852
0 0.275781 0.250463 0.009896 0.026852
0 0.284375 0.248611 0.009896 0.026852
0 0.292187 0.247222 0.009896 0.026852
0 0.300521 0.245833 0.009896 0.026852
0 0.308854 0.243981 0.009896 0.026852
0 0.317448 0.242593 0.009896 0.026852
0 0.325781 0.240741 0.009896 0.026852
0 0.334375 0.238426 0.009896 0.026852
0 0.342708 0.237500 0.009896 0.026852
0 0.351172 0.235648 0.009635 0.027778
0 0.350521 0.266898 0.009896 0.028241
0 0.341667 0.268750 0.009896 0.028241
0 0.333073 0.270602 0.009896 0.028241
0 0.324479 0.272454 0.009896 0.028241
0 0.316146 0.273843 0.009896 0.028241
0 0.307812 0.275694 0.009896 0.028241
0 0.298958 0.277546 0.009896 0.028241
0 0.290365 0.278472 0.009896 0.028241
0 0.282031 0.279861 0.009896 0.028241
0 0.273698 0.282176 0.009896 0.028241
0 0.265625 0.283102 0.009896 0.028241
0 0.257031 0.285417 0.009896 0.028241
0 0.248958 0.286806 0.009896 0.028241
0 0.240365 0.288194 0.009896 0.028241
0 0.216146 0.292824 0.009896 0.028241
0 0.207813 0.295139 0.009896 0.028241
0 0.199479 0.296991 0.009896 0.028241
0 0.191406 0.298843 0.009896 0.028241
0 0.183594 0.299769 0.009896 0.028241
0 0.175260 0.301389 0.010417 0.027778
0 0.167448 0.302315 0.010417 0.027778
0 0.158854 0.304167 0.010417 0.027778
0 0.156510 0.330556 0.010417 0.027778
0 0.164583 0.329167 0.010417 0.027778
0 0.173177 0.328241 0.010417 0.027778
0 0.180729 0.326852 0.010417 0.027778
0 0.189583 0.325463 0.010417 0.027778
0 0.197396 0.323611 0.010417 0.027778
0 0.205990 0.321759 0.010417 0.027778
0 0.214323 0.320370 0.010417 0.027778
0 0.222135 0.318981 0.010417 0.027778
0 0.230729 0.317130 0.010417 0.027778
0 0.239063 0.315278 0.010417 0.027778
0 0.246875 0.314352 0.010417 0.027778
0 0.255729 0.312037 0.010417 0.027778
0 0.264062 0.310648 0.010417 0.027778
0 0.272396 0.309259 0.010417 0.027778
0 0.280729 0.306944 0.010417 0.027778
0 0.289323 0.305556 0.010417 0.027778
0 0.297917 0.304167 0.010417 0.027778
0 0.306250 0.302778 0.010417 0.027778
0 0.315104 0.300926 0.010417 0.027778
0 0.323698 0.299537 0.010417 0.027778
0 0.332031 0.297685 0.010417 0.027778
0 0.340625 0.296296 0.010417 0.027778
0 0.349349 0.293981 0.010677 0.029630
0 0.348828 0.323148 0.010677 0.029630
0 0.339974 0.324074 0.010677 0.029630
0 0.330599 0.325926 0.010677 0.029630
0 0.322266 0.326852 0.010677 0.029630
0 0.313411 0.328241 0.010677 0.029630
0 0.304557 0.330556 0.010677 0.029630
0 0.296484 0.331019 0.010677 0.029630
0 0.288151 0.333333 0.010677 0.029630
0 0.279297 0.334722 0.010677 0.029630
0 0.270703 0.336111 0.010677 0.029630
0 0.262370 0.337500 0.010677 0.029630
0 0.253776 0.338889 0.010677 0.029630
0 0.245703 0.340278 0.010677 0.029630
0 0.237109 0.342130 0.010677 0.029630
0 0.228776 0.343981 0.010677 0.029630
0 0.220182 0.345370 0.010677 0.029630
0 0.211849 0.347222 0.010677 0.029630
0 0.203776 0.349074 0.010677 0.029630
0 0.195443 0.350463 0.010677 0.029630
0 0.186849 0.351852 0.010677 0.029630
0 0.178776 0.353241 0.010677 0.029630
0 0.170443 0.354630 0.010677 0.029630
0 0.162109 0.356481 0.010677 0.029630
0 0.154036 0.357870 0.010677 0.029630
0 0.361979 0.259954 0.009896 0.028241
0 0.370573 0.258102 0.009896 0.028241
0 0.382552 0.258102 0.009896 0.028241
0 0.391406 0.259028 0.009896 0.028241
0 0.390495 0.287731 0.009635 0.029167
0 0.381380 0.287269 0.009635 0.029167
0 0.369661 0.287269 0.009635 0.029167
0 0.361328 0.289120 0.009635 0.029167
0 0.359505 0.321065 0.009635 0.029167
0 0.368620 0.319676 0.009635 0.029167
0 0.380859 0.319676 0.009635 0.029167
0 0.389974 0.320602 0.009635 0.029167
0 0.389714 0.352083 0.009635 0.029167
0 0.379818 0.350694 0.009635 0.029167
0 0.368099 0.351157 0.009635 0.029167
0 0.358984 0.351620 0.009635 0.029167
0 0.357812 0.385648 0.009896 0.030556
0 0.366667 0.384722 0.009896 0.030556
0 0.378646 0.384722 0.009896 0.030556
0 0.388281 0.385648 0.009896 0.030556
0 0.387500 0.417130 0.009896 0.030556
0 0.378125 0.416204 0.009896 0.030556
0 0.365885 0.417130 0.009896 0.030556
0 0.356771 0.418519 0.009896 0.030556
0 0.355208 0.453704 0.009896 0.030556
0 0.364453 0.452083 0.010156 0.031019
0 0.376823 0.451852 0.009896 0.030556
0 0.386719 0.452315 0.009896 0.030556
0 0.385677 0.482870 0.009896 0.030556
0 0.376042 0.482407 0.009896 0.030556
0 0.363802 0.482407 0.009896 0.030556
0 0.353646 0.484028 0.010937 0.031944
0 0.352604 0.520602 0.010937 0.031944
0 0.361979 0.519213 0.010937 0.031944
0 0.375000 0.519213 0.010937 0.031944
0 0.384115 0.519213 0.010937 0.031944
0 0.383594 0.555324 0.010937 0.031944
0 0.373177 0.553935 0.010937 0.031944
0 0.361328 0.555324 0.011198 0.033796
0 0.351432 0.556250 0.011198 0.033796
0 0.350130 0.592824 0.011198 0.033796
0 0.359505 0.591435 0.011198 0.033796
0 0.373568 0.592361 0.011198 0.033796
0 0.372786 0.627546 0.011198 0.033796
0 0.358333 0.628704 0.011458 0.035185
0 0.347917 0.630556 0.011458 0.035185
0 0.347005 0.669444 0.011719 0.036111
0 0.356380 0.667593 0.011719 0.036111
0 0.371224 0.666667 0.011719 0.036111
0 0.347526 0.360185 0.010677 0.029630
0 0.338411 0.361574 0.010677 0.029630
0 0.329297 0.362963 0.010677 0.029630
0 0.320964 0.364352 0.010677 0.029630
0 0.311849 0.365278 0.010677 0.029630
0 0.303516 0.367130 0.010677 0.029630
0 0.294661 0.368519 0.010677 0.029630
0 0.285807 0.370370 0.010677 0.029630
0 0.277214 0.372685 0.010677 0.029630
0 0.268620 0.372685 0.010677 0.029630
0 0.260286 0.374074 0.010677 0.029630
0 0.251432 0.376389 0.010677 0.029630
0 0.243099 0.377315 0.010677 0.029630
0 0.234505 0.378704 0.010677 0.029630
0 0.200911 0.385648 0.010677 0.029630
0 0.192578 0.387037 0.010677 0.029630
0 0.183984 0.388889 0.010677 0.029630
0 0.175391 0.389815 0.010677 0.029630
0 0.167578 0.391667 0.010677 0.029630
0 0.158984 0.391667 0.010677 0.029630
0 0.150911 0.393519 0.010677 0.029630
0 0.142578 0.395370 0.010677 0.029630
0 0.133724 0.397222 0.010677 0.029630
0 0.123047 0.400694 0.011719 0.030093
0 0.115234 0.402083 0.011719 0.030093
0 0.106120 0.403009 0.011719 0.030093
0 0.102995 0.432639 0.011719 0.030093
0 0.111589 0.431713 0.011719 0.030093
0 0.120443 0.429861 0.012240 0.031944
0 0.131510 0.426157 0.010937 0.029167
0 0.139323 0.424306 0.010937 0.029167
0 0.147917 0.423380 0.010937 0.029167
0 0.155990 0.421991 0.010937 0.029167
0 0.164583 0.420602 0.010937 0.029167
0 0.173177 0.419213 0.010937 0.029167
0 0.181250 0.417361 0.010937 0.029167
0 0.189583 0.416435 0.010937 0.029167
0 0.198437 0.414583 0.010937 0.029167
0 0.194922 0.454630 0.011198 0.029630
0 0.186328 0.456019 0.011198 0.029630
0 0.177734 0.457407 0.011198 0.029630
0 0.169661 0.458796 0.011198 0.029630
0 0.160807 0.460185 0.011198 0.029630
0 0.152474 0.461574 0.011198 0.029630
0 0.143880 0.462963 0.011198 0.029630
0 0.135286 0.464352 0.011198 0.029630
0 0.127214 0.465278 0.011198 0.029630
0 0.116406 0.466898 0.011458 0.031019
0 0.107813 0.468750 0.011458 0.031019
0 0.098958 0.469213 0.011458 0.031019
0 0.095443 0.500694 0.011719 0.031944
0 0.104557 0.498843 0.011719 0.031944
0 0.113411 0.497454 0.011719 0.031944
0 0.124089 0.494213 0.011719 0.031944
0 0.132682 0.493287 0.011719 0.031944
0 0.141016 0.491898 0.011719 0.031944
0 0.149349 0.490509 0.011719 0.031944
0 0.157943 0.489120 0.011719 0.031944
0 0.166797 0.487731 0.011719 0.031944
0 0.175130 0.485880 0.011719 0.031944
0 0.183464 0.484954 0.011719 0.031944
0 0.192578 0.484491 0.011719 0.031944
0 0.189714 0.518750 0.011719 0.031944
0 0.180599 0.520139 0.011719 0.031944
0 0.172266 0.522454 0.011719 0.031944
0 0.163672 0.523380 0.011719 0.031944
0 0.154818 0.524769 0.011719 0.031944
0 0.146224 0.526157 0.011719 0.031944
0 0.137370 0.527546 0.011719 0.031944
0 0.129036 0.528009 0.011719 0.031944
0 0.120182 0.530324 0.011719 0.031944
0 0.108984 0.532176 0.011719 0.031944
0 0.100651 0.533102 0.011719 0.031944
0 0.091797 0.534491 0.011719 0.031944
0 0.088151 0.566435 0.011719 0.031944
0 0.097266 0.565509 0.011719 0.031944
0 0.105599 0.564120 0.011719 0.031944
0 0.117578 0.559491 0.011719 0.031944
0 0.125391 0.559028 0.011719 0.031944
0 0.134505 0.557639 0.011719 0.031944
0 0.143099 0.555787 0.011719 0.031944
0 0.151953 0.554861 0.011719 0.031944
0 0.160286 0.553935 0.011719 0.031944
0 0.169401 0.552083 0.011719 0.031944
0 0.178255 0.550694 0.011719 0.031944
0 0.186849 0.549769 0.011719 0.031944
0 0.183984 0.585880 0.011719 0.031944
0 0.175130 0.587731 0.011719 0.031944
0 0.166276 0.588194 0.011719 0.031944
0 0.157161 0.590509 0.011719 0.031944
0 0.148568 0.591435 0.011719 0.031944
0 0.139714 0.592361 0.011719 0.031944
0 0.130859 0.593287 0.011719 0.031944
0 0.121745 0.594676 0.011719 0.031944
0 0.113672 0.595602 0.011719 0.031944
0 0.102474 0.596528 0.012760 0.033796
0 0.093359 0.598380 0.012760 0.033796
0 0.084766 0.598380 0.012760 0.033796
0 0.080859 0.631713 0.012760 0.033796
0 0.089974 0.631713 0.012760 0.033796
0 0.098568 0.629861 0.012760 0.033796
0 0.110547 0.627083 0.012760 0.033796
0 0.118359 0.626157 0.012760 0.033796
0 0.127214 0.624769 0.012760 0.033796
0 0.136589 0.624306 0.012760 0.033796
0 0.145182 0.623380 0.012760 0.033796
0 0.154557 0.621991 0.012760 0.033796
0 0.162891 0.620602 0.012760 0.033796
0 0.171745 0.619676 0.012760 0.033796
0 0.180599 0.618287 0.012760 0.033796
0 0.178255 0.650694 0.012760 0.033796
0 0.169401 0.651620 0.012760 0.033796
0 0.159766 0.652546 0.012760 0.033796
0 0.150651 0.654398 0.012760 0.033796
0 0.142318 0.655324 0.012760 0.033796
0 0.133203 0.656713 0.012760 0.033796
0 0.123828 0.657639 0.012760 0.033796
0 0.114974 0.659028 0.012760 0.033796
0 0.106641 0.660417 0.012760 0.033796
0 0.095443 0.663426 0.013281 0.035185
0 0.086068 0.665741 0.013281 0.035185
0 0.076693 0.666204 0.013281 0.035185
0 0.072786 0.700926 0.013281 0.035185
0 0.081641 0.700000 0.013281 0.035185
0 0.091797 0.698611 0.013281 0.035185
0 0.103255 0.692593 0.013281 0.035185
0 0.111849 0.691667 0.013281 0.035185
0 0.120964 0.690741 0.013281 0.035185
0 0.130078 0.688889 0.013281 0.035185
0 0.138932 0.688889 0.013281 0.035185
0 0.147786 0.687963 0.013281 0.035185
0 0.157943 0.685648 0.013281 0.035185
0 0.166276 0.685185 0.013281 0.035185
0 0.175651 0.684722 0.013281 0.035185
0 0.172266 0.723611 0.013281 0.035185
0 0.162891 0.724074 0.013281 0.035185
0 0.153516 0.725000 0.013281 0.035185
0 0.144661 0.726389 0.013281 0.035185
0 0.135547 0.727315 0.013281 0.035185
0 0.125911 0.728704 0.013281 0.035185
0 0.117578 0.729630 0.013281 0.035185
0 0.107943 0.730093 0.013281 0.035185
0 0.099089 0.731481 0.013281 0.035185
0 0.087630 0.733796 0.013281 0.035185
0 0.078516 0.735185 0.013281 0.035185
0 0.068880 0.736111 0.013281 0.035185
0 0.064844 0.771991 0.013542 0.036574
0 0.074219 0.771528 0.013542 0.036574
0 0.083333 0.770602 0.013542 0.036574
0 0.095573 0.765509 0.013542 0.036574
0 0.104167 0.764583 0.013542 0.036574
0 0.113542 0.764583 0.013542 0.036574
0 0.122917 0.761806 0.013542 0.036574
0 0.132031 0.761343 0.013542 0.036574
0 0.141406 0.760880 0.013542 0.036574
0 0.150781 0.759954 0.013542 0.036574
0 0.159635 0.758102 0.013542 0.036574
0 0.169010 0.758102 0.013542 0.036574
0 0.165885 0.799306 0.013542 0.036574
0 0.156771 0.801157 0.013542 0.036574
0 0.146875 0.801620 0.013542 0.036574
0 0.137500 0.802546 0.013542 0.036574
0 0.127865 0.803935 0.013542 0.036574
0 0.118750 0.803935 0.013542 0.036574
0 0.109375 0.805787 0.013542 0.036574
0 0.100260 0.806713 0.013542 0.036574
0 0.091146 0.808102 0.013542 0.036574
0 0.079687 0.807639 0.013542 0.036574
0 0.069792 0.808333 0.013542 0.037963
0 0.061198 0.808796 0.013542 0.037963
0 0.056510 0.845833 0.013542 0.037963
0 0.065885 0.845370 0.013542 0.037963
0 0.076042 0.844444 0.013542 0.037963
0 0.088151 0.842824 0.013281 0.037500
0 0.097005 0.841435 0.013281 0.037500
0 0.105859 0.841435 0.013281 0.037500
0 0.115495 0.840046 0.013281 0.037500
0 0.125130 0.839120 0.013281 0.037500
0 0.134245 0.838657 0.013281 0.037500
0 0.143880 0.837731 0.013281 0.037500
0 0.152995 0.836343 0.013281 0.037500
0 0.162891 0.835880 0.013281 0.037500
0 0.159766 0.879398 0.013281 0.037500
0 0.149870 0.880787 0.013281 0.037500
0 0.140234 0.881713 0.013281 0.037500
0 0.130599 0.882639 0.013281 0.037500
0 0.120703 0.883565 0.013281 0.037500
0 0.111068 0.884028 0.013281 0.037500
0 0.101432 0.884954 0.013281 0.037500
0 0.091797 0.885880 0.013281 0.037500
0 0.082943 0.886806 0.013281 0.037500
0 0.070964 0.889352 0.014323 0.037963
0 0.060807 0.889352 0.014323 0.037963
0 0.051432 0.890278 0.014323 0.037963
0 0.046354 0.929398 0.014583 0.039352
0 0.056250 0.928935 0.014583 0.039352
0 0.066406 0.927546 0.014583 0.039352
0 0.078125 0.924306 0.014583 0.039352
0 0.088281 0.922454 0.014583 0.039352
0 0.098177 0.921528 0.014583 0.039352
0 0.107031 0.921065 0.014583 0.039352
0 0.117448 0.920602 0.014063 0.038426
0 0.126823 0.919676 0.014063 0.038426
0 0.136198 0.918750 0.014063 0.038426
0 0.145833 0.918287 0.014063 0.038426
0 0.155469 0.917361 0.014063 0.038426
0 0.215104 0.412731 0.010937 0.029167
0 0.223438 0.411343 0.010937 0.029167
0 0.232292 0.409491 0.010937 0.029167
0 0.240885 0.408102 0.010937 0.029167
0 0.249219 0.406713 0.010937 0.029167
0 0.258333 0.404861 0.010937 0.029167
0 0.266667 0.403472 0.010937 0.029167
0 0.275781 0.402546 0.010937 0.029167
0 0.284115 0.401157 0.010937 0.029167
0 0.292708 0.399306 0.010937 0.029167
0 0.302083 0.397917 0.010937 0.029167
0 0.310937 0.396528 0.010937 0.029167
0 0.319531 0.394676 0.010937 0.029167
0 0.328646 0.393750 0.010937 0.029167
0 0.337500 0.391898 0.010937 0.029167
0 0.346354 0.390509 0.010937 0.029167
0 0.345052 0.430787 0.010937 0.029167
0 0.335938 0.432176 0.010937 0.029167
0 0.326953 0.434028 0.011198 0.030093
0 0.317839 0.434954 0.011198 0.030093
0 0.308724 0.436343 0.011198 0.030093
0 0.299870 0.438194 0.011198 0.030093
0 0.291016 0.439120 0.011198 0.030093
0 0.281641 0.440972 0.011198 0.030093
0 0.273047 0.442824 0.011198 0.030093
0 0.264453 0.443750 0.011198 0.030093
0 0.255599 0.445602 0.011198 0.030093
0 0.247266 0.446528 0.011198 0.030093
0 0.237891 0.447917 0.011198 0.030093
0 0.229297 0.448843 0.011198 0.030093
0 0.209766 0.482176 0.011198 0.030093
0 0.218620 0.479861 0.011198 0.030093
0 0.227734 0.478935 0.011198 0.030093
0 0.236589 0.477083 0.011198 0.030093
0 0.244922 0.475694 0.011198 0.030093
0 0.253776 0.474769 0.011198 0.030093
0 0.262630 0.473843 0.011198 0.030093
0 0.271224 0.471991 0.011198 0.030093
0 0.280859 0.470602 0.011198 0.030093
0 0.289453 0.469213 0.011198 0.030093
0 0.298307 0.467824 0.011198 0.030093
0 0.307682 0.466435 0.011198 0.030093
0 0.316536 0.465046 0.011198 0.030093
0 0.325391 0.464120 0.011198 0.030093
0 0.334766 0.462269 0.011198 0.030093
0 0.344401 0.460417 0.011198 0.030093
0 0.342839 0.496065 0.011198 0.030093
0 0.333724 0.497685 0.011198 0.032407
0 0.324349 0.498611 0.011198 0.032407
0 0.314453 0.500463 0.011198 0.032407
0 0.305339 0.501852 0.011198 0.032407
0 0.296745 0.502778 0.011198 0.032407
0 0.287109 0.504630 0.011198 0.032407
0 0.278776 0.505093 0.011198 0.032407
0 0.268880 0.506944 0.011198 0.032407
0 0.260807 0.508796 0.011198 0.032407
0 0.251432 0.510185 0.011198 0.032407
0 0.242318 0.511574 0.011198 0.032407
0 0.233724 0.512963 0.011198 0.032407
0 0.224870 0.513889 0.011198 0.032407
0 0.215495 0.515741 0.011198 0.032407
0 0.213411 0.546296 0.011198 0.032407
0 0.222266 0.544907 0.011198 0.032407
0 0.231380 0.543981 0.011198 0.032407
0 0.240755 0.542130 0.011198 0.032407
0 0.249609 0.541204 0.011198 0.032407
0 0.258203 0.539815 0.011198 0.032407
0 0.267578 0.537963 0.011198 0.032407
0 0.276432 0.536574 0.011198 0.032407
0 0.285807 0.535185 0.011198 0.032407
0 0.294922 0.534259 0.011198 0.032407
0 0.304036 0.532407 0.011198 0.032407
0 0.313672 0.531481 0.011198 0.032407
0 0.322526 0.530093 0.011198 0.032407
0 0.332422 0.527778 0.011198 0.032407
0 0.341797 0.526389 0.011198 0.032407
0 0.339453 0.562963 0.011198 0.032407
0 0.330339 0.564815 0.011198 0.032407
0 0.320964 0.566204 0.011198 0.032407
0 0.311589 0.568056 0.011198 0.032407
0 0.302474 0.569444 0.011198 0.032407
0 0.293099 0.570370 0.011198 0.032407
0 0.283984 0.571759 0.011198 0.032407
0 0.274870 0.573611 0.011198 0.032407
0 0.265495 0.574537 0.011198 0.032407
0 0.256380 0.575463 0.011198 0.032407
0 0.246745 0.577315 0.011198 0.032407
0 0.238151 0.579167 0.011198 0.032407
0 0.229036 0.579630 0.011198 0.032407
0 0.219922 0.581019 0.011198 0.032407
0 0.199609 0.615741 0.011198 0.032407
0 0.208464 0.614815 0.011198 0.032407
0 0.217578 0.612963 0.011198 0.032407
0 0.226693 0.612037 0.011198 0.032407
0 0.236328 0.610880 0.011198 0.033796
0 0.245182 0.609028 0.011198 0.033796
0 0.254557 0.608565 0.011198 0.033796
0 0.263411 0.607176 0.011198 0.033796
0 0.272786 0.605787 0.011198 0.033796
0 0.282161 0.604861 0.011198 0.033796
0 0.291536 0.603009 0.011198 0.033796
0 0.300651 0.601620 0.011198 0.033796
0 0.310807 0.600694 0.011198 0.033796
0 0.319661 0.598843 0.011198 0.033796
0 0.329297 0.597917 0.011198 0.033796
0 0.338672 0.596528 0.011198 0.033796
0 0.337370 0.628935 0.011198 0.033796
0 0.328255 0.630787 0.011198 0.033796
0 0.318359 0.631713 0.011198 0.033796
0 0.308464 0.633102 0.011198 0.033796
0 0.299349 0.634954 0.011198 0.033796
0 0.289453 0.636343 0.011198 0.033796
0 0.280599 0.637269 0.011198 0.033796
0 0.271224 0.638657 0.011198 0.033796
0 0.261849 0.639583 0.011198 0.033796
0 0.252214 0.640972 0.011198 0.033796
0 0.243099 0.642824 0.011198 0.033796
0 0.233724 0.643750 0.011198 0.033796
0 0.224609 0.644676 0.011198 0.033796
0 0.215234 0.646065 0.011198 0.033796
0 0.205859 0.646991 0.011198 0.033796
0 0.196745 0.648843 0.011198 0.033796
0 0.213151 0.680324 0.011198 0.033796
0 0.222526 0.678009 0.011198 0.033796
0 0.231641 0.677083 0.011198 0.033796
0 0.241016 0.675694 0.011198 0.033796
0 0.250651 0.674306 0.011198 0.033796
0 0.260026 0.673380 0.011198 0.033796
0 0.268880 0.671991 0.011198 0.033796
0 0.278776 0.670602 0.011198 0.033796
0 0.288151 0.669213 0.011198 0.033796
0 0.297786 0.668287 0.011198 0.033796
0 0.307422 0.666898 0.011198 0.033796
0 0.317318 0.665972 0.011198 0.033796
0 0.326953 0.664583 0.011198 0.033796
0 0.336328 0.662731 0.011198 0.033796
0 0.335026 0.704398 0.011198 0.036574
0 0.325130 0.705324 0.011198 0.036574
0 0.315234 0.706481 0.011198 0.036111
0 0.306120 0.707407 0.011198 0.036111
0 0.296224 0.709259 0.011198 0.036111
0 0.286328 0.710185 0.011198 0.036111
0 0.276432 0.711111 0.011198 0.036111
0 0.267057 0.712963 0.011198 0.036111
0 0.257682 0.713426 0.011198 0.036111
0 0.248047 0.715278 0.011198 0.036111
0 0.238151 0.715741 0.011198 0.036111
0 0.228776 0.716667 0.011198 0.036111
0 0.219401 0.718056 0.011198 0.036111
0 0.210286 0.719907 0.011198 0.036111
0 0.200911 0.720833 0.011198 0.036111
0 0.198307 0.755093 0.011198 0.036111
0 0.207682 0.754630 0.011198 0.036111
0 0.217578 0.753241 0.011198 0.036111
0 0.227214 0.752315 0.011198 0.036111
0 0.236589 0.750694 0.012240 0.036574
0 0.245964 0.749769 0.012240 0.036574
0 0.255599 0.748843 0.012240 0.036574
0 0.265234 0.747454 0.012240 0.036574
0 0.274870 0.746065 0.012240 0.036574
0 0.285026 0.745139 0.012240 0.036574
0 0.294661 0.744213 0.012240 0.036574
0 0.304557 0.742361 0.012240 0.036574
0 0.313672 0.741435 0.012240 0.036574
0 0.323828 0.740972 0.012240 0.036574
0 0.333203 0.739120 0.012240 0.036574
0 0.353385 0.777546 0.012500 0.039352
0 0.332031 0.783565 0.012500 0.039352
0 0.342708 0.778472 0.012500 0.039352
0 0.321875 0.783565 0.012500 0.039352
0 0.311719 0.784954 0.012500 0.039352
0 0.302083 0.786806 0.012500 0.039352
0 0.292187 0.787731 0.012500 0.039352
0 0.282292 0.789583 0.012500 0.039352
0 0.272917 0.789120 0.012500 0.039352
0 0.263021 0.790972 0.012500 0.039352
0 0.252865 0.791435 0.012500 0.039352
0 0.243229 0.791898 0.012500 0.039352
0 0.233854 0.792824 0.012500 0.039352
0 0.224479 0.794213 0.012500 0.039352
0 0.214062 0.795602 0.012500 0.039352
0 0.204948 0.796528 0.012500 0.039352
0 0.195312 0.796991 0.012500 0.039352
0 0.192188 0.832639 0.012500 0.039352
0 0.202083 0.832639 0.012500 0.039352
0 0.211979 0.831713 0.012500 0.039352
0 0.221354 0.829861 0.012500 0.039352
0 0.231250 0.829398 0.012500 0.039352
0 0.241667 0.828935 0.012500 0.039352
0 0.251302 0.828472 0.012500 0.039352
0 0.260937 0.826620 0.012500 0.039352
0 0.271094 0.826620 0.012500 0.039352
0 0.280729 0.825694 0.012500 0.039352
0 0.300260 0.822917 0.012500 0.039352
0 0.290104 0.824769 0.012500 0.039352
0 0.310937 0.821991 0.012500 0.039352
0 0.320833 0.821528 0.012500 0.039352
0 0.331250 0.819676 0.012500 0.039352
0 0.341667 0.817361 0.012500 0.039352
0 0.352344 0.816898 0.012500 0.039352
0 0.350521 0.862731 0.012500 0.041204
0 0.339062 0.862269 0.012500 0.041204
0 0.329167 0.865509 0.012500 0.041204
0 0.319010 0.865046 0.012500 0.041204
0 0.308594 0.865972 0.012500 0.041204
0 0.298177 0.867824 0.012500 0.041204
0 0.288021 0.867824 0.012500 0.041204
0 0.278385 0.868287 0.012500 0.041204
0 0.268229 0.869213 0.012500 0.041204
0 0.258333 0.870602 0.012500 0.041204
0 0.248438 0.871065 0.012500 0.041204
0 0.238802 0.872454 0.012500 0.041204
0 0.228646 0.873380 0.012500 0.041204
0 0.219010 0.873380 0.012500 0.041204
0 0.209635 0.874074 0.013542 0.039815
0 0.199219 0.874537 0.013542 0.039815
0 0.188542 0.875463 0.013542 0.039815
0 0.185938 0.914352 0.013542 0.039815
0 0.195833 0.912963 0.013542 0.039815
0 0.206250 0.912963 0.013542 0.039815
0 0.215885 0.912037 0.013542 0.039815
0 0.225521 0.911111 0.013542 0.039815
0 0.235937 0.911574 0.013542 0.039815
0 0.246354 0.910185 0.013542 0.039815
0 0.257031 0.909722 0.013542 0.039815
0 0.268229 0.908796 0.013542 0.039815
0 0.278516 0.908102 0.013802 0.040278
0 0.289193 0.906250 0.013802 0.040278
0 0.299609 0.906250 0.013802 0.040278
0 0.310807 0.906250 0.013802 0.040278
0 0.322005 0.904861 0.013802 0.040278
0 0.332422 0.904398 0.013802 0.040278
0 0.343099 0.903241 0.013281 0.041667
0 0.372266 0.882639 0.013281 0.041204
0 0.383724 0.882176 0.013281 0.041204
0 0.398047 0.882639 0.013281 0.041204
0 0.410026 0.883102 0.013281 0.041204
0 0.420703 0.882639 0.013281 0.041204
0 0.432943 0.883102 0.013281 0.041204
0 0.454557 0.883565 0.013281 0.041204
0 0.466276 0.883102 0.013281 0.041204
0 0.477214 0.883565 0.013281 0.041204
0 0.488151 0.883102 0.013281 0.041204
0 0.498568 0.883565 0.013281 0.041204
0 0.510286 0.884028 0.013281 0.041204
0 0.521224 0.884028 0.013281 0.041204
0 0.532161 0.884028 0.013281 0.041204
0 0.520964 0.844213 0.013281 0.041204
0 0.510286 0.844213 0.013281 0.041204
0 0.498828 0.844676 0.013281 0.041204
0 0.488151 0.844213 0.013281 0.041204
0 0.476953 0.844213 0.013281 0.041204
0 0.465755 0.843750 0.013281 0.041204
0 0.454818 0.843750 0.013281 0.041204
0 0.443359 0.843287 0.013281 0.041204
0 0.432682 0.843750 0.013281 0.041204
0 0.421484 0.843287 0.013281 0.041204
0 0.410026 0.843287 0.013281 0.041204
0 0.399349 0.842361 0.013281 0.041204
0 0.385286 0.841435 0.013281 0.041204
0 0.373828 0.842824 0.013281 0.041204
0 0.375130 0.797917 0.013281 0.041204
0 0.386849 0.798380 0.013281 0.041204
0 0.400130 0.797917 0.013281 0.041204
0 0.411068 0.796991 0.013281 0.041204
0 0.422266 0.797917 0.013281 0.041204
0 0.433464 0.798380 0.013281 0.041204
0 0.444141 0.797454 0.013281 0.041204
0 0.454818 0.798380 0.013281 0.041204
0 0.466276 0.799306 0.013281 0.041204
0 0.476953 0.798380 0.013281 0.041204
0 0.488151 0.797454 0.013281 0.041204
0 0.498047 0.798380 0.013281 0.041204
0 0.508984 0.799769 0.013281 0.041204
0 0.520182 0.798843 0.013281 0.041204
0 0.530339 0.799306 0.013281 0.041204
0 0.531901 0.843287 0.013281 0.041204
0 0.530078 0.760417 0.013281 0.041204
0 0.518620 0.761343 0.013281 0.041204
0 0.508984 0.759954 0.013281 0.041204
0 0.497786 0.761343 0.013281 0.041204
0 0.487891 0.760880 0.013281 0.041204
0 0.476172 0.760417 0.013281 0.041204
0 0.466276 0.761343 0.013281 0.041204
0 0.455078 0.760880 0.013281 0.041204
0 0.444661 0.760417 0.013281 0.041204
0 0.433724 0.760417 0.013281 0.041204
0 0.423047 0.760880 0.013281 0.041204
0 0.411589 0.759491 0.013281 0.041204
0 0.400651 0.760417 0.013281 0.041204
0 0.401432 0.717824 0.013281 0.041204
0 0.412109 0.717824 0.013281 0.041204
0 0.423568 0.718287 0.013281 0.041204
0 0.433724 0.718750 0.013281 0.041204
0 0.444401 0.719676 0.013281 0.041204
0 0.455859 0.718287 0.013281 0.041204
0 0.466016 0.719676 0.013281 0.041204
0 0.476693 0.718287 0.013281 0.041204
0 0.487109 0.718750 0.013281 0.041204
0 0.497266 0.719676 0.013281 0.041204
0 0.508203 0.719676 0.013281 0.041204
0 0.518359 0.719676 0.013281 0.041204
0 0.528516 0.721065 0.013281 0.041204
0 0.528776 0.686343 0.013281 0.041204
0 0.518099 0.684491 0.013281 0.041204
0 0.508464 0.684491 0.013281 0.041204
0 0.497526 0.683565 0.013281 0.041204
0 0.486849 0.683565 0.013281 0.041204
0 0.476953 0.682639 0.013281 0.041204
0 0.466797 0.681713 0.013281 0.041204
0 0.456380 0.682639 0.013281 0.041204
0 0.445182 0.683565 0.013281 0.041204
0 0.435026 0.682176 0.013281 0.041204
0 0.424609 0.681250 0.013281 0.041204
0 0.413672 0.680787 0.013281 0.041204
0 0.402734 0.681250 0.013281 0.041204
0 0.404167 0.638426 0.013021 0.037963
0 0.414583 0.640278 0.013021 0.037963
0 0.425260 0.639815 0.013021 0.037963
0 0.435677 0.640741 0.013021 0.037963
0 0.445833 0.640278 0.013021 0.037963
0 0.456510 0.641667 0.013021 0.037963
0 0.456510 0.607407 0.013021 0.037963
0 0.445833 0.606481 0.013021 0.037963
0 0.435937 0.606481 0.013021 0.037963
0 0.426042 0.605556 0.013021 0.037963
0 0.415625 0.605556 0.013021 0.037963
0 0.404427 0.605556 0.013021 0.037963
0 0.497135 0.609722 0.013021 0.037963
0 0.507292 0.609722 0.013021 0.037963
0 0.517448 0.610185 0.013021 0.037963
0 0.527865 0.610648 0.013021 0.037963
0 0.528646 0.644444 0.013021 0.037963
0 0.517969 0.643981 0.013021 0.037963
0 0.508073 0.643981 0.013021 0.037963
0 0.497396 0.643519 0.013021 0.037963
0 0.527083 0.572685 0.013021 0.037963
0 0.516927 0.571296 0.013021 0.037963
0 0.507292 0.571296 0.013021 0.037963
0 0.497396 0.570370 0.013021 0.037963
0 0.487500 0.569444 0.013021 0.037963
0 0.476823 0.568981 0.013021 0.037963
0 0.467187 0.568519 0.013021 0.037963
0 0.456771 0.567130 0.013021 0.037963
0 0.446354 0.568056 0.013021 0.037963
0 0.436719 0.565741 0.013021 0.037963
0 0.426302 0.566204 0.013021 0.037963
0 0.416146 0.567130 0.013021 0.037963
0 0.405729 0.564815 0.013021 0.037963
0 0.406250 0.531944 0.013021 0.037963
0 0.416927 0.531481 0.013021 0.037963
0 0.426563 0.533796 0.013021 0.037963
0 0.436719 0.533796 0.013021 0.037963
0 0.446875 0.535185 0.013021 0.037963
0 0.457552 0.533796 0.013021 0.037963
0 0.467187 0.535185 0.013021 0.037963
0 0.477604 0.537037 0.013021 0.037963
0 0.486458 0.537963 0.013021 0.037963
0 0.496875 0.537963 0.013021 0.037963
0 0.506510 0.537963 0.013021 0.037963
0 0.516146 0.539815 0.013021 0.037963
0 0.526693 0.539583 0.011198 0.035648
0 0.506120 0.499769 0.011198 0.035648
0 0.516016 0.499769 0.011198 0.035648
0 0.496224 0.497917 0.011198 0.035648
0 0.487109 0.498843 0.011198 0.035648
0 0.477214 0.496528 0.011198 0.035648
0 0.467578 0.496991 0.011198 0.035648
0 0.457422 0.496991 0.011198 0.035648
0 0.447526 0.495602 0.011198 0.035648
0 0.438151 0.494676 0.011198 0.035648
0 0.427734 0.493287 0.011198 0.035648
0 0.418099 0.492824 0.011198 0.035648
0 0.407682 0.492361 0.011198 0.035648
0 0.408203 0.459954 0.011198 0.035648
0 0.418620 0.460880 0.011198 0.035648
0 0.428255 0.462731 0.011198 0.035648
0 0.438151 0.464583 0.011198 0.035648
0 0.447786 0.464120 0.011198 0.035648
0 0.457682 0.465046 0.011198 0.035648
0 0.467578 0.465046 0.011198 0.035648
0 0.477474 0.466435 0.011198 0.035648
0 0.486589 0.465972 0.011198 0.035648
0 0.496745 0.467824 0.011198 0.035648
0 0.505599 0.468750 0.011198 0.035648
0 0.515234 0.468750 0.011198 0.035648
0 0.515234 0.434954 0.011198 0.035648
0 0.506120 0.432176 0.011198 0.035648
0 0.496224 0.433565 0.011198 0.035648
0 0.486849 0.432176 0.011198 0.035648
0 0.477214 0.431713 0.011198 0.035648
0 0.467318 0.430324 0.011198 0.035648
0 0.457943 0.428009 0.011198 0.035648
0 0.448047 0.428935 0.011198 0.035648
0 0.438151 0.427546 0.011198 0.035648
0 0.428516 0.426620 0.011198 0.035648
0 0.418620 0.424769 0.011198 0.035648
0 0.409245 0.425231 0.011198 0.035648
0 0.409505 0.394676 0.011198 0.035648
0 0.419141 0.394676 0.011198 0.035648
0 0.429297 0.396528 0.011198 0.035648
0 0.438672 0.397454 0.011198 0.035648
0 0.448307 0.397454 0.011198 0.035648
0 0.458203 0.398843 0.011198 0.035648
0 0.467839 0.399769 0.011198 0.035648
0 0.477474 0.401157 0.011198 0.035648
0 0.487109 0.402083 0.011198 0.035648
0 0.496224 0.402546 0.011198 0.035648
0 0.506120 0.403472 0.011198 0.035648
0 0.515755 0.403935 0.011198 0.035648
0 0.524870 0.404398 0.011198 0.035648
0 0.524089 0.371065 0.011198 0.035648
0 0.515234 0.369213 0.010156 0.033796
0 0.505599 0.369676 0.010156 0.033796
0 0.495964 0.369213 0.010156 0.033796
0 0.486849 0.367824 0.010156 0.033796
0 0.476953 0.366435 0.010156 0.033796
0 0.467578 0.366898 0.010156 0.033796
0 0.458724 0.365509 0.010156 0.033796
0 0.448568 0.364583 0.010156 0.033796
0 0.438672 0.363194 0.010156 0.033796
0 0.429557 0.362269 0.010156 0.033796
0 0.419661 0.361343 0.010156 0.033796
0 0.410286 0.359954 0.010156 0.033796
0 0.410938 0.330787 0.010937 0.032870
0 0.420573 0.331250 0.010937 0.032870
0 0.429948 0.332176 0.010937 0.032870
0 0.439583 0.334028 0.010937 0.032870
0 0.448698 0.334491 0.010937 0.032870
0 0.458073 0.335880 0.010937 0.032870
0 0.467708 0.336343 0.010937 0.032870
0 0.477344 0.337269 0.010937 0.032870
0 0.486719 0.338657 0.010937 0.032870
0 0.496354 0.338657 0.010937 0.032870
0 0.505990 0.339583 0.010937 0.032870
0 0.515104 0.340972 0.010937 0.032870
0 0.523958 0.342361 0.010937 0.032870
0 0.524479 0.309491 0.010937 0.032870
0 0.514323 0.308565 0.010937 0.032870
0 0.505208 0.306250 0.010937 0.032870
0 0.496094 0.306250 0.010937 0.032870
0 0.487240 0.305324 0.010937 0.032870
0 0.477344 0.304398 0.010937 0.032870
0 0.468229 0.303472 0.010937 0.032870
0 0.458854 0.302546 0.010937 0.032870
0 0.449740 0.302083 0.010937 0.032870
0 0.439844 0.300694 0.010937 0.032870
0 0.430208 0.298843 0.010937 0.032870
0 0.421094 0.298380 0.010937 0.032870
0 0.410938 0.296528 0.010937 0.032870
0 0.411719 0.267361 0.010937 0.032870
0 0.421615 0.269213 0.010937 0.032870
0 0.430469 0.269676 0.010937 0.032870
0 0.440625 0.271065 0.010937 0.032870
0 0.449479 0.273843 0.010937 0.032870
0 0.459115 0.273843 0.010937 0.032870
0 0.468490 0.274769 0.010937 0.032870
0 0.477604 0.276157 0.010937 0.032870
0 0.486198 0.277546 0.010937 0.032870
0 0.496354 0.277546 0.010937 0.032870
0 0.504948 0.278935 0.010937 0.032870
0 0.514062 0.281250 0.010937 0.032870
0 0.523698 0.282176 0.010937 0.032870
0 0.522135 0.247917 0.010937 0.032870
0 0.512760 0.245139 0.010937 0.032870
0 0.503385 0.245139 0.010937 0.032870
0 0.494792 0.243287 0.010937 0.032870
0 0.485417 0.242824 0.010937 0.032870
0 0.477083 0.242361 0.010937 0.032870
0 0.467969 0.241435 0.010937 0.032870
0 0.458073 0.240046 0.010937 0.032870
0 0.448698 0.239120 0.010937 0.032870
0 0.439583 0.238194 0.010937 0.032870
0 0.430208 0.236806 0.010937 0.032870
0 0.421094 0.235417 0.010937 0.032870
0 0.411719 0.233565 0.010937 0.032870
0 0.412240 0.205324 0.010937 0.032870
0 0.421875 0.206713 0.010937 0.032870
0 0.430469 0.208565 0.010937 0.032870
0 0.440104 0.209028 0.010937 0.032870
0 0.449740 0.210880 0.010937 0.032870
0 0.458594 0.211343 0.010937 0.032870
0 0.467969 0.213194 0.010937 0.032870
0 0.476302 0.214120 0.010937 0.032870
0 0.485417 0.215046 0.010937 0.032870
0 0.495052 0.216435 0.010937 0.032870
0 0.503646 0.217824 0.010937 0.032870
0 0.512760 0.219213 0.010937 0.032870
0 0.522135 0.220139 0.010937 0.032870
0 0.521875 0.190046 0.010937 0.032870
0 0.513021 0.187269 0.010937 0.032870
0 0.512240 0.162731 0.010937 0.032870
0 0.494792 0.187269 0.010937 0.032870
0 0.486198 0.186806 0.010937 0.032870
0 0.477344 0.185417 0.010937 0.032870
0 0.468490 0.184028 0.010937 0.032870
0 0.458594 0.183565 0.010937 0.032870
0 0.449219 0.183102 0.010937 0.032870
0 0.440365 0.181713 0.010937 0.032870
0 0.430990 0.179861 0.010937 0.032870
0 0.422656 0.179861 0.010937 0.032870
0 0.412760 0.178009 0.010937 0.032870
0 0.403646 0.176157 0.010937 0.032870
0 0.389844 0.146759 0.011458 0.028704
0 0.398438 0.148148 0.011458 0.028704
0 0.407292 0.149537 0.011458 0.028704
0 0.415625 0.149537 0.011458 0.028704
0 0.424740 0.150463 0.011458 0.028704
0 0.433333 0.152315 0.011458 0.028704
0 0.442188 0.154167 0.011458 0.028704
0 0.450781 0.154861 0.010937 0.032870
0 0.458854 0.156250 0.010937 0.032870
0 0.467969 0.156713 0.010937 0.032870
0 0.477083 0.158102 0.010937 0.032870
0 0.486198 0.159028 0.010937 0.032870
0 0.495052 0.159954 0.010937 0.032870
0 0.503906 0.161806 0.010937 0.032870
0 0.504167 0.186343 0.010937 0.032870
0 0.521875 0.164583 0.010937 0.032870
0 0.388021 0.116204 0.011458 0.028704
0 0.397917 0.117593 0.011458 0.028704
0 0.405990 0.118519 0.011458 0.028704
0 0.414323 0.119907 0.011458 0.028704
0 0.423177 0.121296 0.011458 0.028704
0 0.431510 0.121759 0.011458 0.028704
0 0.439583 0.122685 0.011458 0.028704
0 0.448437 0.124537 0.011458 0.028704
0 0.457031 0.126389 0.011458 0.028704
0 0.466146 0.127315 0.011458 0.028704
0 0.475000 0.128704 0.011458 0.028704
0 0.483333 0.129630 0.011458 0.028704
0 0.492448 0.130556 0.011458 0.028704
0 0.501823 0.131944 0.011458 0.028704
0 0.509896 0.132407 0.011458 0.028704
0 0.518750 0.132870 0.011458 0.028704
0 0.527083 0.134259 0.011458 0.028704
0 0.535417 0.137037 0.011458 0.028704
0 0.544271 0.136574 0.011458 0.028704
0 0.553125 0.137500 0.011458 0.028704
0 0.561458 0.138889 0.011458 0.028704
0 0.570573 0.140278 0.010417 0.027778
0 0.578906 0.141667 0.010417 0.027778
0 0.588021 0.141667 0.010417 0.027778
0 0.596094 0.142593 0.010417 0.027778
0 0.604427 0.143981 0.010417 0.027778
0 0.602865 0.172685 0.010417 0.027778
0 0.594271 0.171296 0.010417 0.027778
0 0.585938 0.169907 0.010417 0.027778
0 0.577083 0.168981 0.010417 0.027778
0 0.568490 0.168981 0.010417 0.027778
0 0.560156 0.167130 0.010417 0.027778
0 0.550781 0.165741 0.010417 0.027778
0 0.542708 0.166204 0.010417 0.027778
0 0.534115 0.164815 0.010417 0.027778
0 0.533854 0.190741 0.010417 0.027778
0 0.543229 0.191204 0.010417 0.027778
0 0.552344 0.192130 0.010417 0.027778
0 0.561198 0.193519 0.010417 0.027778
0 0.569271 0.194444 0.010417 0.027778
0 0.577604 0.196296 0.010417 0.027778
0 0.586979 0.196759 0.010417 0.027778
0 0.595573 0.196759 0.010417 0.027778
0 0.603906 0.197685 0.010417 0.027778
0 0.605208 0.228241 0.010417 0.027778
0 0.596875 0.227778 0.010417 0.027778
0 0.588021 0.226852 0.010417 0.027778
0 0.578385 0.225463 0.010417 0.027778
0 0.570052 0.225000 0.010417 0.027778
0 0.560937 0.224074 0.010417 0.027778
0 0.552083 0.223148 0.010417 0.027778
0 0.542708 0.221759 0.010417 0.027778
0 0.533854 0.220833 0.010417 0.027778
0 0.534115 0.248611 0.010417 0.027778
0 0.543750 0.249537 0.010417 0.027778
0 0.552604 0.250463 0.010417 0.027778
0 0.561198 0.250926 0.010417 0.027778
0 0.570833 0.251389 0.010417 0.027778
0 0.579427 0.252778 0.010417 0.027778
0 0.588542 0.253241 0.010417 0.027778
0 0.597135 0.253704 0.010417 0.027778
0 0.606510 0.254630 0.010417 0.027778
0 0.607552 0.288889 0.010417 0.027778
0 0.598177 0.287500 0.010417 0.027778
0 0.589583 0.287037 0.010417 0.027778
0 0.580729 0.286111 0.010417 0.027778
0 0.571354 0.285185 0.010417 0.027778
0 0.561979 0.284259 0.010417 0.027778
0 0.553385 0.283796 0.010417 0.027778
0 0.544271 0.282407 0.010417 0.027778
0 0.534896 0.281944 0.010417 0.027778
0 0.535156 0.310185 0.010417 0.027778
0 0.544792 0.310648 0.010417 0.027778
0 0.554167 0.311111 0.010417 0.027778
0 0.563281 0.312500 0.010417 0.027778
0 0.572396 0.313426 0.010417 0.027778
0 0.582031 0.313889 0.010417 0.027778
0 0.590365 0.314352 0.010417 0.027778
0 0.600000 0.314815 0.010417 0.027778
0 0.608854 0.315741 0.010417 0.027778
0 0.609896 0.349074 0.009896 0.029630
0 0.600781 0.348611 0.009896 0.029630
0 0.591406 0.346759 0.009896 0.029630
0 0.582292 0.347222 0.009896 0.029630
0 0.573177 0.345833 0.009896 0.029630
0 0.563542 0.345370 0.009896 0.029630
0 0.554427 0.345370 0.009896 0.029630
0 0.545052 0.343981 0.009896 0.029630
0 0.535937 0.342130 0.009896 0.029630
0 0.536198 0.371296 0.009896 0.029630
0 0.546094 0.372685 0.009896 0.029630
0 0.555208 0.373148 0.009896 0.029630
0 0.564323 0.374537 0.009896 0.029630
0 0.574219 0.374537 0.009896 0.029630
0 0.583333 0.375463 0.009896 0.029630
0 0.592448 0.375926 0.009896 0.029630
0 0.601823 0.376389 0.009896 0.029630
0 0.611198 0.377778 0.009896 0.029630
0 0.612240 0.410648 0.009896 0.029630
0 0.603125 0.410648 0.009896 0.029630
0 0.594010 0.409259 0.009896 0.029630
0 0.584115 0.409722 0.009896 0.029630
0 0.575260 0.408333 0.009896 0.029630
0 0.565104 0.407870 0.009896 0.029630
0 0.556250 0.406944 0.009896 0.029630
0 0.547396 0.406944 0.009896 0.029630
0 0.536458 0.405556 0.009896 0.029630
0 0.540755 0.443287 0.010677 0.031019
0 0.550130 0.443287 0.010677 0.031019
0 0.560547 0.444213 0.010677 0.031019
0 0.569401 0.446065 0.010677 0.031019
0 0.585547 0.447454 0.010677 0.031019
0 0.595443 0.449306 0.010677 0.031019
0 0.604557 0.449306 0.010677 0.031019
0 0.613932 0.450694 0.010677 0.031019
0 0.614974 0.481250 0.010677 0.031019
0 0.605599 0.480324 0.010677 0.031019
0 0.595964 0.478935 0.010677 0.031019
0 0.586328 0.478935 0.010677 0.031019
0 0.570443 0.476620 0.010677 0.031019
0 0.560547 0.475231 0.010677 0.031019
0 0.550651 0.475231 0.010677 0.031019
0 0.541016 0.474306 0.010677 0.031019
0 0.541797 0.505787 0.010677 0.031019
0 0.551432 0.506713 0.010677 0.031019
0 0.561328 0.507176 0.010677 0.031019
0 0.570964 0.507639 0.010677 0.031019
0 0.586849 0.509491 0.010677 0.031019
0 0.596745 0.510417 0.010677 0.031019
0 0.606901 0.511343 0.010677 0.031019
0 0.616016 0.511806 0.010677 0.031019
0 0.617057 0.544676 0.010677 0.031019
0 0.607943 0.544213 0.010677 0.031019
0 0.598047 0.543287 0.011198 0.032870
0 0.588672 0.542824 0.011198 0.032870
0 0.579036 0.542824 0.011198 0.032870
0 0.569661 0.542361 0.011198 0.032870
0 0.559245 0.541898 0.011198 0.032870
0 0.549870 0.541898 0.011198 0.032870
0 0.539974 0.540972 0.011198 0.032870
0 0.540234 0.572454 0.011198 0.032870
0 0.551172 0.573843 0.011198 0.032870
0 0.560547 0.574769 0.011198 0.032870
0 0.570443 0.574306 0.011198 0.032870
0 0.579818 0.575694 0.011198 0.032870
0 0.589974 0.575694 0.011198 0.032870
0 0.599870 0.576157 0.011198 0.032870
0 0.609505 0.576157 0.011198 0.032870
0 0.619141 0.577083 0.011198 0.032870
0 0.620964 0.615046 0.011198 0.032870
0 0.611068 0.614583 0.011198 0.032870
0 0.601432 0.614120 0.011198 0.032870
0 0.591797 0.613194 0.011198 0.032870
0 0.581901 0.613194 0.011198 0.032870
0 0.571745 0.612269 0.011198 0.032870
0 0.561458 0.612037 0.011458 0.034259
0 0.551562 0.611574 0.011458 0.034259
0 0.541927 0.611574 0.011458 0.034259
0 0.542448 0.645833 0.011458 0.034259
0 0.552344 0.646296 0.011458 0.034259
0 0.563021 0.645833 0.011458 0.034259
0 0.572917 0.646759 0.011458 0.034259
0 0.592969 0.648148 0.011458 0.034259
0 0.613021 0.649074 0.011458 0.034259
0 0.622656 0.648611 0.011458 0.034259
0 0.624479 0.688889 0.011458 0.034259
0 0.614844 0.688889 0.012500 0.037037
0 0.604948 0.689352 0.012500 0.037037
0 0.594792 0.688889 0.012500 0.037037
0 0.584635 0.687963 0.012500 0.037037
0 0.574219 0.687037 0.012500 0.037037
0 0.564583 0.687500 0.012500 0.037037
0 0.554427 0.685648 0.012500 0.037037
0 0.543490 0.685648 0.012500 0.037037
0 0.544271 0.722685 0.012500 0.037037
0 0.554167 0.722222 0.012500 0.037037
0 0.564844 0.721759 0.012500 0.037037
0 0.585417 0.724074 0.012500 0.037037
0 0.595833 0.722685 0.012500 0.037037
0 0.605990 0.724537 0.012500 0.037037
0 0.615625 0.725000 0.012500 0.037037
0 0.626042 0.725000 0.012500 0.037037
0 0.627865 0.764815 0.012500 0.037037
0 0.617969 0.765278 0.012500 0.037037
0 0.607292 0.764352 0.012500 0.037037
0 0.596875 0.764352 0.012500 0.037037
0 0.586458 0.763889 0.012500 0.037037
0 0.575781 0.763889 0.012500 0.037037
0 0.566146 0.763426 0.012500 0.037037
0 0.555208 0.762963 0.012500 0.037037
0 0.545052 0.762963 0.012500 0.037037
0 0.556250 0.800000 0.012500 0.037037
0 0.566927 0.800463 0.012500 0.037037
0 0.578125 0.800926 0.012500 0.037037
0 0.587760 0.801389 0.012500 0.037037
0 0.598698 0.801389 0.012500 0.037037
0 0.608854 0.801852 0.012500 0.037037
0 0.619271 0.802315 0.012500 0.037037
0 0.629948 0.802315 0.012500 0.037037
0 0.631380 0.845833 0.012760 0.037963
0 0.620964 0.846296 0.012760 0.037963
0 0.610547 0.845370 0.012760 0.037963
0 0.600391 0.845370 0.012760 0.037963
0 0.589453 0.844444 0.012760 0.037963
0 0.578516 0.844907 0.012760 0.037963
0 0.568099 0.844907 0.012760 0.037963
0 0.557682 0.845370 0.012760 0.037963
0 0.546354 0.844907 0.013021 0.039815
0 0.547396 0.884722 0.013021 0.039815
0 0.558073 0.884722 0.013021 0.039815
0 0.568750 0.884722 0.013021 0.039815
0 0.580729 0.884722 0.013021 0.039815
0 0.591146 0.884722 0.013021 0.039815
0 0.601042 0.885185 0.013021 0.039815
0 0.612760 0.885185 0.013021 0.039815
0 0.623437 0.884722 0.013021 0.039815
0 0.634115 0.884722 0.013021 0.039815
0 0.575521 0.723148 0.012500 0.037037
0 0.545312 0.799537 0.012500 0.037037
0 0.443099 0.883102 0.013281 0.041204
0 0.582812 0.648148 0.011458 0.034259
0 0.602083 0.647222 0.011458 0.034259
