0 0.283073 0.369676 0.024479 0.018981
0 0.280208 0.380324 0.024479 0.018981
0 0.277344 0.394213 0.024479 0.018981
0 0.274740 0.406713 0.024479 0.018981
0 0.272917 0.417824 0.024479 0.018981
0 0.303125 0.371991 0.024479 0.018981
0 0.301563 0.387269 0.024479 0.018981
0 0.299219 0.397917 0.024479 0.018981
0 0.296354 0.409954 0.024479 0.018981
0 0.292969 0.425231 0.024479 0.018981
0 0.341927 0.354630 0.023958 0.020370
0 0.340365 0.367130 0.023958 0.020370
0 0.338672 0.377083 0.023698 0.015278
0 0.365885 0.361343 0.003125 0.014352
0 0.362891 0.385417 0.003906 0.017130
0 0.364063 0.374769 0.003125 0.014352
0 0.397917 0.255556 0.037500 0.030556
0 0.395573 0.272222 0.037500 0.030556
0 0.393359 0.290278 0.037760 0.033333
0 0.392057 0.309259 0.037760 0.033333
0 0.389453 0.329167 0.037760 0.033333
0 0.387109 0.348148 0.037760 0.033333
0 0.385286 0.368056 0.038802 0.032407
0 0.382552 0.390046 0.041667 0.037500
0 0.380729 0.410880 0.041667 0.037500
0 0.377083 0.432639 0.041667 0.037500
0 0.374479 0.457639 0.041667 0.037500
0 0.371224 0.481713 0.043490 0.042130
0 0.367578 0.509028 0.043490 0.042130
0 0.364974 0.534954 0.046094 0.042130
0 0.361328 0.560417 0.046094 0.042130
0 0.356901 0.590046 0.046094 0.042130
0 0.354036 0.619213 0.049740 0.041204
0 0.350000 0.649537 0.048958 0.044444
0 0.345313 0.682639 0.050521 0.047685
0 0.341406 0.716204 0.054167 0.050000
0 0.337500 0.750463 0.054167 0.050000
0 0.332292 0.787037 0.054167 0.050000
0 0.431510 0.266204 0.037500 0.030556
0 0.429167 0.283796 0.037500 0.030556
0 0.427344 0.302778 0.037500 0.030556
0 0.426042 0.321759 0.037500 0.030556
0 0.425391 0.340278 0.037240 0.033333
0 0.423047 0.359722 0.037240 0.033333
0 0.422005 0.381944 0.037240 0.033333
0 0.419401 0.403009 0.039844 0.034722
0 0.417839 0.421528 0.039844 0.034722
0 0.415625 0.446759 0.041667 0.037963
0 0.413021 0.469444 0.041667 0.037963
0 0.410938 0.493981 0.041667 0.037963
0 0.407682 0.519676 0.044010 0.039352
0 0.405859 0.543750 0.044010 0.039352
0 0.402083 0.573148 0.045312 0.043519
0 0.398958 0.601852 0.045312 0.043519
0 0.397917 0.630093 0.046875 0.047222
0 0.394141 0.661806 0.049219 0.047685
0 0.390234 0.695602 0.049219 0.047685
0 0.387891 0.728472 0.052344 0.049537
0 0.382943 0.763194 0.052344 0.049537
0 0.380078 0.799769 0.052344 0.049537
0 0.463021 0.276852 0.037500 0.030556
0 0.462760 0.295833 0.037500 0.030556
0 0.461719 0.315741 0.037500 0.030556
0 0.459896 0.332407 0.037500 0.030556
0 0.436589 0.707639 0.050260 0.048611
0 0.433464 0.740972 0.050260 0.048611
0 0.431901 0.778009 0.050260 0.048611
0 0.429818 0.813194 0.050260 0.048611
0 0.496094 0.287963 0.036458 0.036111
0 0.495312 0.306713 0.034896 0.034722
0 0.494531 0.326157 0.034896 0.034722
0 0.494271 0.344676 0.034896 0.034722
0 0.492708 0.364583 0.034896 0.034722
0 0.492188 0.384028 0.034896 0.034722
0 0.492057 0.403704 0.036198 0.034259
0 0.491667 0.423148 0.038542 0.038889
0 0.490365 0.446759 0.038542 0.038889
0 0.489583 0.467593 0.038542 0.038889
0 0.489063 0.490741 0.038542 0.038889
0 0.487500 0.516667 0.038542 0.038889
0 0.487240 0.544213 0.039583 0.038426
0 0.485677 0.568750 0.041146 0.040278
0 0.484375 0.595139 0.041146 0.040278
0 0.483594 0.622917 0.041146 0.040278
0 0.482812 0.655093 0.043229 0.046296
0 0.481510 0.683796 0.043229 0.046296
0 0.480078 0.717824 0.044531 0.046759
0 0.478646 0.752083 0.046354 0.047685
0 0.477604 0.788657 0.047917 0.049537
0 0.476172 0.824537 0.049219 0.050926
0 0.526823 0.300000 0.036458 0.036111
0 0.527344 0.317824 0.036458 0.033796
0 0.526823 0.335880 0.036458 0.033796
0 0.527214 0.353935 0.035677 0.031944
0 0.526953 0.374306 0.035677 0.031944
0 0.526432 0.394676 0.035677 0.031944
0 0.526693 0.414120 0.035677 0.031944
0 0.526953 0.434491 0.035677 0.031944
0 0.527214 0.456944 0.037240 0.037963
0 0.525391 0.481019 0.037240 0.037963
0 0.525391 0.504167 0.037240 0.037963
0 0.524870 0.530093 0.037240 0.037963
0 0.525391 0.554630 0.039323 0.044444
0 0.525781 0.580787 0.041146 0.042130
0 0.525260 0.609491 0.041146 0.042130
0 0.525000 0.637731 0.041146 0.042130
0 0.524349 0.665509 0.042969 0.041204
0 0.524740 0.697685 0.044271 0.044444
0 0.523698 0.729167 0.044271 0.044444
0 0.523177 0.764583 0.046354 0.048611
0 0.522786 0.797685 0.047135 0.051852
0 0.523047 0.836574 0.047135 0.051852
