0 0.463151 0.180787 0.036719 0.030093
0 0.496745 0.182176 0.038281 0.031944
0 0.530599 0.184722 0.038281 0.029630
0 0.566406 0.188194 0.040104 0.031019
0 0.601953 0.191898 0.041406 0.031944
0 0.459245 0.206713 0.036719 0.030093
0 0.455599 0.234028 0.035677 0.031944
0 0.451823 0.261111 0.036979 0.032407
0 0.447786 0.288889 0.038281 0.034259
0 0.444401 0.316898 0.038281 0.033796
0 0.440234 0.345602 0.038281 0.033796
0 0.434896 0.374537 0.039583 0.036111
0 0.432552 0.405787 0.039583 0.037500
0 0.428255 0.434954 0.040365 0.037500
0 0.423568 0.465046 0.040365 0.038426
0 0.419271 0.495602 0.040625 0.039352
0 0.414583 0.526620 0.040104 0.038426
0 0.409896 0.559491 0.041146 0.041204
0 0.406510 0.592593 0.041667 0.043519
0 0.400651 0.626157 0.041406 0.043056
0 0.396484 0.662037 0.042448 0.044444
0 0.391667 0.696296 0.043750 0.048148
0 0.388021 0.732407 0.043750 0.048148
0 0.381120 0.767593 0.044531 0.050000
0 0.375781 0.806481 0.044271 0.050926
0 0.371094 0.843056 0.044271 0.050926
0 0.492578 0.208333 0.037760 0.031481
0 0.527865 0.212963 0.039062 0.030556
0 0.562630 0.215509 0.041406 0.033796
0 0.599609 0.219213 0.040885 0.036574
0 0.487240 0.237269 0.038021 0.032870
0 0.524219 0.239120 0.039583 0.032870
0 0.559115 0.244213 0.039062 0.033796
0 0.596484 0.246759 0.040365 0.034259
0 0.485286 0.264352 0.038802 0.032407
0 0.520703 0.268750 0.039844 0.032870
0 0.556250 0.272222 0.041667 0.035185
0 0.593620 0.275463 0.040885 0.036111
0 0.482031 0.292593 0.039062 0.035185
0 0.553255 0.301157 0.039323 0.034722
0 0.590234 0.305093 0.042448 0.037037
0 0.477474 0.320139 0.040365 0.037500
0 0.550260 0.331944 0.041146 0.036111
0 0.587500 0.337731 0.041667 0.036574
0 0.474609 0.350694 0.038281 0.033796
0 0.547005 0.362037 0.040885 0.033333
0 0.584375 0.366898 0.042188 0.035648
0 0.471354 0.379630 0.039583 0.036111
0 0.543620 0.391667 0.041406 0.037963
0 0.581901 0.397222 0.041406 0.037963
0 0.466927 0.410417 0.040625 0.039352
0 0.540885 0.423611 0.042708 0.039815
0 0.578906 0.429167 0.042708 0.039815
0 0.463932 0.441435 0.040365 0.037500
0 0.537240 0.451389 0.042188 0.040741
0 0.573958 0.459259 0.042188 0.040741
0 0.459505 0.470370 0.040885 0.039815
0 0.532943 0.485185 0.042448 0.041667
0 0.571875 0.490972 0.042708 0.043981
0 0.456901 0.502778 0.042448 0.040741
0 0.529557 0.517824 0.042969 0.041204
0 0.568490 0.525000 0.044792 0.043519
0 0.451172 0.534491 0.040365 0.043056
0 0.525781 0.550000 0.043229 0.042593
0 0.565234 0.558333 0.044531 0.043519
0 0.445573 0.567361 0.041146 0.043056
0 0.522266 0.583565 0.043490 0.044907
0 0.560937 0.592824 0.044271 0.047685
0 0.442969 0.600231 0.042188 0.042130
0 0.519271 0.619444 0.043750 0.045370
0 0.558464 0.627083 0.044531 0.048611
0 0.437500 0.634722 0.041667 0.046296
0 0.514583 0.653472 0.043229 0.045833
0 0.555859 0.663426 0.046615 0.047222
0 0.434115 0.669907 0.043750 0.045370
0 0.512630 0.688657 0.045573 0.048611
0 0.551432 0.698843 0.045573 0.048611
0 0.429557 0.703241 0.045052 0.048148
0 0.507812 0.725463 0.046354 0.050926
0 0.549349 0.736806 0.047656 0.051389
0 0.425391 0.742130 0.045052 0.050926
0 0.465365 0.752315 0.047917 0.049074
0 0.506380 0.763194 0.047656 0.050463
0 0.547266 0.775463 0.050260 0.052778
0 0.418620 0.778241 0.044531 0.050000
0 0.459245 0.789352 0.045052 0.053704
0 0.500651 0.802083 0.045573 0.055093
0 0.541797 0.815046 0.045573 0.055093
0 0.414714 0.816204 0.044531 0.053704
0 0.454557 0.829167 0.044531 0.053704
0 0.496094 0.840741 0.045312 0.054630
0 0.538281 0.855556 0.045312 0.054630
0 0.409635 0.854167 0.044271 0.050926
0 0.451042 0.868750 0.047396 0.057870
0 0.492578 0.883102 0.047656 0.056019
0 0.534766 0.895602 0.047656 0.056019
