0 0.336979 0.163426 0.008333 0.021296
0 0.344661 0.162500 0.008073 0.022222
0 0.351823 0.160880 0.008333 0.022685
0 0.359115 0.160417 0.008333 0.022685
0 0.366406 0.159028 0.008333 0.022685
0 0.373958 0.157639 0.008333 0.022685
0 0.381250 0.156250 0.008333 0.022685
0 0.388802 0.154861 0.008333 0.022685
0 0.396094 0.153935 0.008333 0.022685
0 0.395313 0.175231 0.008333 0.022685
0 0.388021 0.176157 0.008333 0.022685
0 0.380208 0.177546 0.008333 0.022685
0 0.372917 0.178472 0.008333 0.022685
0 0.365365 0.180324 0.008333 0.022685
0 0.358073 0.181713 0.008333 0.022685
0 0.350521 0.182176 0.008333 0.022685
0 0.342969 0.183565 0.008333 0.022685
0 0.335938 0.184954 0.008333 0.022685
0 0.334375 0.209491 0.008333 0.022685
0 0.341667 0.208565 0.008333 0.022685
0 0.349219 0.207639 0.008333 0.022685
0 0.356771 0.206250 0.008333 0.022685
0 0.364063 0.205324 0.008333 0.022685
0 0.371615 0.203935 0.008333 0.022685
0 0.379167 0.203009 0.008333 0.022685
0 0.386979 0.201157 0.008333 0.022685
0 0.394531 0.200231 0.008333 0.022685
0 0.393490 0.222917 0.008333 0.022685
0 0.385677 0.223843 0.008333 0.022685
0 0.378125 0.224769 0.008333 0.022685
0 0.370573 0.225694 0.008333 0.022685
0 0.363281 0.227546 0.008333 0.022685
0 0.355729 0.228472 0.008333 0.022685
0 0.347656 0.229398 0.008333 0.022685
0 0.340365 0.231250 0.008333 0.022685
0 0.332813 0.231250 0.008333 0.022685
0 0.331250 0.256713 0.008333 0.022685
0 0.338542 0.255324 0.008333 0.022685
0 0.346615 0.254398 0.008333 0.022685
0 0.354427 0.253009 0.008333 0.022685
0 0.361979 0.252083 0.008333 0.022685
0 0.369531 0.251157 0.008333 0.022685
0 0.377344 0.249769 0.008333 0.022685
0 0.384635 0.248843 0.008333 0.022685
0 0.392708 0.247454 0.008333 0.022685
0 0.391667 0.271065 0.008333 0.022685
0 0.383984 0.271991 0.008594 0.023611
0 0.375911 0.272917 0.008594 0.023611
0 0.368099 0.273843 0.008594 0.023611
0 0.360547 0.275231 0.008594 0.023611
0 0.352995 0.276157 0.008594 0.023611
0 0.345182 0.277546 0.008594 0.023611
0 0.337630 0.278009 0.008594 0.023611
0 0.329557 0.279861 0.008594 0.023611
0 0.328255 0.306713 0.008594 0.023611
0 0.335807 0.305324 0.008594 0.023611
0 0.343359 0.304861 0.008594 0.023611
0 0.351172 0.303472 0.008594 0.023611
0 0.359245 0.302083 0.008594 0.023611
0 0.366797 0.301157 0.008594 0.023611
0 0.375130 0.299769 0.008594 0.024537
0 0.382943 0.298843 0.008594 0.024537
0 0.390495 0.297917 0.008594 0.024537
0 0.389714 0.321528 0.008594 0.024537
0 0.381901 0.321991 0.008594 0.024537
0 0.373568 0.323843 0.008594 0.024537
0 0.365755 0.324769 0.008594 0.024537
0 0.357943 0.325694 0.008594 0.024537
0 0.350391 0.326620 0.008594 0.024537
0 0.342318 0.327083 0.008594 0.024537
0 0.334505 0.329398 0.008594 0.024537
0 0.326693 0.330324 0.008594 0.024537
0 0.325130 0.357639 0.008594 0.024537
0 0.332682 0.357176 0.008594 0.024537
0 0.341016 0.355787 0.008594 0.024537
0 0.348568 0.354861 0.008594 0.024537
0 0.356901 0.353472 0.008594 0.024537
0 0.364714 0.352546 0.008594 0.024537
0 0.372786 0.351620 0.008594 0.024537
0 0.380859 0.350231 0.008594 0.024537
0 0.388932 0.348843 0.008594 0.024537
0 0.388151 0.373380 0.008594 0.024537
0 0.379818 0.374769 0.008594 0.024537
0 0.371745 0.375694 0.008594 0.024537
0 0.363932 0.377083 0.008594 0.024537
0 0.355599 0.377546 0.008594 0.024537
0 0.347526 0.379398 0.008594 0.024537
0 0.339453 0.380787 0.008594 0.024537
0 0.331380 0.381250 0.008594 0.024537
0 0.323568 0.383102 0.008594 0.024537
0 0.322005 0.408333 0.008594 0.025926
0 0.329818 0.407870 0.008594 0.025926
0 0.338021 0.406944 0.009375 0.025926
0 0.346094 0.406019 0.009375 0.025926
0 0.359635 0.397222 0.009375 0.025926
0 0.367708 0.396296 0.009375 0.025926
0 0.376042 0.394907 0.009375 0.025926
0 0.384375 0.393981 0.009375 0.025926
0 0.383333 0.419907 0.009375 0.025926
0 0.374740 0.420370 0.009375 0.025926
0 0.366406 0.421759 0.009375 0.025926
0 0.358073 0.423148 0.009375 0.025926
0 0.344271 0.431481 0.009375 0.025926
0 0.336198 0.432407 0.009375 0.025926
0 0.328125 0.432870 0.009375 0.025926
0 0.320052 0.433796 0.009375 0.025926
0 0.318490 0.460185 0.009375 0.025926
0 0.326562 0.459722 0.009375 0.025926
0 0.334635 0.458796 0.009375 0.025926
0 0.343229 0.458333 0.009375 0.025926
0 0.357031 0.449074 0.009375 0.025926
0 0.365365 0.448148 0.009375 0.025926
0 0.373698 0.446759 0.009375 0.025926
0 0.382031 0.445833 0.009375 0.025926
0 0.383464 0.487037 0.009635 0.027778
0 0.374870 0.488426 0.009635 0.027778
0 0.366276 0.489815 0.009635 0.027778
0 0.357422 0.490741 0.009635 0.027778
0 0.349349 0.491667 0.009635 0.027778
0 0.341276 0.492130 0.009635 0.027778
0 0.332682 0.493056 0.009635 0.027778
0 0.324089 0.494444 0.009635 0.027778
0 0.315755 0.495370 0.009635 0.027778
0 0.313932 0.526389 0.009635 0.027778
0 0.322266 0.525463 0.009635 0.027778
0 0.331120 0.524537 0.009635 0.027778
0 0.339453 0.523611 0.009635 0.027778
0 0.347526 0.522222 0.009635 0.027778
0 0.356120 0.521759 0.009635 0.027778
0 0.364974 0.520833 0.009635 0.027778
0 0.373307 0.519907 0.009635 0.027778
0 0.381641 0.518981 0.009635 0.027778
0 0.380599 0.546296 0.009635 0.027778
0 0.372266 0.547222 0.009635 0.027778
0 0.363411 0.548148 0.009635 0.027778
0 0.354818 0.550000 0.009635 0.027778
0 0.346224 0.550926 0.009635 0.027778
0 0.337891 0.551852 0.009635 0.027778
0 0.329297 0.552315 0.009635 0.027778
0 0.320703 0.553241 0.009635 0.027778
0 0.311849 0.554630 0.009635 0.027778
0 0.310026 0.586574 0.009635 0.027778
0 0.318620 0.586111 0.009635 0.027778
0 0.327214 0.584722 0.009635 0.027778
0 0.335677 0.584259 0.009896 0.028704
0 0.344531 0.583333 0.009896 0.028704
0 0.353125 0.582407 0.009896 0.028704
0 0.362240 0.581019 0.009896 0.028704
0 0.370573 0.580556 0.009896 0.028704
0 0.379427 0.579630 0.009896 0.028704
0 0.378125 0.608333 0.009896 0.028704
0 0.369271 0.608796 0.009896 0.028704
0 0.360417 0.609722 0.009896 0.028704
0 0.351823 0.611574 0.009896 0.028704
0 0.342708 0.612037 0.009896 0.028704
0 0.334115 0.612963 0.009896 0.028704
0 0.325260 0.613889 0.009896 0.028704
0 0.316667 0.614815 0.009896 0.028704
0 0.308073 0.615741 0.009896 0.028704
0 0.305729 0.651620 0.010417 0.030093
0 0.314583 0.651157 0.010417 0.030093
0 0.323177 0.650694 0.010417 0.031019
0 0.332031 0.649769 0.010417 0.031019
0 0.340885 0.649306 0.010417 0.031019
0 0.349479 0.649306 0.010417 0.031019
0 0.358333 0.647454 0.010417 0.031019
0 0.367448 0.646528 0.010417 0.031019
0 0.376042 0.645139 0.010417 0.031019
0 0.375521 0.676157 0.010417 0.031019
0 0.365885 0.677083 0.010417 0.031019
0 0.357292 0.677083 0.010417 0.031019
0 0.347917 0.678472 0.010417 0.031019
0 0.339062 0.678935 0.010417 0.031019
0 0.330208 0.679861 0.010417 0.031019
0 0.321354 0.681250 0.010417 0.031019
0 0.312240 0.682176 0.010417 0.031019
0 0.303646 0.682639 0.010417 0.031019
0 0.301042 0.716435 0.010417 0.031019
0 0.309635 0.716435 0.010417 0.031019
0 0.318750 0.715972 0.010417 0.031019
0 0.327604 0.714583 0.010417 0.031019
0 0.336719 0.713657 0.010417 0.031019
0 0.345833 0.712731 0.010417 0.031019
0 0.354687 0.711806 0.010417 0.031019
0 0.363542 0.711343 0.010417 0.031019
0 0.372526 0.710417 0.010677 0.031944
0 0.371224 0.741898 0.010677 0.031944
0 0.362630 0.742824 0.010677 0.031944
0 0.353255 0.743750 0.010677 0.031944
0 0.344141 0.745139 0.010677 0.031944
0 0.334766 0.745602 0.010677 0.031944
0 0.326172 0.746528 0.010677 0.031944
0 0.317057 0.746528 0.010677 0.031944
0 0.307943 0.747917 0.010677 0.031944
0 0.299349 0.748843 0.010677 0.031944
0 0.407031 0.151620 0.008333 0.022685
0 0.414323 0.150694 0.008333 0.022685
0 0.421875 0.149306 0.008333 0.022685
0 0.429688 0.147917 0.008333 0.022685
0 0.436979 0.146528 0.008333 0.022685
0 0.444531 0.145139 0.008333 0.022685
0 0.452083 0.143750 0.008333 0.022685
0 0.459635 0.142824 0.008333 0.022685
0 0.466927 0.141435 0.008333 0.022685
0 0.475000 0.140046 0.008333 0.022685
0 0.482812 0.138194 0.008333 0.022685
0 0.490365 0.137269 0.008333 0.022685
0 0.498177 0.135880 0.008333 0.022685
0 0.507812 0.134028 0.008333 0.022685
0 0.515625 0.132176 0.008333 0.022685
0 0.515625 0.154398 0.008333 0.022685
0 0.507552 0.155324 0.008333 0.022685
0 0.498177 0.157176 0.008333 0.022685
0 0.490365 0.159028 0.008333 0.022685
0 0.482552 0.159491 0.008333 0.022685
0 0.475000 0.161343 0.008333 0.022685
0 0.467448 0.162269 0.008333 0.022685
0 0.459635 0.163657 0.008333 0.022685
0 0.451823 0.165046 0.008333 0.022685
0 0.444271 0.166898 0.008333 0.022685
0 0.436198 0.168287 0.008333 0.022685
0 0.429427 0.169213 0.008333 0.022685
0 0.421354 0.170139 0.008333 0.022685
0 0.413802 0.171528 0.008333 0.022685
0 0.406510 0.172917 0.008333 0.022685
0 0.405469 0.198380 0.008333 0.022685
0 0.413021 0.197454 0.008333 0.022685
0 0.420833 0.195602 0.008333 0.022685
0 0.428646 0.194676 0.008333 0.022685
0 0.435937 0.193287 0.008333 0.022685
0 0.443750 0.191435 0.008333 0.022685
0 0.451562 0.190972 0.008333 0.022685
0 0.459115 0.189583 0.008333 0.022685
0 0.466927 0.188194 0.008333 0.022685
0 0.474479 0.187269 0.008333 0.022685
0 0.482031 0.185417 0.008333 0.022685
0 0.490104 0.184491 0.008333 0.022685
0 0.497917 0.182639 0.008333 0.022685
0 0.507552 0.180324 0.008333 0.022685
0 0.516146 0.179861 0.008333 0.022685
0 0.498177 0.206250 0.008333 0.022685
0 0.490365 0.206713 0.008333 0.022685
0 0.482292 0.208102 0.008333 0.022685
0 0.474479 0.209954 0.008333 0.022685
0 0.466667 0.210417 0.008333 0.022685
0 0.458854 0.211806 0.008333 0.022685
0 0.450521 0.213194 0.008333 0.022685
0 0.443229 0.214583 0.008333 0.022685
0 0.435417 0.215972 0.008333 0.022685
0 0.427865 0.216898 0.008333 0.022685
0 0.420052 0.218750 0.008333 0.022685
0 0.412500 0.219676 0.008333 0.022685
0 0.404427 0.220139 0.008333 0.022685
0 0.403906 0.246065 0.008333 0.022685
0 0.411458 0.245139 0.008333 0.022685
0 0.419531 0.243750 0.008333 0.022685
0 0.427344 0.241898 0.008333 0.022685
0 0.434896 0.241435 0.008333 0.022685
0 0.442708 0.239583 0.008333 0.022685
0 0.450521 0.238657 0.008333 0.022685
0 0.458594 0.237269 0.008333 0.022685
0 0.466146 0.236343 0.008333 0.022685
0 0.474349 0.235417 0.008594 0.023611
0 0.482161 0.234028 0.008594 0.023611
0 0.490234 0.232639 0.008594 0.024537
0 0.498307 0.231250 0.008594 0.024537
0 0.498307 0.254398 0.008594 0.024537
0 0.489714 0.256250 0.008594 0.024537
0 0.482161 0.257176 0.008594 0.024537
0 0.474089 0.259028 0.008594 0.024537
0 0.466276 0.260417 0.008594 0.024537
0 0.458203 0.261343 0.008594 0.024537
0 0.450130 0.261806 0.008594 0.024537
0 0.442318 0.263194 0.008594 0.024537
0 0.434766 0.264120 0.008594 0.024537
0 0.426432 0.265972 0.008594 0.024537
0 0.418880 0.266898 0.008594 0.024537
0 0.410807 0.268287 0.008594 0.024537
0 0.402995 0.269213 0.008594 0.024537
0 0.402214 0.296065 0.008594 0.024537
0 0.410026 0.295602 0.008594 0.024537
0 0.417839 0.294676 0.008594 0.024537
0 0.425911 0.293287 0.008594 0.024537
0 0.457943 0.288194 0.008594 0.024537
0 0.465755 0.286806 0.008594 0.024537
0 0.473828 0.285880 0.008594 0.024537
0 0.481380 0.284028 0.008594 0.024537
0 0.490234 0.283102 0.008594 0.024537
0 0.497526 0.281713 0.008594 0.024537
0 0.498047 0.306250 0.008594 0.024537
0 0.489453 0.307639 0.008594 0.024537
0 0.481380 0.308565 0.008594 0.024537
0 0.473307 0.310417 0.008594 0.024537
0 0.465234 0.310880 0.008594 0.024537
0 0.457422 0.311343 0.008594 0.024537
0 0.425130 0.316435 0.008594 0.024537
0 0.417057 0.318287 0.008594 0.024537
0 0.408984 0.319213 0.008594 0.024537
0 0.401172 0.319676 0.008594 0.024537
0 0.400391 0.347917 0.008594 0.024537
0 0.408203 0.346991 0.008594 0.024537
0 0.416276 0.345602 0.008594 0.024537
0 0.424609 0.345139 0.008594 0.024537
0 0.432422 0.343750 0.008594 0.024537
0 0.440495 0.342824 0.008594 0.024537
0 0.448568 0.341898 0.008594 0.024537
0 0.456901 0.340509 0.008594 0.024537
0 0.464714 0.339583 0.008594 0.024537
0 0.473047 0.338657 0.008594 0.024537
0 0.480859 0.337269 0.008594 0.025463
0 0.489193 0.336343 0.008594 0.025463
0 0.497526 0.335417 0.008594 0.025463
0 0.497656 0.360185 0.008854 0.026852
0 0.489323 0.361574 0.008854 0.026852
0 0.480990 0.362500 0.008854 0.026852
0 0.472917 0.363426 0.008854 0.026852
0 0.464323 0.365278 0.008854 0.026852
0 0.456250 0.366667 0.008854 0.026852
0 0.447917 0.367130 0.008854 0.026852
0 0.440104 0.368056 0.008854 0.026852
0 0.431771 0.368519 0.008854 0.026852
0 0.423958 0.369444 0.008854 0.026852
0 0.415625 0.371296 0.008854 0.026852
0 0.407292 0.371296 0.008854 0.026852
0 0.399479 0.372222 0.008854 0.026852
0 0.406510 0.402778 0.008854 0.026852
0 0.414323 0.401852 0.008854 0.026852
0 0.422656 0.400463 0.008854 0.026852
0 0.430990 0.399074 0.008854 0.026852
0 0.446875 0.399537 0.008854 0.026852
0 0.439323 0.397685 0.008854 0.026852
0 0.455990 0.395833 0.008854 0.026852
0 0.463802 0.395370 0.008854 0.026852
0 0.472396 0.394444 0.008854 0.026852
0 0.480729 0.393056 0.008854 0.026852
0 0.489063 0.392130 0.008854 0.026852
0 0.497135 0.391204 0.008854 0.026852
0 0.497396 0.417593 0.008854 0.026852
0 0.488542 0.418056 0.008854 0.026852
0 0.480729 0.418981 0.008854 0.026852
0 0.471875 0.420370 0.008854 0.026852
0 0.463542 0.421296 0.008854 0.026852
0 0.455208 0.421759 0.008854 0.026852
0 0.446875 0.423611 0.008854 0.026852
0 0.438542 0.423611 0.008854 0.026852
0 0.430208 0.425463 0.008854 0.026852
0 0.422135 0.425926 0.008854 0.026852
0 0.413802 0.426389 0.008854 0.026852
0 0.405469 0.427315 0.008854 0.026852
0 0.404427 0.457870 0.008854 0.026852
0 0.412760 0.457407 0.008854 0.026852
0 0.420833 0.456019 0.008854 0.026852
0 0.429427 0.455093 0.008854 0.026852
0 0.437760 0.454167 0.008854 0.026852
0 0.446354 0.453704 0.008854 0.026852
0 0.454427 0.452315 0.008854 0.026852
0 0.463281 0.451389 0.008854 0.026852
0 0.471615 0.450463 0.008854 0.026852
0 0.480208 0.449537 0.008854 0.026852
0 0.488802 0.448148 0.008854 0.026852
0 0.497135 0.447685 0.008854 0.026852
0 0.497396 0.474537 0.008854 0.026852
0 0.488802 0.475926 0.008854 0.026852
0 0.480208 0.476389 0.008854 0.026852
0 0.471354 0.476852 0.008854 0.026852
0 0.463021 0.477778 0.008854 0.026852
0 0.454427 0.478704 0.008854 0.026852
0 0.445833 0.479630 0.008854 0.026852
0 0.436979 0.481481 0.008854 0.026852
0 0.428646 0.481944 0.008854 0.026852
0 0.420052 0.482870 0.008854 0.026852
0 0.411458 0.483796 0.008854 0.026852
0 0.403125 0.485185 0.008854 0.026852
0 0.394531 0.485648 0.008854 0.026852
0 0.393229 0.517361 0.009375 0.028241
0 0.401562 0.516898 0.009375 0.028241
0 0.410417 0.515972 0.009375 0.028241
0 0.419010 0.514583 0.009375 0.028241
0 0.427604 0.513194 0.009375 0.028241
0 0.436458 0.512269 0.009375 0.028241
0 0.444792 0.511806 0.009375 0.028241
0 0.453646 0.510417 0.009375 0.028241
0 0.462500 0.509954 0.009375 0.028241
0 0.471094 0.509028 0.009375 0.028241
0 0.479687 0.507639 0.009375 0.028241
0 0.488281 0.506713 0.009375 0.028241
0 0.497396 0.505787 0.009375 0.028241
0 0.497005 0.533333 0.009635 0.030556
0 0.488151 0.534259 0.009635 0.030556
0 0.479557 0.535185 0.009635 0.030556
0 0.470703 0.536111 0.009635 0.030556
0 0.462109 0.537037 0.009635 0.030556
0 0.453255 0.537963 0.009635 0.030556
0 0.444401 0.538426 0.009635 0.030556
0 0.435807 0.539352 0.009635 0.030556
0 0.426693 0.540509 0.009635 0.030093
0 0.418359 0.541898 0.009635 0.030093
0 0.409505 0.542824 0.009635 0.030093
0 0.400651 0.543981 0.009635 0.029630
0 0.392188 0.544676 0.009896 0.028241
0 0.391016 0.578472 0.009635 0.030093
0 0.399870 0.577083 0.009635 0.030093
0 0.408464 0.576620 0.009635 0.030093
0 0.417318 0.575694 0.009635 0.030093
0 0.425911 0.574306 0.009635 0.030093
0 0.434766 0.574306 0.009635 0.030093
0 0.443359 0.572917 0.009635 0.030093
0 0.452734 0.571991 0.009635 0.030093
0 0.461328 0.570602 0.009635 0.030093
0 0.470182 0.569676 0.009635 0.030093
0 0.479297 0.568287 0.009635 0.030093
0 0.488411 0.568287 0.009635 0.030093
0 0.497005 0.567361 0.009635 0.030093
0 0.497266 0.596065 0.009635 0.030093
0 0.487891 0.596991 0.009635 0.030093
0 0.479036 0.598380 0.009635 0.030093
0 0.469661 0.599306 0.009635 0.030093
0 0.460547 0.600231 0.009635 0.030093
0 0.451953 0.601157 0.009635 0.030093
0 0.442839 0.602083 0.009635 0.030093
0 0.433724 0.602546 0.009635 0.030093
0 0.425391 0.603472 0.009635 0.030093
0 0.416276 0.604861 0.009635 0.030093
0 0.407422 0.605787 0.009635 0.030093
0 0.398307 0.606713 0.009635 0.030093
0 0.389453 0.607176 0.009635 0.030093
0 0.389193 0.643750 0.009635 0.031019
0 0.397917 0.643287 0.010417 0.031019
0 0.407031 0.642361 0.010417 0.031019
0 0.415885 0.641435 0.010417 0.031019
0 0.424740 0.640972 0.010417 0.031019
0 0.434115 0.640046 0.010417 0.031019
0 0.442188 0.638657 0.010417 0.031019
0 0.452083 0.637731 0.010417 0.031019
0 0.461198 0.636343 0.010417 0.031019
0 0.470052 0.636343 0.010417 0.031019
0 0.479427 0.635417 0.010417 0.031019
0 0.488021 0.634491 0.010417 0.031019
0 0.497656 0.633102 0.010417 0.031019
0 0.497917 0.663657 0.010417 0.031019
0 0.488281 0.665046 0.010417 0.031944
0 0.479297 0.666435 0.010156 0.032870
0 0.469922 0.666898 0.010156 0.032870
0 0.460286 0.668287 0.010156 0.032870
0 0.451432 0.668287 0.010156 0.032870
0 0.442057 0.670139 0.010156 0.032870
0 0.432943 0.670139 0.010156 0.032870
0 0.424089 0.670602 0.010156 0.032870
0 0.414974 0.671991 0.010156 0.032870
0 0.405859 0.672917 0.010156 0.032870
0 0.396484 0.674769 0.010156 0.032870
0 0.387630 0.675231 0.010156 0.032870
0 0.385547 0.709028 0.010156 0.032870
0 0.394661 0.708102 0.010156 0.032870
0 0.403776 0.707176 0.010156 0.032870
0 0.413151 0.705787 0.010156 0.032870
0 0.422005 0.705787 0.010156 0.032870
0 0.431380 0.704861 0.010156 0.032870
0 0.440495 0.703472 0.010156 0.032870
0 0.450911 0.701157 0.010156 0.032870
0 0.460026 0.699769 0.010156 0.032870
0 0.469401 0.698843 0.010156 0.032870
0 0.479036 0.699306 0.010156 0.032870
0 0.487630 0.698380 0.010156 0.032870
0 0.497266 0.697917 0.010156 0.032870
0 0.506901 0.696991 0.010156 0.032870
0 0.522005 0.729861 0.010156 0.032870
0 0.512630 0.729398 0.010156 0.032870
0 0.503776 0.730787 0.010156 0.032870
0 0.494922 0.730787 0.010156 0.032870
0 0.485547 0.731713 0.010156 0.032870
0 0.477214 0.732176 0.010156 0.032870
0 0.467969 0.733565 0.009896 0.033796
0 0.458724 0.733565 0.010156 0.032870
0 0.450130 0.734491 0.010156 0.032870
0 0.439974 0.734954 0.010156 0.032870
0 0.430339 0.736806 0.010156 0.032870
0 0.421484 0.737731 0.010156 0.032870
0 0.411849 0.738194 0.010156 0.032870
0 0.402734 0.739120 0.010156 0.032870
0 0.393620 0.740046 0.010156 0.032870
0 0.384245 0.740509 0.010156 0.032870
0 0.293620 0.784954 0.011198 0.033796
0 0.302474 0.784954 0.011198 0.033796
0 0.311328 0.784491 0.011198 0.033796
0 0.320964 0.782639 0.011198 0.033796
0 0.329557 0.782176 0.011198 0.033796
0 0.338932 0.782176 0.011198 0.033796
0 0.348568 0.780787 0.011198 0.033796
0 0.357682 0.779861 0.011198 0.033796
0 0.366797 0.779861 0.011198 0.033796
0 0.375911 0.778935 0.011198 0.033796
0 0.385286 0.777083 0.011198 0.033796
0 0.395182 0.776157 0.011198 0.033796
0 0.403776 0.775231 0.011198 0.033796
0 0.413411 0.775231 0.011198 0.033796
0 0.423047 0.774769 0.011198 0.033796
0 0.432161 0.773843 0.011198 0.033796
0 0.442057 0.772917 0.011198 0.033796
0 0.451432 0.771528 0.011198 0.033796
0 0.460677 0.771759 0.010417 0.034259
0 0.469792 0.770833 0.010417 0.034259
0 0.479167 0.770370 0.010417 0.034259
0 0.487500 0.769907 0.010417 0.034259
0 0.497135 0.769444 0.010417 0.034259
0 0.506250 0.768981 0.010417 0.034259
0 0.515885 0.768519 0.010417 0.034259
0 0.524740 0.768056 0.010417 0.034259
0 0.520573 0.246528 0.008854 0.025463
0 0.531641 0.245833 0.008073 0.024074
0 0.539714 0.246759 0.008073 0.024074
0 0.539453 0.273611 0.008073 0.024074
0 0.532161 0.271296 0.008073 0.024074
0 0.520703 0.273148 0.008073 0.024074
0 0.520703 0.297685 0.008073 0.024074
0 0.532161 0.297222 0.008073 0.024074
0 0.539844 0.298611 0.008333 0.026852
0 0.540104 0.325463 0.008333 0.026852
0 0.532292 0.323148 0.007812 0.025926
0 0.522135 0.324537 0.007812 0.025926
0 0.514062 0.325926 0.007812 0.025926
0 0.514323 0.351852 0.007812 0.025926
0 0.522135 0.351852 0.007812 0.025926
0 0.532292 0.350926 0.007812 0.025926
0 0.540365 0.352315 0.007812 0.025926
0 0.540885 0.380556 0.007812 0.025926
0 0.532552 0.380556 0.007812 0.025926
0 0.522135 0.380556 0.007812 0.025926
0 0.514323 0.380556 0.007812 0.025926
0 0.514323 0.406944 0.007812 0.025926
0 0.522396 0.405556 0.008333 0.025926
0 0.533073 0.405556 0.008333 0.025926
0 0.541146 0.406019 0.008333 0.025926
0 0.541406 0.435648 0.008333 0.025926
0 0.533333 0.434259 0.008333 0.025926
0 0.522786 0.434954 0.008594 0.026389
0 0.514453 0.434954 0.008594 0.026389
0 0.514193 0.464120 0.008594 0.026389
0 0.522786 0.462269 0.008594 0.026389
0 0.533724 0.462269 0.008594 0.026389
0 0.542057 0.464120 0.008594 0.026389
0 0.542448 0.494676 0.008854 0.028241
0 0.534115 0.494213 0.008854 0.028241
0 0.522917 0.492824 0.008854 0.028241
0 0.514583 0.494213 0.008854 0.028241
0 0.515104 0.524306 0.008854 0.028241
0 0.523438 0.523380 0.008854 0.028241
0 0.534375 0.522454 0.008854 0.028241
0 0.542708 0.524306 0.008854 0.028241
0 0.543229 0.556250 0.008854 0.028241
0 0.534896 0.555324 0.008854 0.028241
0 0.523438 0.555324 0.008854 0.028241
0 0.514844 0.556250 0.008854 0.028241
0 0.515365 0.585880 0.008854 0.028241
0 0.523698 0.584954 0.008854 0.028241
0 0.535156 0.584491 0.008854 0.028241
0 0.543750 0.585417 0.008854 0.028241
0 0.535156 0.121991 0.008333 0.022685
0 0.542708 0.122454 0.008333 0.022685
0 0.550521 0.124306 0.008333 0.022685
0 0.557813 0.124769 0.008333 0.022685
0 0.565885 0.126620 0.008333 0.022685
0 0.572917 0.127546 0.008333 0.022685
0 0.580990 0.128935 0.008333 0.022685
0 0.588281 0.129861 0.008333 0.022685
0 0.595833 0.131250 0.008333 0.022685
0 0.603385 0.132639 0.008333 0.022685
0 0.610677 0.134028 0.008333 0.022685
0 0.618229 0.135880 0.008333 0.022685
0 0.625521 0.138194 0.008333 0.022685
0 0.632552 0.138194 0.008333 0.022685
0 0.639583 0.138657 0.008333 0.022685
0 0.646615 0.140046 0.008333 0.022685
0 0.648177 0.161343 0.008333 0.022685
0 0.640625 0.160417 0.008333 0.022685
0 0.633333 0.159491 0.008333 0.022685
0 0.626302 0.158102 0.008333 0.022685
0 0.619010 0.157176 0.008333 0.022685
0 0.611719 0.155787 0.008333 0.022685
0 0.604688 0.154861 0.008333 0.022685
0 0.597396 0.153472 0.008333 0.022685
0 0.590365 0.153009 0.008333 0.022685
0 0.583073 0.151620 0.008333 0.022685
0 0.576042 0.150231 0.008333 0.022685
0 0.568229 0.149306 0.008333 0.022685
0 0.560677 0.147917 0.008333 0.022685
0 0.553906 0.146991 0.008333 0.022685
0 0.546615 0.146065 0.008333 0.022685
0 0.538802 0.144676 0.008333 0.022685
0 0.531250 0.143750 0.008333 0.022685
0 0.531771 0.168287 0.008333 0.022685
0 0.539323 0.169213 0.008333 0.022685
0 0.546875 0.170139 0.008333 0.022685
0 0.554427 0.171065 0.008333 0.022685
0 0.561979 0.171991 0.008333 0.022685
0 0.569271 0.173843 0.008333 0.022685
0 0.576562 0.174769 0.008333 0.022685
0 0.583854 0.175694 0.008333 0.022685
0 0.591146 0.176157 0.008333 0.022685
0 0.598437 0.177546 0.008333 0.022685
0 0.605469 0.178472 0.008333 0.022685
0 0.612760 0.179861 0.008333 0.022685
0 0.620573 0.180787 0.008333 0.022685
0 0.627604 0.182176 0.008333 0.022685
0 0.634635 0.183565 0.008333 0.022685
0 0.642188 0.184491 0.008333 0.022685
0 0.648958 0.185880 0.008333 0.022685
0 0.650260 0.206713 0.008333 0.022685
0 0.642969 0.206250 0.008333 0.022685
0 0.635938 0.204398 0.008333 0.022685
0 0.628646 0.203472 0.008333 0.022685
0 0.621094 0.203472 0.008333 0.022685
0 0.606250 0.200231 0.008333 0.022685
0 0.598958 0.199306 0.008333 0.022685
0 0.592187 0.198843 0.008333 0.022685
0 0.584635 0.197454 0.008333 0.022685
0 0.577083 0.196991 0.008333 0.022685
0 0.569792 0.195139 0.008333 0.022685
0 0.562240 0.194213 0.008333 0.022685
0 0.554948 0.193750 0.008333 0.022685
0 0.547396 0.192361 0.008333 0.022685
0 0.539714 0.192593 0.009115 0.025000
0 0.532161 0.192130 0.009115 0.025000
0 0.548047 0.217593 0.007552 0.023148
0 0.555339 0.218519 0.007552 0.023148
0 0.563021 0.219444 0.008854 0.023148
0 0.570573 0.220833 0.008854 0.023148
0 0.578385 0.221759 0.008854 0.023148
0 0.585677 0.222685 0.008854 0.023148
0 0.593229 0.224074 0.008854 0.023148
0 0.600260 0.225000 0.008854 0.023148
0 0.607812 0.225463 0.008854 0.023148
0 0.615365 0.226852 0.008854 0.023148
0 0.622656 0.228241 0.008854 0.023148
0 0.629948 0.229167 0.008854 0.023148
0 0.637500 0.229630 0.008854 0.023148
0 0.644531 0.231019 0.008854 0.023148
0 0.652083 0.231481 0.008854 0.023148
0 0.653646 0.254167 0.008854 0.023148
0 0.645312 0.253241 0.008854 0.023148
0 0.638281 0.252315 0.008854 0.023148
0 0.631771 0.250926 0.008854 0.023148
0 0.623958 0.250000 0.008854 0.023148
0 0.616146 0.249537 0.008854 0.023148
0 0.608594 0.248148 0.008854 0.023148
0 0.601042 0.247685 0.008854 0.023148
0 0.593490 0.246296 0.008854 0.023148
0 0.585938 0.245370 0.008854 0.023148
0 0.578646 0.244444 0.008854 0.023148
0 0.571354 0.242593 0.008854 0.023148
0 0.563542 0.242130 0.008854 0.023148
0 0.555990 0.240741 0.008854 0.023148
0 0.547917 0.240278 0.008854 0.023148
0 0.548958 0.266204 0.008854 0.023148
0 0.556771 0.268056 0.008854 0.023148
0 0.564583 0.268519 0.008854 0.023148
0 0.572135 0.269444 0.008854 0.023148
0 0.579948 0.270370 0.008854 0.023148
0 0.587240 0.271759 0.008854 0.023148
0 0.594792 0.272222 0.008854 0.023148
0 0.602083 0.273611 0.008854 0.023148
0 0.609896 0.274074 0.008854 0.023148
0 0.617708 0.275000 0.008854 0.023148
0 0.624740 0.275926 0.008854 0.023148
0 0.632812 0.277315 0.008854 0.023148
0 0.640104 0.277778 0.008854 0.023148
0 0.647656 0.278241 0.008854 0.023148
0 0.664062 0.302778 0.008854 0.023148
0 0.656510 0.302778 0.008854 0.023148
0 0.648958 0.301852 0.008854 0.023148
0 0.641667 0.300926 0.008854 0.023148
0 0.633594 0.299537 0.008854 0.023148
0 0.626042 0.298611 0.008854 0.023148
0 0.618490 0.297685 0.008854 0.023148
0 0.611198 0.296759 0.008854 0.023148
0 0.603125 0.296296 0.008854 0.023148
0 0.595573 0.295370 0.008854 0.023148
0 0.588021 0.294444 0.008854 0.023148
0 0.580208 0.293056 0.008854 0.023148
0 0.572656 0.292593 0.008854 0.023148
0 0.565365 0.291667 0.008854 0.023148
0 0.557031 0.290278 0.008854 0.023148
0 0.549219 0.289815 0.008854 0.023148
0 0.550260 0.313426 0.008854 0.023148
0 0.557813 0.314352 0.008854 0.023148
0 0.565625 0.314815 0.008854 0.023148
0 0.573438 0.315741 0.008854 0.023148
0 0.581510 0.317130 0.008854 0.023148
0 0.588802 0.317593 0.008854 0.023148
0 0.596354 0.318519 0.008854 0.023148
0 0.604167 0.319444 0.008854 0.023148
0 0.612240 0.319907 0.008854 0.023148
0 0.619792 0.320833 0.008854 0.023148
0 0.627344 0.322222 0.008854 0.023148
0 0.635156 0.323148 0.008854 0.023148
0 0.642448 0.324074 0.008854 0.023148
0 0.650781 0.325000 0.008854 0.023148
0 0.657813 0.325000 0.008854 0.023148
0 0.665625 0.325926 0.008854 0.023148
0 0.651823 0.347685 0.008854 0.023148
0 0.643750 0.347685 0.008854 0.023148
0 0.635938 0.346759 0.008854 0.023148
0 0.628385 0.345370 0.008854 0.023148
0 0.620833 0.344907 0.008854 0.023148
0 0.613542 0.343981 0.008854 0.023148
0 0.605469 0.342593 0.008854 0.023148
0 0.597396 0.342130 0.008854 0.023148
0 0.589583 0.341667 0.008854 0.023148
0 0.582161 0.340509 0.008594 0.024537
0 0.574089 0.339120 0.008594 0.024537
0 0.566276 0.339120 0.008594 0.024537
0 0.558724 0.337731 0.008594 0.024537
0 0.550651 0.337269 0.008594 0.024537
0 0.550781 0.364352 0.008854 0.025926
0 0.559245 0.365046 0.008594 0.024537
0 0.566797 0.366435 0.008594 0.024537
0 0.575130 0.366435 0.008594 0.024537
0 0.582943 0.367824 0.008594 0.024537
0 0.590755 0.369213 0.008594 0.024537
0 0.598568 0.369676 0.008594 0.024537
0 0.606380 0.370139 0.008594 0.024537
0 0.614193 0.371065 0.008594 0.024537
0 0.622005 0.372454 0.008594 0.024537
0 0.629818 0.372454 0.008594 0.024537
0 0.638151 0.374306 0.008594 0.024537
0 0.645182 0.375231 0.008594 0.024537
0 0.653516 0.375694 0.008594 0.024537
0 0.660807 0.376620 0.008594 0.024537
0 0.662370 0.400694 0.008594 0.024537
0 0.654818 0.400694 0.008594 0.024537
0 0.646875 0.399306 0.008854 0.024537
0 0.639062 0.398380 0.008854 0.024537
0 0.631250 0.396991 0.008854 0.024537
0 0.623177 0.396065 0.008854 0.024537
0 0.615104 0.396065 0.008854 0.024537
0 0.607552 0.395602 0.008854 0.024537
0 0.599740 0.393750 0.008854 0.024537
0 0.591406 0.393287 0.008854 0.024537
0 0.583854 0.392361 0.008854 0.024537
0 0.575521 0.390972 0.008854 0.024537
0 0.567708 0.390046 0.008854 0.024537
0 0.559635 0.389583 0.008854 0.024537
0 0.551432 0.389583 0.009635 0.026389
0 0.552734 0.417361 0.009635 0.026389
0 0.560286 0.419213 0.009635 0.026389
0 0.568359 0.418750 0.009635 0.026389
0 0.576432 0.419676 0.009635 0.026389
0 0.584245 0.420139 0.009635 0.026389
0 0.592318 0.421991 0.009635 0.026389
0 0.600651 0.422454 0.009635 0.026389
0 0.608464 0.422917 0.009635 0.026389
0 0.616016 0.424769 0.009635 0.026389
0 0.624089 0.425694 0.009635 0.026389
0 0.632161 0.426157 0.009635 0.026389
0 0.640234 0.427546 0.009635 0.026389
0 0.648047 0.427546 0.009635 0.026389
0 0.656380 0.428935 0.009635 0.026389
0 0.664453 0.429861 0.009635 0.026389
0 0.672005 0.430324 0.009635 0.026389
0 0.657682 0.453472 0.009635 0.026389
0 0.649870 0.453472 0.009635 0.026389
0 0.641276 0.452546 0.009635 0.026389
0 0.634245 0.451157 0.009635 0.026389
0 0.625651 0.450694 0.009635 0.026389
0 0.617578 0.449306 0.009635 0.026389
0 0.609245 0.448843 0.009635 0.026389
0 0.601693 0.447917 0.009635 0.026389
0 0.593620 0.446991 0.009635 0.026389
0 0.585286 0.446065 0.009635 0.026389
0 0.577474 0.445602 0.009635 0.026389
0 0.569141 0.444676 0.009635 0.026389
0 0.561068 0.443750 0.009635 0.026389
0 0.552734 0.442824 0.009635 0.026389
0 0.553516 0.477546 0.009635 0.026389
0 0.561849 0.478935 0.009635 0.026389
0 0.570443 0.479861 0.009635 0.026389
0 0.578255 0.480787 0.009635 0.026389
0 0.586328 0.480787 0.009635 0.026389
0 0.594661 0.482176 0.009635 0.026389
0 0.602734 0.482639 0.009635 0.026389
0 0.610807 0.484028 0.009635 0.026389
0 0.619141 0.484491 0.009635 0.026389
0 0.627214 0.485417 0.009635 0.026389
0 0.635286 0.486343 0.009635 0.026389
0 0.643620 0.487269 0.009635 0.026389
0 0.651432 0.488194 0.009635 0.026389
0 0.660026 0.488657 0.009635 0.026389
0 0.667839 0.490046 0.009635 0.026389
0 0.675911 0.490972 0.009635 0.026389
0 0.661589 0.517824 0.009635 0.026389
0 0.653255 0.516898 0.009635 0.026389
0 0.645182 0.515972 0.009635 0.026389
0 0.636849 0.515509 0.009635 0.026389
0 0.629036 0.513657 0.009635 0.026389
0 0.620703 0.513657 0.009635 0.026389
0 0.612370 0.512731 0.009635 0.026389
0 0.604036 0.511806 0.009635 0.026389
0 0.595703 0.510417 0.009635 0.026389
0 0.587370 0.509954 0.009635 0.026389
0 0.579297 0.509491 0.009635 0.026389
0 0.571224 0.508102 0.009635 0.026389
0 0.562891 0.506713 0.009635 0.026389
0 0.553776 0.506713 0.009635 0.026389
0 0.555078 0.542361 0.010156 0.029167
0 0.564193 0.542824 0.009115 0.030093
0 0.571875 0.543981 0.008854 0.027778
0 0.580208 0.545370 0.010417 0.029630
0 0.588932 0.546065 0.010156 0.028241
0 0.597917 0.546528 0.010417 0.028241
0 0.605729 0.547454 0.010417 0.028241
0 0.614323 0.547917 0.010417 0.028241
0 0.622656 0.549306 0.010417 0.028241
0 0.630729 0.550231 0.010417 0.028241
0 0.639062 0.550231 0.010417 0.028241
0 0.647396 0.551157 0.010417 0.028241
0 0.655469 0.552083 0.010417 0.028241
0 0.664062 0.553009 0.010417 0.028241
0 0.672135 0.554398 0.010417 0.028241
0 0.680729 0.554398 0.010417 0.028241
0 0.688802 0.554861 0.010417 0.028241
0 0.696875 0.556250 0.010417 0.028241
0 0.705208 0.557639 0.010417 0.028241
0 0.713542 0.557639 0.010417 0.028241
0 0.720833 0.558102 0.010417 0.028241
0 0.729427 0.558565 0.010417 0.028241
0 0.737240 0.560417 0.010417 0.028241
0 0.745573 0.560880 0.010417 0.028241
0 0.747917 0.587731 0.010417 0.028241
0 0.739844 0.587269 0.010417 0.028241
0 0.731250 0.586806 0.010417 0.028241
0 0.723698 0.586343 0.010417 0.028241
0 0.715365 0.585880 0.010417 0.028241
0 0.707031 0.584954 0.010417 0.028241
0 0.699219 0.584028 0.010417 0.028241
0 0.690365 0.583102 0.010417 0.028241
0 0.682292 0.582639 0.010417 0.028241
0 0.674479 0.581713 0.010417 0.028241
0 0.665885 0.580787 0.010417 0.028241
0 0.657552 0.579861 0.010417 0.028241
0 0.649219 0.579398 0.010417 0.028241
0 0.640885 0.578935 0.010417 0.028241
0 0.632292 0.578009 0.010417 0.028241
0 0.623958 0.577083 0.010417 0.028241
0 0.615625 0.575694 0.010417 0.028241
0 0.607292 0.575694 0.010417 0.028241
0 0.598437 0.574769 0.010417 0.028241
0 0.589583 0.573380 0.010417 0.028241
0 0.581510 0.572917 0.010417 0.028241
0 0.573177 0.571528 0.010417 0.028241
0 0.564844 0.571065 0.010417 0.028241
0 0.555990 0.569676 0.010417 0.028241
0 0.556510 0.598380 0.010417 0.028241
0 0.565104 0.598843 0.010417 0.028241
0 0.573958 0.599306 0.010417 0.028241
0 0.582292 0.600694 0.010417 0.028241
0 0.590885 0.601157 0.010417 0.028241
0 0.599740 0.602083 0.010417 0.028241
0 0.608073 0.602546 0.010417 0.028241
0 0.616927 0.604398 0.010417 0.028241
0 0.625521 0.604861 0.010417 0.028241
0 0.634115 0.605324 0.010417 0.028241
0 0.642188 0.605787 0.010417 0.028241
0 0.651042 0.607176 0.010417 0.028241
0 0.659375 0.607639 0.010417 0.028241
0 0.667448 0.608565 0.010417 0.028241
0 0.692969 0.610880 0.010417 0.028241
0 0.700781 0.611806 0.010417 0.028241
0 0.709115 0.612731 0.010417 0.028241
0 0.717187 0.613194 0.010417 0.028241
0 0.725781 0.614120 0.010417 0.028241
0 0.733594 0.615046 0.010417 0.028241
0 0.741927 0.615046 0.010417 0.028241
0 0.750260 0.615509 0.010417 0.028241
0 0.557682 0.632870 0.010156 0.030556
0 0.566536 0.632870 0.010156 0.030556
0 0.575130 0.634259 0.010156 0.030556
0 0.583984 0.635648 0.010156 0.030556
0 0.592578 0.636111 0.010156 0.030556
0 0.601172 0.636574 0.010156 0.030556
0 0.610026 0.637500 0.010156 0.030556
0 0.618620 0.638426 0.010156 0.030556
0 0.627214 0.639352 0.010156 0.030556
0 0.635807 0.640278 0.010156 0.030556
0 0.644141 0.640741 0.010156 0.030556
0 0.652474 0.641667 0.010156 0.030556
0 0.661328 0.642593 0.010156 0.030556
0 0.669922 0.643056 0.010156 0.030556
0 0.678255 0.643981 0.010156 0.030556
0 0.686589 0.644444 0.010156 0.030556
0 0.694922 0.644907 0.010156 0.030556
0 0.703516 0.645833 0.010156 0.030556
0 0.711849 0.646296 0.010156 0.030556
0 0.720182 0.647222 0.010156 0.030556
0 0.728255 0.647685 0.010156 0.030556
0 0.736849 0.648611 0.010156 0.030556
0 0.744922 0.648611 0.010156 0.030556
0 0.753255 0.649537 0.010156 0.030556
0 0.756120 0.678009 0.010156 0.029167
0 0.747656 0.677083 0.010937 0.030093
0 0.739323 0.677546 0.010937 0.030093
0 0.730990 0.676620 0.010937 0.030093
0 0.722656 0.676157 0.010937 0.030093
0 0.714323 0.675694 0.010937 0.030093
0 0.705990 0.674769 0.010937 0.030093
0 0.697656 0.674306 0.010937 0.030093
0 0.688802 0.673843 0.010937 0.030093
0 0.680469 0.672917 0.010937 0.030093
0 0.671875 0.672454 0.010937 0.030093
0 0.663281 0.671528 0.010937 0.030093
0 0.654687 0.670602 0.010937 0.030093
0 0.645833 0.669676 0.010937 0.030093
0 0.637500 0.668750 0.010937 0.030093
0 0.628906 0.668287 0.010937 0.030093
0 0.620313 0.668287 0.010937 0.030093
0 0.611458 0.665972 0.010937 0.030093
0 0.602344 0.665509 0.010937 0.030093
0 0.593750 0.665046 0.010937 0.030093
0 0.585156 0.665046 0.010937 0.030093
0 0.576562 0.663657 0.010417 0.030093
0 0.567448 0.662731 0.009896 0.029167
0 0.558724 0.662731 0.009635 0.031019
0 0.535156 0.694444 0.009375 0.031481
0 0.544271 0.695833 0.009375 0.031481
0 0.552865 0.696296 0.009375 0.031481
0 0.561979 0.697222 0.009375 0.031481
0 0.570833 0.698611 0.009375 0.031481
0 0.579427 0.699074 0.009375 0.031481
0 0.588542 0.700000 0.009375 0.031481
0 0.597266 0.700231 0.010156 0.031019
0 0.606120 0.701157 0.010156 0.031019
0 0.614714 0.702083 0.010156 0.031019
0 0.623828 0.702546 0.010156 0.031019
0 0.632682 0.703472 0.010156 0.031019
0 0.641276 0.704398 0.010156 0.031019
0 0.649870 0.704398 0.010156 0.031019
0 0.658724 0.705787 0.010156 0.031019
0 0.667578 0.706250 0.010156 0.031019
0 0.675911 0.706250 0.010156 0.031019
0 0.684766 0.706713 0.010156 0.031019
0 0.693099 0.707639 0.010156 0.031019
0 0.701953 0.708333 0.011719 0.031481
0 0.710807 0.709259 0.011719 0.031481
0 0.719141 0.710185 0.010677 0.031481
0 0.727474 0.711111 0.010677 0.031481
0 0.735807 0.712037 0.010677 0.031481
0 0.744401 0.712037 0.010677 0.031481
0 0.752474 0.712500 0.010677 0.031481
0 0.755469 0.742361 0.010937 0.031019
0 0.746875 0.741898 0.010937 0.031019
0 0.738542 0.741435 0.010937 0.031019
0 0.729948 0.740509 0.010937 0.031019
0 0.721094 0.740046 0.010937 0.031019
0 0.712240 0.739120 0.010937 0.031019
0 0.704427 0.739120 0.010937 0.031019
0 0.695312 0.737731 0.010937 0.031019
0 0.686589 0.737500 0.011198 0.030556
0 0.677995 0.737037 0.011198 0.030556
0 0.669661 0.736574 0.011198 0.030556
0 0.660677 0.735185 0.010937 0.031481
0 0.652083 0.735648 0.010937 0.031481
0 0.643229 0.734259 0.010937 0.031481
0 0.633854 0.733796 0.010937 0.031481
0 0.624740 0.733333 0.010937 0.031481
0 0.615885 0.732870 0.010937 0.031481
0 0.607292 0.732407 0.010937 0.031481
0 0.598698 0.731019 0.010937 0.031481
0 0.590104 0.730093 0.010937 0.031481
0 0.580469 0.729630 0.010937 0.031481
0 0.571615 0.729167 0.010937 0.031481
0 0.563021 0.728704 0.010937 0.031481
0 0.553906 0.727778 0.010417 0.031481
0 0.545052 0.726852 0.009896 0.031481
0 0.535677 0.726389 0.009896 0.031481
0 0.536068 0.765509 0.010156 0.033796
0 0.545443 0.766898 0.010156 0.033796
0 0.554557 0.766435 0.010156 0.033796
0 0.563672 0.766898 0.010156 0.033796
0 0.573047 0.767361 0.010156 0.033796
0 0.581901 0.767593 0.011198 0.033333
0 0.591536 0.768056 0.011198 0.033333
0 0.600651 0.768519 0.011198 0.033333
0 0.609505 0.769907 0.011198 0.033333
0 0.618359 0.770370 0.011198 0.033333
0 0.627474 0.771296 0.011198 0.033333
0 0.636328 0.771296 0.011198 0.033333
0 0.645182 0.771759 0.011198 0.033333
0 0.653776 0.771759 0.011198 0.033333
0 0.663151 0.773148 0.011198 0.033333
0 0.671484 0.772685 0.011198 0.033333
0 0.680599 0.773611 0.011198 0.033333
0 0.689193 0.773611 0.011198 0.033333
0 0.697786 0.774537 0.011198 0.033333
0 0.706641 0.775926 0.011198 0.033333
0 0.715365 0.775694 0.011458 0.034722
0 0.724089 0.775231 0.011719 0.031944
0 0.732682 0.775694 0.011719 0.031944
0 0.741276 0.775694 0.011719 0.031944
0 0.749609 0.776620 0.011719 0.031944
0 0.758464 0.776157 0.011719 0.031944
0 0.668359 0.144444 0.008594 0.020370
0 0.675130 0.145370 0.008594 0.020370
0 0.681901 0.146759 0.008594 0.020370
0 0.689453 0.147685 0.008594 0.020370
0 0.695703 0.148611 0.008594 0.020370
0 0.702995 0.150000 0.008594 0.020370
0 0.710026 0.150926 0.008594 0.020370
0 0.716797 0.152778 0.008594 0.020370
0 0.723828 0.153704 0.008594 0.020370
0 0.732422 0.153704 0.009115 0.022222
0 0.739453 0.155556 0.009115 0.022222
0 0.747005 0.156019 0.009115 0.022222
0 0.748828 0.177778 0.009115 0.022222
0 0.741536 0.176852 0.009115 0.022222
0 0.734245 0.175463 0.009115 0.022222
0 0.725651 0.174537 0.009115 0.022222
0 0.718750 0.173148 0.008854 0.021296
0 0.711719 0.171296 0.008854 0.021296
0 0.704688 0.170370 0.008854 0.021296
0 0.697656 0.169444 0.008854 0.021296
0 0.690625 0.168056 0.008854 0.021296
0 0.684115 0.167593 0.008854 0.021296
0 0.676823 0.166204 0.008854 0.021296
0 0.670052 0.165278 0.008854 0.021296
0 0.671094 0.189352 0.008854 0.021296
0 0.678646 0.190278 0.008854 0.021296
0 0.685547 0.191667 0.009115 0.022222
0 0.692578 0.193056 0.009115 0.022222
0 0.699870 0.194444 0.009115 0.022222
0 0.706901 0.195370 0.009115 0.022222
0 0.713932 0.196296 0.009115 0.022222
0 0.720703 0.197222 0.009115 0.022222
0 0.728255 0.198611 0.009115 0.022222
0 0.736849 0.199537 0.009115 0.022222
0 0.744141 0.200926 0.009115 0.022222
0 0.750911 0.201852 0.009115 0.022222
0 0.753255 0.223843 0.009635 0.022685
0 0.745703 0.223380 0.009635 0.022685
0 0.738411 0.221528 0.009635 0.022685
0 0.729557 0.219676 0.009635 0.022685
0 0.722786 0.218287 0.009635 0.022685
0 0.715755 0.217361 0.009635 0.022685
0 0.708724 0.215972 0.009635 0.022685
0 0.701693 0.214815 0.008594 0.022222
0 0.694141 0.213426 0.008594 0.022222
0 0.686849 0.212500 0.008594 0.022222
0 0.679557 0.211111 0.008594 0.022222
0 0.672526 0.210185 0.008594 0.022222
0 0.674349 0.236343 0.009115 0.022685
0 0.681901 0.237269 0.009115 0.022685
0 0.689453 0.238194 0.009115 0.022685
0 0.696224 0.238657 0.009115 0.022685
0 0.703516 0.240509 0.009115 0.022685
0 0.710547 0.241435 0.009115 0.022685
0 0.717578 0.242361 0.009115 0.022685
0 0.724870 0.243287 0.009115 0.022685
0 0.732161 0.244213 0.009115 0.022685
0 0.741016 0.244213 0.009115 0.022685
0 0.748307 0.245139 0.009115 0.022685
0 0.755599 0.246528 0.009115 0.022685
0 0.757943 0.268981 0.009635 0.023148
0 0.750651 0.267593 0.009635 0.023148
0 0.743359 0.266667 0.009635 0.023148
0 0.734245 0.266667 0.009635 0.023148
0 0.727214 0.264815 0.009635 0.023148
0 0.719922 0.263889 0.009635 0.023148
0 0.712630 0.262963 0.009635 0.023148
0 0.705339 0.262037 0.009635 0.023148
0 0.697786 0.261111 0.009635 0.023148
0 0.691016 0.260185 0.009635 0.023148
0 0.683203 0.259259 0.009635 0.023148
0 0.676432 0.258333 0.009635 0.023148
0 0.677474 0.283333 0.009635 0.023148
0 0.685807 0.283333 0.009635 0.023148
0 0.692839 0.285648 0.009635 0.023148
0 0.700130 0.286574 0.009635 0.023148
0 0.707682 0.287500 0.009635 0.023148
0 0.714714 0.287963 0.009635 0.023148
0 0.722005 0.288889 0.009635 0.023148
0 0.729557 0.290278 0.009635 0.023148
0 0.736458 0.290972 0.009375 0.023611
0 0.745573 0.290046 0.009375 0.023611
0 0.752865 0.290972 0.009375 0.023611
0 0.760677 0.291898 0.009375 0.023611
0 0.762630 0.315741 0.009635 0.024074
0 0.755078 0.314352 0.009635 0.024074
0 0.747526 0.313426 0.009635 0.024074
0 0.738932 0.313889 0.009635 0.024074
0 0.731120 0.313426 0.009635 0.024074
0 0.723828 0.312037 0.009635 0.024074
0 0.716536 0.311111 0.009635 0.024074
0 0.709245 0.310185 0.009635 0.024074
0 0.701693 0.309722 0.009635 0.024074
0 0.694401 0.307870 0.009635 0.024074
0 0.687109 0.307407 0.009635 0.024074
0 0.679036 0.306019 0.009635 0.024074
0 0.680339 0.328704 0.009635 0.024074
0 0.688672 0.330093 0.009635 0.024074
0 0.695964 0.330093 0.009635 0.024074
0 0.703516 0.331481 0.009635 0.024074
0 0.710807 0.332870 0.009635 0.024074
0 0.718359 0.333796 0.009635 0.024074
0 0.725391 0.334722 0.009635 0.024074
0 0.733464 0.335185 0.009635 0.024074
0 0.740495 0.336111 0.009635 0.024074
0 0.749870 0.337037 0.009635 0.024074
0 0.757161 0.337963 0.009635 0.024074
0 0.765495 0.339352 0.009635 0.024074
0 0.767318 0.363889 0.010156 0.025000
0 0.760026 0.362500 0.010156 0.025000
0 0.751953 0.361574 0.010156 0.025000
0 0.742839 0.360648 0.010156 0.025000
0 0.735547 0.358333 0.010156 0.025000
0 0.727734 0.357870 0.010156 0.025000
0 0.720703 0.357407 0.010156 0.025000
0 0.713151 0.356019 0.010156 0.025000
0 0.705599 0.355556 0.010156 0.025000
0 0.698047 0.354167 0.010156 0.025000
0 0.690625 0.353009 0.009375 0.024537
0 0.682292 0.352546 0.009375 0.024537
0 0.684115 0.379398 0.009375 0.024537
0 0.692187 0.380324 0.009375 0.024537
0 0.699479 0.380787 0.009375 0.024537
0 0.707552 0.382176 0.009375 0.024537
0 0.714844 0.383102 0.009375 0.024537
0 0.722656 0.384028 0.009375 0.024537
0 0.730208 0.384954 0.009375 0.024537
0 0.737760 0.385880 0.009375 0.024537
0 0.745313 0.387269 0.009375 0.024537
0 0.754427 0.386806 0.009375 0.024537
0 0.762500 0.387269 0.009375 0.024537
0 0.769792 0.388657 0.009375 0.024537
0 0.772786 0.414120 0.010156 0.026389
0 0.764453 0.412731 0.010156 0.026389
0 0.757161 0.411806 0.010156 0.026389
0 0.747786 0.411343 0.010156 0.026389
0 0.739974 0.410417 0.010156 0.026389
0 0.732161 0.409954 0.010156 0.026389
0 0.724479 0.408333 0.009896 0.025000
0 0.716667 0.406944 0.009896 0.025000
0 0.709375 0.406481 0.009896 0.025000
0 0.701823 0.405093 0.009896 0.025000
0 0.693750 0.405093 0.009896 0.025000
0 0.686458 0.403704 0.009896 0.025000
0 0.688542 0.431944 0.009896 0.025000
0 0.696094 0.433796 0.009896 0.025000
0 0.703906 0.434722 0.009896 0.025000
0 0.711458 0.435185 0.009896 0.025000
0 0.719271 0.436574 0.009896 0.025000
0 0.727083 0.437037 0.009896 0.025000
0 0.734375 0.437963 0.009896 0.025000
0 0.742448 0.438889 0.009896 0.025000
0 0.750260 0.440278 0.009896 0.025000
0 0.759375 0.440509 0.009896 0.026389
0 0.767448 0.441435 0.009896 0.026389
0 0.775521 0.442361 0.009896 0.026389
0 0.777865 0.468519 0.010937 0.027778
0 0.770052 0.468056 0.010937 0.027778
0 0.762109 0.466667 0.010156 0.026852
0 0.752474 0.464815 0.010156 0.026852
0 0.744401 0.464120 0.010156 0.025463
0 0.736849 0.463194 0.010156 0.025463
0 0.728776 0.462269 0.010156 0.025463
0 0.720964 0.461343 0.010156 0.025463
0 0.713672 0.460417 0.010156 0.025463
0 0.705339 0.459954 0.010156 0.025463
0 0.698047 0.458565 0.010156 0.025463
0 0.689714 0.457639 0.010156 0.025463
0 0.692578 0.492361 0.010156 0.025463
0 0.700130 0.493750 0.010156 0.025463
0 0.708464 0.494676 0.010156 0.025463
0 0.716276 0.495139 0.010156 0.025463
0 0.724089 0.496528 0.010156 0.025463
0 0.732422 0.496991 0.010156 0.025463
0 0.740234 0.497917 0.010156 0.025463
0 0.747786 0.498380 0.010156 0.025463
0 0.755599 0.499769 0.010156 0.025463
0 0.765365 0.499306 0.010417 0.027315
0 0.773177 0.500231 0.010417 0.027315
0 0.781510 0.501157 0.010417 0.027315
0 0.784115 0.527778 0.010937 0.027778
0 0.776042 0.526852 0.010937 0.027778
0 0.768229 0.526852 0.010937 0.027778
0 0.758594 0.527315 0.010937 0.027778
0 0.750521 0.526389 0.010937 0.027778
0 0.742448 0.526389 0.010937 0.027778
0 0.734635 0.525463 0.010937 0.027778
0 0.726302 0.524537 0.010937 0.026852
0 0.718750 0.523611 0.010937 0.026852
0 0.710938 0.523148 0.010937 0.026852
0 0.702865 0.521759 0.010937 0.026852
0 0.693750 0.521296 0.010937 0.026852
0 0.613802 0.201620 0.008333 0.022685
