0 0.817448 0.246065 0.020833 0.043981
0 0.830729 0.245139 0.020833 0.043981
0 0.844792 0.243287 0.020833 0.043981
0 0.859115 0.240972 0.020833 0.043981
0 0.873177 0.240046 0.020833 0.043981
0 0.822917 0.286806 0.020833 0.043981
0 0.837500 0.285880 0.020833 0.043981
0 0.852083 0.284491 0.021354 0.044907
0 0.865104 0.282639 0.021354 0.044907
0 0.880208 0.280324 0.021354 0.044907
0 0.870703 0.334722 0.023177 0.049074
0 0.886068 0.332870 0.023177 0.049074
0 0.900651 0.331944 0.023177 0.049074
0 0.883724 0.409028 0.025260 0.050463
0 0.901172 0.406250 0.025260 0.050463
0 0.914974 0.404861 0.025260 0.050463
0 0.238281 0.284259 0.031771 0.085185
0 0.264844 0.281019 0.031771 0.085185
0 0.290885 0.278241 0.031771 0.085185
0 0.315365 0.273611 0.031771 0.085185
0 0.340625 0.270833 0.031771 0.085185
0 0.367188 0.267593 0.031771 0.085185
0 0.394010 0.264815 0.031771 0.085185
0 0.419531 0.263889 0.031771 0.085185
0 0.445312 0.261574 0.031771 0.085185
0 0.472917 0.256944 0.031771 0.085185
0 0.496875 0.254630 0.031771 0.085185
0 0.523698 0.250000 0.031771 0.085185
0 0.547656 0.247222 0.031771 0.085185
0 0.573568 0.243287 0.033073 0.083796
0 0.599609 0.238657 0.033073 0.083796
0 0.625130 0.238657 0.033073 0.083796
0 0.650651 0.232639 0.033073 0.083796
0 0.676432 0.227546 0.033073 0.083796
0 0.702734 0.225231 0.033073 0.083796
0 0.727995 0.220602 0.035677 0.081944
0 0.751953 0.217824 0.035677 0.081944
0 0.776693 0.215046 0.035677 0.081944
0 0.236198 0.367130 0.031771 0.088889
0 0.262760 0.362037 0.031771 0.088889
0 0.289323 0.359722 0.031771 0.088889
0 0.315365 0.355556 0.031771 0.088889
0 0.342187 0.351389 0.031771 0.088889
0 0.369531 0.349074 0.031771 0.088889
0 0.395833 0.349074 0.031771 0.088889
0 0.422396 0.344444 0.031771 0.088889
0 0.448437 0.341204 0.031771 0.088889
0 0.475260 0.338426 0.031771 0.088889
0 0.501042 0.335185 0.031771 0.088889
0 0.527865 0.331019 0.031771 0.088889
0 0.552604 0.326389 0.033854 0.087037
0 0.578125 0.323611 0.033854 0.087037
0 0.604427 0.320833 0.033854 0.087037
0 0.631510 0.317130 0.033854 0.087037
0 0.658073 0.312500 0.033854 0.087037
0 0.684115 0.310185 0.033854 0.087037
0 0.710156 0.303704 0.033854 0.087037
0 0.734896 0.299769 0.036458 0.085648
0 0.761979 0.297454 0.036458 0.085648
0 0.788021 0.293287 0.036458 0.085648
0 0.234115 0.451852 0.032292 0.094444
0 0.262500 0.449537 0.032292 0.094444
0 0.287240 0.444907 0.032292 0.094444
0 0.314844 0.442130 0.032292 0.094444
0 0.719141 0.388194 0.036198 0.091204
0 0.744401 0.383565 0.036198 0.091204
0 0.771484 0.380556 0.038281 0.091667
0 0.798047 0.377778 0.038281 0.091667
0 0.233333 0.540509 0.032292 0.097685
0 0.260417 0.538657 0.032292 0.097685
0 0.287500 0.533565 0.032292 0.097685
0 0.315885 0.529861 0.032292 0.097685
0 0.345052 0.525694 0.032292 0.097685
0 0.371354 0.523843 0.032292 0.097685
0 0.399479 0.520602 0.032292 0.097685
0 0.426302 0.515509 0.032292 0.097685
0 0.454167 0.512731 0.032292 0.097685
0 0.481510 0.509028 0.032292 0.097685
0 0.510156 0.504398 0.032292 0.097685
0 0.535677 0.501620 0.032292 0.097685
0 0.563021 0.497685 0.033333 0.095370
0 0.589844 0.494213 0.035937 0.095833
0 0.617708 0.490972 0.035937 0.095833
0 0.645052 0.487269 0.035937 0.095833
0 0.673177 0.482176 0.035937 0.095833
0 0.700651 0.479861 0.037760 0.095833
0 0.726953 0.475231 0.037760 0.095833
0 0.755078 0.472454 0.037760 0.095833
0 0.781901 0.467361 0.037760 0.095833
0 0.808984 0.464583 0.037760 0.095833
0 0.231250 0.635417 0.032292 0.097685
0 0.259896 0.632639 0.032292 0.097685
0 0.288021 0.630787 0.032292 0.097685
0 0.317188 0.624306 0.032292 0.097685
0 0.344531 0.621065 0.032292 0.097685
0 0.373958 0.615509 0.032292 0.097685
0 0.400521 0.610880 0.032292 0.097685
0 0.430208 0.606713 0.032292 0.097685
0 0.457552 0.601620 0.032292 0.097685
0 0.484375 0.599306 0.032292 0.097685
0 0.513281 0.596065 0.032292 0.097685
0 0.540495 0.592361 0.036198 0.098611
0 0.570182 0.587731 0.036198 0.098611
0 0.598047 0.584028 0.036198 0.098611
0 0.624609 0.581713 0.036198 0.098611
0 0.653385 0.576620 0.038542 0.098611
0 0.681510 0.572454 0.038542 0.098611
0 0.710156 0.568750 0.038542 0.098611
0 0.737240 0.566898 0.038542 0.098611
0 0.764844 0.562269 0.038542 0.098611
0 0.792969 0.557407 0.040104 0.095370
0 0.820703 0.554630 0.040365 0.095370
