0 0.445703 0.503704 0.052865 0.037037
0 0.447005 0.537500 0.052865 0.037037
0 0.447005 0.572222 0.053906 0.036111
0 0.448437 0.609491 0.057292 0.041204
0 0.449479 0.651852 0.057813 0.043519
0 0.451042 0.695370 0.059896 0.046296
0 0.452344 0.741204 0.062500 0.048148
0 0.453385 0.769676 0.063021 0.022685
0 0.512370 0.499074 0.053385 0.037037
0 0.514323 0.532176 0.054688 0.037500
0 0.517578 0.565741 0.054948 0.041667
0 0.522656 0.602546 0.057292 0.040278
0 0.524740 0.644676 0.057292 0.043056
0 0.529297 0.685185 0.060156 0.046296
0 0.532682 0.725694 0.063281 0.049537
0 0.535417 0.761343 0.062500 0.022685
0 0.362370 0.345833 0.027865 0.055556
0 0.388672 0.346759 0.027344 0.055556
0 0.412370 0.344907 0.027344 0.055556
0 0.437370 0.343056 0.027344 0.055556
0 0.460807 0.342593 0.027344 0.055556
0 0.486328 0.341667 0.027344 0.055556
0 0.510026 0.341667 0.027344 0.055556
0 0.557161 0.336111 0.027344 0.055556
0 0.533984 0.338889 0.027344 0.055556
0 0.358724 0.403241 0.029948 0.059259
0 0.385547 0.402315 0.029948 0.059259
0 0.411979 0.401157 0.028125 0.059722
0 0.436979 0.400231 0.028125 0.059722
0 0.463021 0.396528 0.028125 0.059722
0 0.487630 0.395833 0.028385 0.055556
0 0.514193 0.393981 0.028385 0.055556
0 0.538672 0.391204 0.028385 0.055556
0 0.562760 0.390046 0.028125 0.057870
