0 0.098698 0.281250 0.070312 0.053241
0 0.087109 0.324769 0.071615 0.056019
0 0.075260 0.372454 0.075521 0.058796
0 0.062240 0.421528 0.074479 0.058796
0 0.158203 0.286574 0.070573 0.051852
0 0.147266 0.330093 0.073177 0.056481
0 0.136589 0.378472 0.074219 0.058796
0 0.125521 0.429167 0.076042 0.059259
0 0.110417 0.481019 0.077083 0.061111
0 0.217839 0.288426 0.071094 0.053704
0 0.208464 0.336806 0.072135 0.055093
0 0.198698 0.385417 0.072917 0.057870
0 0.181120 0.468981 0.076302 0.062037
0 0.171224 0.522454 0.077865 0.065278
0 0.157943 0.578935 0.079427 0.068056
0 0.278646 0.294676 0.070833 0.053241
0 0.270703 0.340509 0.072135 0.057870
0 0.261589 0.390046 0.073177 0.058796
0 0.247917 0.476389 0.076042 0.062037
0 0.237370 0.529630 0.078906 0.066667
0 0.228385 0.587269 0.080208 0.069907
0 0.341276 0.299074 0.069531 0.055556
0 0.334635 0.346065 0.072917 0.056944
0 0.326823 0.395602 0.075521 0.059722
0 0.314063 0.481250 0.078125 0.062500
0 0.306380 0.537269 0.079427 0.067130
0 0.298047 0.595602 0.080990 0.067130
0 0.404818 0.305093 0.072135 0.055556
0 0.399219 0.352083 0.073438 0.058796
0 0.393490 0.401620 0.075000 0.060648
0 0.383594 0.490046 0.077604 0.064352
0 0.377344 0.544676 0.077604 0.064352
0 0.369922 0.602778 0.080469 0.069444
0 0.468750 0.308796 0.069271 0.055556
0 0.465234 0.356481 0.073177 0.060185
0 0.461068 0.408333 0.074219 0.063889
0 0.452344 0.496065 0.077083 0.065278
0 0.446875 0.552315 0.078646 0.069444
0 0.442188 0.610417 0.080208 0.070833
0 0.535026 0.312963 0.071094 0.058333
0 0.532292 0.362037 0.072917 0.058333
0 0.529427 0.412269 0.074479 0.060648
0 0.522526 0.503472 0.076823 0.067130
0 0.519010 0.558796 0.078646 0.070370
0 0.515234 0.618981 0.080469 0.074074
0 0.602344 0.315972 0.069792 0.056944
0 0.600781 0.366667 0.071875 0.059259
0 0.598828 0.418750 0.072656 0.061574
0 0.595313 0.510648 0.076042 0.065741
0 0.593359 0.566204 0.077344 0.069444
0 0.592057 0.628009 0.079948 0.074537
0 0.687630 0.274769 0.075260 0.060648
0 0.688411 0.327778 0.077344 0.062037
0 0.688151 0.384722 0.079948 0.064815
0 0.688411 0.468056 0.082031 0.069444
0 0.687500 0.529861 0.085417 0.072685
0 0.689193 0.595139 0.086198 0.079167
0 0.764062 0.277778 0.079167 0.057407
0 0.764714 0.330324 0.080990 0.064352
0 0.767448 0.388194 0.083854 0.065278
0 0.770833 0.473380 0.085938 0.070833
0 0.772526 0.536806 0.089323 0.075463
0 0.775130 0.603704 0.089323 0.078704
0 0.839974 0.281481 0.082552 0.059259
0 0.843620 0.335648 0.084635 0.064815
0 0.847135 0.393056 0.087500 0.065741
0 0.854297 0.480093 0.090885 0.071296
0 0.858203 0.544907 0.091927 0.075926
0 0.863932 0.613194 0.094531 0.079167
