0 0.205990 0.549537 0.052604 0.050000
0 0.204818 0.590278 0.053385 0.049074
0 0.204167 0.632176 0.055208 0.051389
0 0.203385 0.694213 0.055729 0.053241
0 0.202214 0.739583 0.057031 0.057870
0 0.201693 0.787963 0.057031 0.059259
0 0.257031 0.541204 0.051562 0.049074
0 0.257031 0.582407 0.051562 0.049074
0 0.257292 0.623611 0.052083 0.051852
0 0.257422 0.685417 0.053385 0.055093
0 0.257422 0.730787 0.054427 0.056944
0 0.257682 0.776157 0.054427 0.056944
0 0.307812 0.535648 0.051562 0.049074
0 0.308333 0.573843 0.051042 0.051389
0 0.309115 0.614583 0.052083 0.050463
0 0.310026 0.677315 0.052344 0.053704
0 0.310937 0.720602 0.052604 0.056019
0 0.312370 0.765509 0.054427 0.059722
0 0.365625 0.544213 0.050000 0.047685
0 0.367448 0.581250 0.050521 0.048611
0 0.369531 0.618750 0.050521 0.048611
0 0.370964 0.685648 0.050781 0.052778
0 0.372266 0.728009 0.052344 0.055093
0 0.374479 0.770370 0.053125 0.055556
0 0.413021 0.537731 0.050000 0.047685
0 0.414062 0.572917 0.050000 0.047685
0 0.416667 0.609954 0.050000 0.047685
0 0.419661 0.676620 0.050781 0.051389
0 0.422005 0.715972 0.051823 0.054167
0 0.424479 0.758102 0.052604 0.052315
0 0.458203 0.528472 0.049219 0.045833
0 0.459766 0.563657 0.049219 0.045833
0 0.462760 0.601389 0.050000 0.047222
0 0.467057 0.666204 0.050260 0.051852
0 0.469922 0.706019 0.051823 0.052778
0 0.473177 0.748843 0.051562 0.055093
0 0.501042 0.521296 0.047396 0.043519
0 0.504818 0.556250 0.048177 0.044907
0 0.508073 0.593287 0.050000 0.046759
0 0.513542 0.656944 0.050000 0.050000
0 0.517448 0.697222 0.051042 0.051852
0 0.520703 0.738657 0.052865 0.053241
0 0.544531 0.513657 0.048958 0.043981
0 0.548828 0.548611 0.048177 0.046296
0 0.552344 0.586574 0.049479 0.046296
0 0.558984 0.649537 0.051823 0.050000
0 0.563802 0.687500 0.052604 0.051852
0 0.568750 0.729398 0.053125 0.053241
0 0.587500 0.506250 0.048958 0.043981
0 0.592448 0.540509 0.048958 0.043981
0 0.598568 0.577546 0.050260 0.044907
0 0.604688 0.640509 0.051042 0.049537
0 0.609375 0.679398 0.051562 0.051389
0 0.615625 0.719676 0.051562 0.051389
0 0.631641 0.499074 0.047656 0.044444
0 0.635807 0.533333 0.048698 0.044444
0 0.641146 0.569907 0.049479 0.045370
0 0.649219 0.631944 0.050521 0.048148
0 0.655729 0.670370 0.051042 0.049074
0 0.661198 0.710880 0.052083 0.052315
0 0.684896 0.549074 0.049479 0.045370
0 0.688411 0.585648 0.049740 0.047222
0 0.694141 0.622222 0.049740 0.047222
0 0.700391 0.661111 0.052344 0.047222
0 0.706510 0.701620 0.052083 0.050463
0 0.732161 0.579167 0.049740 0.047222
0 0.737891 0.616204 0.049740 0.047222
0 0.744661 0.653704 0.051823 0.050000
0 0.751432 0.692593 0.051823 0.050000
