0 0.350521 0.175463 0.007812 0.021296
0 0.358203 0.173843 0.008073 0.021759
0 0.365365 0.172685 0.008854 0.023148
0 0.372656 0.171296 0.008854 0.023148
0 0.379948 0.170370 0.008854 0.023148
0 0.387240 0.168519 0.008854 0.023148
0 0.395052 0.167130 0.008854 0.023148
0 0.402344 0.166204 0.008854 0.023148
0 0.409896 0.165278 0.008854 0.023148
0 0.409635 0.186574 0.008854 0.023148
0 0.401562 0.187963 0.008854 0.023148
0 0.394271 0.188889 0.008854 0.023148
0 0.386719 0.190278 0.008854 0.023148
0 0.379427 0.191204 0.008854 0.023148
0 0.371615 0.192593 0.008854 0.023148
0 0.364323 0.193519 0.008854 0.023148
0 0.356771 0.194444 0.008854 0.023148
0 0.349740 0.196759 0.008854 0.023148
0 0.348177 0.221759 0.008854 0.023148
0 0.355990 0.220833 0.008854 0.023148
0 0.363281 0.218981 0.008854 0.023148
0 0.370573 0.217593 0.008854 0.023148
0 0.378125 0.217130 0.008854 0.023148
0 0.385677 0.215278 0.008854 0.023148
0 0.393229 0.213889 0.008854 0.023148
0 0.400521 0.212963 0.008854 0.023148
0 0.408333 0.211111 0.008854 0.023148
0 0.407552 0.233796 0.008854 0.023148
0 0.400000 0.235185 0.008854 0.023148
0 0.392448 0.236574 0.008854 0.023148
0 0.384896 0.237500 0.008854 0.023148
0 0.377344 0.239352 0.008854 0.023148
0 0.369531 0.240741 0.008854 0.023148
0 0.362240 0.241204 0.008854 0.023148
0 0.354427 0.242593 0.008854 0.023148
0 0.346875 0.243981 0.008854 0.023148
0 0.345833 0.268519 0.008854 0.023148
0 0.352865 0.267593 0.008854 0.023148
0 0.360938 0.266204 0.008854 0.023148
0 0.368490 0.265278 0.008854 0.023148
0 0.376302 0.264352 0.008854 0.023148
0 0.383854 0.262963 0.008854 0.023148
0 0.391927 0.261574 0.008854 0.023148
0 0.399219 0.260648 0.008854 0.023148
0 0.407031 0.258796 0.008854 0.023148
0 0.406510 0.282407 0.008854 0.023148
0 0.398698 0.283333 0.008854 0.023148
0 0.390625 0.284259 0.008854 0.023148
0 0.383073 0.285648 0.008854 0.023148
0 0.375000 0.287037 0.008854 0.023148
0 0.367448 0.288889 0.008854 0.023148
0 0.359896 0.289352 0.008854 0.023148
0 0.352083 0.291204 0.008854 0.023148
0 0.344271 0.292593 0.008854 0.023148
0 0.342839 0.318981 0.009115 0.025000
0 0.350391 0.318519 0.009115 0.025000
0 0.358203 0.317130 0.009115 0.025000
0 0.366276 0.315278 0.009115 0.025000
0 0.374089 0.314352 0.009115 0.025000
0 0.381901 0.313426 0.009115 0.025000
0 0.389974 0.312037 0.009115 0.025000
0 0.397526 0.310185 0.009115 0.025000
0 0.405599 0.309259 0.009115 0.025000
0 0.405078 0.333333 0.009115 0.025000
0 0.396484 0.334722 0.009115 0.025000
0 0.388932 0.336111 0.009115 0.025000
0 0.380859 0.336574 0.009115 0.025000
0 0.372786 0.337500 0.009115 0.025000
0 0.365234 0.338889 0.009115 0.025000
0 0.349089 0.341667 0.009115 0.025000
0 0.341536 0.342593 0.009115 0.025000
0 0.340234 0.370370 0.009115 0.025000
0 0.348047 0.369907 0.009115 0.025000
0 0.355599 0.368519 0.009115 0.025000
0 0.363932 0.367130 0.009115 0.025000
0 0.372005 0.366204 0.009115 0.025000
0 0.380078 0.364815 0.009115 0.025000
0 0.387891 0.363426 0.009115 0.025000
0 0.395964 0.362500 0.009115 0.025000
0 0.404297 0.361574 0.009115 0.025000
0 0.338932 0.394907 0.009115 0.025000
0 0.346745 0.394444 0.009115 0.025000
0 0.354818 0.393519 0.009115 0.025000
0 0.363151 0.392130 0.009115 0.025000
0 0.370964 0.390741 0.009115 0.025000
0 0.379036 0.389815 0.009115 0.025000
0 0.387109 0.388426 0.009115 0.025000
0 0.395182 0.387037 0.009115 0.025000
0 0.403776 0.385648 0.009115 0.025000
0 0.399870 0.406250 0.009635 0.027315
0 0.391536 0.407176 0.009635 0.027315
0 0.383203 0.408565 0.009635 0.027315
0 0.375130 0.409491 0.009635 0.027315
0 0.361849 0.418287 0.009635 0.027315
0 0.353516 0.419213 0.009635 0.027315
0 0.345443 0.420139 0.009635 0.027315
0 0.337370 0.420602 0.009635 0.027315
0 0.336068 0.446528 0.009635 0.027315
0 0.343880 0.446065 0.009635 0.027315
0 0.352474 0.445602 0.009635 0.027315
0 0.360286 0.444676 0.009635 0.027315
0 0.374089 0.435417 0.009635 0.027315
0 0.382422 0.434954 0.009635 0.027315
0 0.390755 0.433565 0.009635 0.027315
0 0.399089 0.432639 0.009635 0.027315
0 0.398047 0.458102 0.009635 0.027315
0 0.389714 0.459491 0.009635 0.027315
0 0.381380 0.460880 0.009635 0.027315
0 0.373307 0.461343 0.009635 0.027315
0 0.358984 0.470602 0.009635 0.027315
0 0.350651 0.471991 0.009635 0.027315
0 0.342318 0.472454 0.009635 0.027315
0 0.334245 0.473380 0.009635 0.027315
0 0.332161 0.508102 0.009635 0.027315
0 0.340495 0.507639 0.009635 0.027315
0 0.348828 0.506250 0.009635 0.027315
0 0.357552 0.505556 0.009375 0.027778
0 0.365885 0.504167 0.009375 0.027778
0 0.374219 0.502778 0.009375 0.027778
0 0.382552 0.502315 0.009375 0.027778
0 0.391146 0.501389 0.009375 0.027778
0 0.399740 0.500000 0.009375 0.027778
0 0.398438 0.531481 0.009896 0.028704
0 0.389583 0.532870 0.009896 0.028704
0 0.381250 0.533796 0.009896 0.028704
0 0.372656 0.534722 0.009896 0.028704
0 0.364063 0.536111 0.009896 0.028704
0 0.355469 0.537500 0.009896 0.028704
0 0.347396 0.537963 0.009896 0.028704
0 0.338542 0.538889 0.009896 0.028704
0 0.330469 0.540741 0.009896 0.028704
0 0.328906 0.568519 0.009896 0.028704
0 0.337500 0.566667 0.009896 0.028704
0 0.345833 0.566204 0.009896 0.028704
0 0.354427 0.564815 0.009896 0.028704
0 0.363281 0.563889 0.009896 0.028704
0 0.371875 0.562500 0.009896 0.028704
0 0.380208 0.561574 0.009896 0.028704
0 0.389062 0.560648 0.009896 0.028704
0 0.397656 0.559722 0.009896 0.028704
0 0.396354 0.592824 0.010417 0.030093
0 0.387760 0.593750 0.010417 0.030093
0 0.378646 0.595139 0.010417 0.030093
0 0.370312 0.596065 0.010417 0.030093
0 0.361458 0.596991 0.010417 0.030093
0 0.352604 0.597917 0.010417 0.030093
0 0.344271 0.599306 0.010417 0.030093
0 0.335156 0.600231 0.010417 0.030093
0 0.327083 0.601157 0.010417 0.030093
0 0.325000 0.629861 0.010417 0.030093
0 0.333854 0.628935 0.010417 0.030093
0 0.342448 0.628009 0.010417 0.030093
0 0.351562 0.627083 0.010417 0.030093
0 0.359896 0.626157 0.010417 0.030093
0 0.369010 0.625231 0.010417 0.030093
0 0.377865 0.623843 0.010417 0.030093
0 0.386458 0.622917 0.010417 0.030093
0 0.395833 0.621528 0.010417 0.030093
0 0.394010 0.658565 0.010417 0.030093
0 0.385156 0.659954 0.010417 0.030093
0 0.376042 0.660417 0.010417 0.031944
0 0.366927 0.662269 0.010417 0.031944
0 0.358073 0.663194 0.010417 0.031944
0 0.349219 0.663657 0.010417 0.031944
0 0.340104 0.664120 0.010417 0.031944
0 0.331510 0.665972 0.010417 0.031944
0 0.322917 0.666898 0.010417 0.031944
0 0.321094 0.696991 0.010417 0.031944
0 0.329948 0.696528 0.010417 0.031944
0 0.339062 0.695139 0.010417 0.031944
0 0.347917 0.694213 0.010417 0.031944
0 0.356771 0.693750 0.010417 0.031944
0 0.365625 0.692824 0.010417 0.031944
0 0.375000 0.691898 0.010417 0.031944
0 0.383854 0.690509 0.010417 0.031944
0 0.393229 0.689583 0.010417 0.031944
0 0.390885 0.724769 0.010417 0.031944
0 0.381510 0.725694 0.010417 0.031944
0 0.372656 0.726620 0.010417 0.031944
0 0.363281 0.727546 0.010417 0.031944
0 0.354687 0.728472 0.010417 0.031944
0 0.345313 0.729398 0.010417 0.031944
0 0.336719 0.730787 0.010417 0.031944
0 0.327604 0.730787 0.010417 0.031944
0 0.318750 0.731713 0.010417 0.031944
0 0.317188 0.763657 0.010417 0.031944
0 0.326042 0.763194 0.010417 0.031944
0 0.334896 0.761806 0.010417 0.031944
0 0.344271 0.760880 0.010417 0.031944
0 0.353125 0.760417 0.010417 0.031944
0 0.362240 0.759491 0.010417 0.031944
0 0.371875 0.758102 0.010417 0.031944
0 0.380729 0.757639 0.010417 0.031944
0 0.389844 0.756713 0.010417 0.031944
0 0.420703 0.161343 0.008073 0.022685
0 0.428255 0.160880 0.008594 0.024537
0 0.435807 0.159491 0.008594 0.024537
0 0.443099 0.158102 0.008594 0.024537
0 0.451172 0.156250 0.008594 0.024537
0 0.458464 0.155324 0.008594 0.024537
0 0.466276 0.153935 0.008594 0.024537
0 0.473568 0.152083 0.008594 0.024537
0 0.481641 0.151157 0.008594 0.024537
0 0.489193 0.149769 0.008594 0.024537
0 0.496745 0.147917 0.008594 0.024537
0 0.504297 0.146065 0.008594 0.024537
0 0.512109 0.144676 0.008594 0.024537
0 0.522005 0.141898 0.008594 0.024537
0 0.529557 0.140972 0.008594 0.024537
0 0.529557 0.163194 0.008594 0.024537
0 0.522005 0.165046 0.008594 0.024537
0 0.512630 0.165509 0.008594 0.024537
0 0.504557 0.167824 0.008594 0.024537
0 0.496484 0.169213 0.008594 0.024537
0 0.488672 0.170602 0.008594 0.024537
0 0.481120 0.171991 0.008594 0.024537
0 0.473307 0.172917 0.008594 0.024537
0 0.465755 0.174769 0.008594 0.024537
0 0.457943 0.176620 0.008594 0.024537
0 0.450391 0.177546 0.008594 0.024537
0 0.442578 0.179861 0.008594 0.024537
0 0.435286 0.180787 0.008594 0.024537
0 0.427734 0.181250 0.008594 0.024537
0 0.420182 0.183565 0.008594 0.024537
0 0.419401 0.209491 0.008594 0.024537
0 0.427214 0.209028 0.008594 0.024537
0 0.435026 0.206713 0.008594 0.024537
0 0.442578 0.205787 0.008594 0.024537
0 0.450130 0.203935 0.008594 0.024537
0 0.457943 0.203009 0.008594 0.024537
0 0.465495 0.202083 0.008594 0.024537
0 0.473307 0.200231 0.008594 0.024537
0 0.480859 0.198843 0.008594 0.024537
0 0.488932 0.196991 0.008594 0.024537
0 0.496745 0.195602 0.008594 0.024537
0 0.504557 0.194213 0.008594 0.024537
0 0.512891 0.192824 0.008594 0.024537
0 0.512630 0.216435 0.008594 0.024537
0 0.504557 0.217361 0.008594 0.024537
0 0.496745 0.219213 0.008594 0.024537
0 0.488411 0.220602 0.008594 0.024537
0 0.480859 0.221528 0.008594 0.024537
0 0.472786 0.223380 0.008594 0.024537
0 0.465495 0.224306 0.008594 0.024537
0 0.457682 0.225694 0.008594 0.024537
0 0.449870 0.226620 0.008594 0.024537
0 0.441797 0.228472 0.008594 0.024537
0 0.433984 0.228935 0.008594 0.024537
0 0.425911 0.230787 0.008594 0.024537
0 0.418620 0.232176 0.008594 0.024537
0 0.418359 0.257176 0.008594 0.024537
0 0.426172 0.256250 0.008594 0.024537
0 0.433464 0.254398 0.008594 0.024537
0 0.441797 0.253009 0.008594 0.024537
0 0.449609 0.251620 0.008594 0.024537
0 0.457943 0.250231 0.008594 0.024537
0 0.465234 0.249769 0.008594 0.024537
0 0.473047 0.248380 0.008594 0.024537
0 0.480599 0.246991 0.008594 0.024537
0 0.488672 0.245602 0.008594 0.024537
0 0.496484 0.244676 0.008594 0.024537
0 0.504557 0.242361 0.008594 0.024537
0 0.512891 0.241435 0.008594 0.024537
0 0.512891 0.265046 0.008594 0.024537
0 0.504818 0.266435 0.008594 0.024537
0 0.497005 0.268287 0.008594 0.024537
0 0.488672 0.269213 0.008594 0.024537
0 0.480599 0.269676 0.008594 0.024537
0 0.472526 0.270602 0.008594 0.024537
0 0.464974 0.273380 0.008594 0.024537
0 0.456641 0.273843 0.008594 0.024537
0 0.449089 0.274769 0.008594 0.024537
0 0.441016 0.276157 0.008594 0.024537
0 0.433203 0.277546 0.008594 0.024537
0 0.424870 0.278935 0.008594 0.024537
0 0.417578 0.280324 0.008594 0.024537
0 0.416536 0.307639 0.008594 0.024537
0 0.424609 0.306713 0.008594 0.024537
0 0.432682 0.305324 0.008594 0.024537
0 0.440755 0.304398 0.008594 0.024537
0 0.440234 0.328472 0.008594 0.024537
0 0.432161 0.328935 0.008594 0.024537
0 0.424089 0.330324 0.008594 0.024537
0 0.416016 0.331713 0.008594 0.024537
0 0.472526 0.298843 0.008594 0.024537
0 0.480599 0.296991 0.008594 0.024537
0 0.488672 0.296065 0.008594 0.024537
0 0.496745 0.295139 0.008594 0.024537
0 0.504818 0.294213 0.008594 0.024537
0 0.512891 0.292824 0.008594 0.024537
0 0.513151 0.315972 0.008594 0.024537
0 0.505078 0.317361 0.008594 0.024537
0 0.496745 0.319213 0.008594 0.024537
0 0.488672 0.320602 0.008594 0.024537
0 0.480599 0.321528 0.008594 0.024537
0 0.472526 0.322917 0.008594 0.024537
0 0.513021 0.344444 0.008854 0.025000
0 0.504687 0.346296 0.008854 0.025000
0 0.496615 0.347685 0.008854 0.025000
0 0.488281 0.348611 0.008854 0.025000
0 0.479948 0.350000 0.008854 0.025000
0 0.471875 0.350926 0.008854 0.025000
0 0.464062 0.352778 0.008854 0.025000
0 0.455729 0.353704 0.008854 0.025000
0 0.447656 0.355093 0.008854 0.025000
0 0.439323 0.356019 0.008854 0.025000
0 0.431250 0.357407 0.008854 0.025000
0 0.423698 0.358333 0.008854 0.025000
0 0.415365 0.359722 0.008854 0.025000
0 0.414844 0.384722 0.008854 0.025000
0 0.422917 0.383333 0.008854 0.025000
0 0.431250 0.382407 0.008854 0.025000
0 0.439063 0.381481 0.008854 0.025000
0 0.447396 0.380093 0.008854 0.025000
0 0.455469 0.378241 0.008854 0.025000
0 0.463542 0.377778 0.008854 0.025000
0 0.471875 0.377315 0.008854 0.025000
0 0.357422 0.340278 0.009115 0.025000
0 0.479948 0.375000 0.008854 0.025000
0 0.488281 0.373611 0.008854 0.025000
0 0.496354 0.372685 0.008854 0.025000
0 0.504687 0.371759 0.008854 0.025000
0 0.513281 0.370370 0.008854 0.025000
0 0.513281 0.401389 0.008854 0.026852
0 0.504687 0.403241 0.008854 0.026852
0 0.496615 0.404167 0.008854 0.026852
0 0.488021 0.405556 0.008854 0.026852
0 0.479687 0.406481 0.008854 0.026852
0 0.471094 0.407407 0.008854 0.026852
0 0.463021 0.409259 0.008854 0.026852
0 0.454688 0.409722 0.008854 0.026852
0 0.446354 0.410648 0.008854 0.026852
0 0.438281 0.412500 0.008854 0.026852
0 0.429948 0.413426 0.008854 0.026852
0 0.421615 0.414352 0.008854 0.026852
0 0.421615 0.439815 0.008854 0.026852
0 0.429948 0.439352 0.008854 0.026852
0 0.438021 0.437963 0.008854 0.026852
0 0.446354 0.437037 0.008854 0.026852
0 0.454167 0.435185 0.008854 0.026852
0 0.463021 0.435185 0.008854 0.026852
0 0.471354 0.433796 0.008854 0.026852
0 0.479687 0.431944 0.008854 0.026852
0 0.488281 0.430556 0.008854 0.026852
0 0.496354 0.430093 0.008854 0.026852
0 0.504687 0.428241 0.008854 0.026852
0 0.513542 0.427778 0.008854 0.026852
0 0.513542 0.458333 0.008854 0.026852
0 0.505208 0.459722 0.008854 0.026852
0 0.496615 0.460648 0.008854 0.026852
0 0.488021 0.461111 0.008854 0.026852
0 0.479427 0.462500 0.008854 0.026852
0 0.470833 0.463889 0.008854 0.026852
0 0.462760 0.464815 0.008854 0.026852
0 0.454167 0.466667 0.008854 0.026852
0 0.445312 0.467593 0.008854 0.026852
0 0.437240 0.468056 0.008854 0.026852
0 0.428646 0.469907 0.008854 0.026852
0 0.420573 0.470833 0.008854 0.026852
0 0.410938 0.498611 0.008854 0.026852
0 0.419271 0.497222 0.008854 0.026852
0 0.427865 0.496296 0.008854 0.026852
0 0.436458 0.495370 0.008854 0.026852
0 0.445052 0.493981 0.008854 0.026852
0 0.453385 0.493056 0.008854 0.026852
0 0.461979 0.491667 0.008854 0.026852
0 0.470573 0.490741 0.008854 0.026852
0 0.479167 0.489815 0.008854 0.026852
0 0.487760 0.488889 0.008854 0.026852
0 0.496875 0.487963 0.008854 0.026852
0 0.505208 0.486574 0.008854 0.026852
0 0.514062 0.486111 0.008854 0.026852
0 0.513932 0.517593 0.009115 0.029630
0 0.505078 0.518519 0.009115 0.029630
0 0.495964 0.519907 0.009115 0.029630
0 0.487370 0.520833 0.009115 0.029630
0 0.478776 0.521759 0.009115 0.029630
0 0.469922 0.522685 0.009115 0.029630
0 0.461068 0.524537 0.009115 0.029630
0 0.452214 0.525463 0.009115 0.029630
0 0.444141 0.525463 0.009115 0.029630
0 0.435286 0.526852 0.009115 0.029630
0 0.426693 0.527778 0.009115 0.029630
0 0.418099 0.529630 0.009115 0.029630
0 0.409766 0.530556 0.009115 0.029630
0 0.408984 0.558796 0.009115 0.029630
0 0.417578 0.556944 0.009115 0.029630
0 0.426172 0.556019 0.009115 0.029630
0 0.435026 0.555093 0.009115 0.029630
0 0.443880 0.553704 0.009115 0.029630
0 0.452474 0.553241 0.009115 0.029630
0 0.461589 0.551852 0.009115 0.029630
0 0.469922 0.550926 0.009115 0.029630
0 0.478776 0.550463 0.009115 0.029630
0 0.487630 0.548611 0.009115 0.029630
0 0.495964 0.548148 0.009115 0.029630
0 0.505339 0.546759 0.009115 0.029630
0 0.514193 0.545833 0.009115 0.029630
0 0.514193 0.578241 0.009115 0.029630
0 0.505339 0.579630 0.009115 0.029630
0 0.496224 0.580556 0.009115 0.029630
0 0.487109 0.581944 0.009115 0.029630
0 0.478516 0.582407 0.009115 0.029630
0 0.469661 0.583333 0.009115 0.029630
0 0.460807 0.585185 0.009115 0.029630
0 0.451432 0.586111 0.009115 0.029630
0 0.442839 0.587037 0.009115 0.029630
0 0.433984 0.587963 0.009115 0.029630
0 0.425130 0.588889 0.009115 0.029630
0 0.416276 0.590741 0.009115 0.029630
0 0.407682 0.591667 0.009115 0.029630
0 0.406901 0.620370 0.009115 0.029630
0 0.415755 0.619444 0.009115 0.029630
0 0.424609 0.618287 0.010156 0.030093
0 0.433594 0.617130 0.009896 0.031481
0 0.442448 0.616204 0.009896 0.031481
0 0.451562 0.615741 0.009896 0.031481
0 0.460156 0.614815 0.009896 0.031481
0 0.469271 0.613889 0.009896 0.031481
0 0.478125 0.612963 0.009896 0.031481
0 0.486979 0.612037 0.009896 0.031481
0 0.496615 0.611111 0.009896 0.031481
0 0.505208 0.609722 0.009896 0.031481
0 0.514323 0.609259 0.009896 0.031481
0 0.515365 0.645370 0.009896 0.031481
0 0.505990 0.646296 0.009896 0.031481
0 0.496875 0.648148 0.009896 0.031481
0 0.488021 0.648611 0.009896 0.031481
0 0.479167 0.650000 0.009896 0.031481
0 0.469792 0.650926 0.009896 0.031481
0 0.460677 0.651852 0.009896 0.031481
0 0.451302 0.652778 0.009896 0.031481
0 0.442188 0.653704 0.009896 0.031481
0 0.433333 0.654630 0.009896 0.031481
0 0.424219 0.656019 0.009896 0.031481
0 0.415104 0.656019 0.009896 0.031481
0 0.406250 0.657407 0.009896 0.031481
0 0.405469 0.687963 0.009896 0.031481
0 0.414583 0.687037 0.009896 0.031481
0 0.423698 0.686111 0.009896 0.031481
0 0.432552 0.685185 0.009896 0.031481
0 0.441927 0.684259 0.009896 0.031481
0 0.450781 0.683333 0.009896 0.031481
0 0.460417 0.683333 0.009896 0.031481
0 0.469531 0.681944 0.009896 0.031481
0 0.478646 0.680556 0.009896 0.031481
0 0.487760 0.679630 0.009896 0.031481
0 0.496875 0.678704 0.009896 0.031481
0 0.506510 0.678241 0.009896 0.031481
0 0.515885 0.677315 0.009896 0.031481
0 0.525260 0.709259 0.009896 0.031481
0 0.515625 0.710648 0.009896 0.031481
0 0.506250 0.711574 0.009896 0.031481
0 0.496615 0.712037 0.009896 0.031481
0 0.487500 0.712963 0.009896 0.031481
0 0.478385 0.713889 0.009896 0.031481
0 0.469010 0.714352 0.009896 0.031481
0 0.458724 0.716898 0.010156 0.032870
0 0.449349 0.718287 0.010156 0.032870
0 0.439974 0.719213 0.010156 0.032870
0 0.431120 0.720139 0.010156 0.032870
0 0.421745 0.721528 0.010156 0.032870
0 0.412630 0.722454 0.010156 0.032870
0 0.403255 0.722917 0.010156 0.032870
0 0.402995 0.755324 0.010156 0.032870
0 0.411849 0.754398 0.010156 0.032870
0 0.421224 0.753472 0.010156 0.032870
0 0.430339 0.752083 0.010156 0.032870
0 0.439453 0.751157 0.010156 0.032870
0 0.449089 0.750694 0.010156 0.032870
0 0.458724 0.749306 0.010156 0.032870
0 0.468099 0.747454 0.010156 0.032870
0 0.477474 0.746528 0.010156 0.032870
0 0.486068 0.746065 0.010156 0.032870
0 0.495443 0.745139 0.010156 0.032870
0 0.504557 0.744676 0.010156 0.032870
0 0.513411 0.743750 0.010156 0.032870
0 0.522526 0.742824 0.010156 0.032870
0 0.531380 0.742361 0.010156 0.032870
0 0.541016 0.742361 0.010156 0.032870
0 0.543620 0.781713 0.010156 0.036574
0 0.534505 0.783102 0.010156 0.036574
0 0.524870 0.783565 0.010156 0.036574
0 0.516016 0.784491 0.010156 0.036574
0 0.506641 0.784491 0.010156 0.036574
0 0.497526 0.785880 0.010156 0.036574
0 0.488411 0.786343 0.010156 0.036574
0 0.479036 0.786806 0.010156 0.036574
0 0.470182 0.787269 0.010156 0.036574
0 0.460547 0.787731 0.010156 0.036574
0 0.450911 0.788194 0.010156 0.036574
0 0.441536 0.789120 0.010156 0.036574
0 0.431901 0.790046 0.010156 0.036574
0 0.422786 0.790972 0.010156 0.036574
0 0.413151 0.791435 0.010156 0.036574
0 0.403906 0.792824 0.010937 0.035648
0 0.394010 0.793750 0.010937 0.035648
0 0.384896 0.793287 0.010937 0.035648
0 0.376042 0.795139 0.010937 0.035648
0 0.348177 0.797454 0.010937 0.035648
0 0.339062 0.798843 0.010937 0.035648
0 0.321094 0.799769 0.010937 0.035648
0 0.311719 0.801157 0.010937 0.033796
0 0.329948 0.799769 0.010937 0.035648
0 0.357292 0.797454 0.010937 0.035648
0 0.367188 0.796528 0.010937 0.035648
0 0.535547 0.255787 0.008594 0.025463
0 0.547005 0.255787 0.008594 0.025463
0 0.554557 0.256713 0.008594 0.025463
0 0.555078 0.283102 0.008594 0.025463
0 0.546745 0.281713 0.008594 0.025463
0 0.536068 0.282639 0.008594 0.025463
0 0.536328 0.308102 0.008594 0.025463
0 0.547786 0.307639 0.008594 0.025463
0 0.555599 0.308565 0.008594 0.025463
0 0.556120 0.334954 0.008594 0.025463
0 0.547786 0.334491 0.008594 0.025463
0 0.537891 0.334491 0.008594 0.025463
0 0.529818 0.335880 0.008594 0.025463
0 0.530339 0.362269 0.008594 0.025463
0 0.538411 0.361343 0.008594 0.025463
0 0.548307 0.361343 0.008594 0.025463
0 0.556380 0.362269 0.008594 0.025463
0 0.556901 0.390972 0.008594 0.025463
0 0.549089 0.390046 0.008594 0.025463
0 0.538411 0.390741 0.008594 0.025926
0 0.530599 0.391667 0.008594 0.025926
0 0.530599 0.416667 0.008594 0.025926
0 0.538672 0.415741 0.008594 0.025926
0 0.549349 0.415278 0.008594 0.025926
0 0.557682 0.416204 0.008594 0.025926
0 0.558464 0.445370 0.008594 0.025926
0 0.539193 0.445370 0.008594 0.025926
0 0.550130 0.445370 0.008594 0.025926
0 0.530599 0.446296 0.008594 0.025926
0 0.531120 0.475000 0.009115 0.027778
0 0.539974 0.473611 0.009115 0.027778
0 0.550391 0.474074 0.009115 0.027778
0 0.558984 0.474537 0.009115 0.027778
0 0.559766 0.505556 0.009115 0.027778
0 0.551432 0.505093 0.009115 0.027778
0 0.540234 0.504630 0.009115 0.027778
0 0.531901 0.506481 0.009115 0.027778
0 0.531901 0.535185 0.009115 0.027778
0 0.540495 0.534259 0.009115 0.027778
0 0.551953 0.534722 0.009115 0.027778
0 0.560286 0.535185 0.009115 0.027778
0 0.561068 0.567130 0.009115 0.027778
0 0.552474 0.566204 0.009115 0.027778
0 0.541016 0.566667 0.009115 0.027778
0 0.532422 0.568056 0.009115 0.027778
0 0.532813 0.597454 0.009375 0.029167
0 0.541406 0.596528 0.009375 0.029167
0 0.553385 0.596991 0.009375 0.029167
0 0.562240 0.597917 0.009375 0.029167
0 0.548698 0.130556 0.008854 0.023148
0 0.556771 0.131481 0.008854 0.023148
0 0.564063 0.132870 0.008854 0.023148
0 0.572135 0.133796 0.008854 0.023148
0 0.579948 0.135185 0.008854 0.023148
0 0.586979 0.135648 0.008854 0.023148
0 0.594792 0.137037 0.008854 0.023148
0 0.602604 0.138889 0.008854 0.023148
0 0.609896 0.139815 0.008854 0.023148
0 0.617708 0.141204 0.008854 0.023148
0 0.625000 0.142593 0.008854 0.023148
0 0.632552 0.143981 0.008854 0.023148
0 0.639583 0.144907 0.008854 0.023148
0 0.646875 0.146296 0.008854 0.023148
0 0.653906 0.147222 0.008854 0.023148
0 0.660937 0.147685 0.008854 0.023148
0 0.662760 0.169444 0.008854 0.023148
0 0.655208 0.168519 0.008854 0.023148
0 0.647656 0.167130 0.008854 0.023148
0 0.640885 0.166204 0.008854 0.023148
0 0.633854 0.164352 0.008854 0.023148
0 0.626302 0.164352 0.008854 0.023148
0 0.619010 0.162963 0.008854 0.023148
0 0.611719 0.162037 0.008854 0.023148
0 0.604688 0.161111 0.008854 0.023148
0 0.597396 0.160185 0.008854 0.023148
0 0.590104 0.158796 0.008854 0.023148
0 0.582812 0.157870 0.008854 0.023148
0 0.575781 0.156481 0.008854 0.023148
0 0.567969 0.155556 0.008854 0.023148
0 0.560937 0.154167 0.008854 0.023148
0 0.553385 0.153241 0.008854 0.023148
0 0.545573 0.152778 0.008854 0.023148
0 0.546094 0.176852 0.008854 0.023148
0 0.553906 0.178241 0.008854 0.023148
0 0.561458 0.179167 0.008854 0.023148
0 0.568750 0.179630 0.008854 0.023148
0 0.576042 0.180556 0.008854 0.023148
0 0.583333 0.182407 0.008854 0.023148
0 0.590885 0.183333 0.008854 0.023148
0 0.598177 0.183796 0.008854 0.023148
0 0.605729 0.185185 0.008854 0.023148
0 0.613281 0.185648 0.008854 0.023148
0 0.620313 0.186574 0.008854 0.023148
0 0.627604 0.187963 0.008854 0.023148
0 0.634896 0.188889 0.008854 0.023148
0 0.641927 0.189815 0.008854 0.023148
0 0.649479 0.191204 0.008854 0.023148
0 0.656771 0.191667 0.008854 0.023148
0 0.664062 0.192593 0.008854 0.023148
0 0.665625 0.214352 0.008854 0.023148
0 0.658073 0.213426 0.008854 0.023148
0 0.650521 0.212500 0.008854 0.023148
0 0.644010 0.211574 0.008854 0.023148
0 0.636719 0.210185 0.008854 0.023148
0 0.628646 0.208796 0.008854 0.023148
0 0.621354 0.208333 0.008854 0.023148
0 0.614323 0.207407 0.008854 0.023148
0 0.606771 0.206481 0.008854 0.023148
0 0.599219 0.206019 0.008854 0.023148
0 0.591667 0.205093 0.008854 0.023148
0 0.584375 0.204167 0.008854 0.023148
0 0.576823 0.202315 0.008854 0.023148
0 0.569531 0.202315 0.008854 0.023148
0 0.561979 0.201389 0.008854 0.023148
0 0.554427 0.200926 0.008854 0.023148
0 0.546354 0.200000 0.008854 0.023148
0 0.563021 0.226852 0.008854 0.023148
0 0.570312 0.227778 0.008854 0.023148
0 0.577865 0.228241 0.008854 0.023148
0 0.585156 0.229630 0.008854 0.023148
0 0.592708 0.230093 0.008854 0.023148
0 0.600260 0.231019 0.008854 0.023148
0 0.607552 0.231481 0.008854 0.023148
0 0.615104 0.232407 0.008854 0.023148
0 0.622656 0.233796 0.008854 0.023148
0 0.630208 0.234722 0.008854 0.023148
0 0.637760 0.236111 0.008854 0.023148
0 0.645052 0.236111 0.008854 0.023148
0 0.652344 0.237037 0.008854 0.023148
0 0.659896 0.238426 0.008854 0.023148
0 0.666927 0.238426 0.008854 0.023148
0 0.668750 0.261111 0.008854 0.023148
0 0.661458 0.260185 0.008854 0.023148
0 0.653906 0.259722 0.008854 0.023148
0 0.646354 0.258796 0.008854 0.023148
0 0.639062 0.258333 0.008854 0.023148
0 0.631250 0.257407 0.008854 0.023148
0 0.623698 0.256019 0.008854 0.023148
0 0.616146 0.255093 0.008854 0.023148
0 0.608854 0.254167 0.008854 0.023148
0 0.601302 0.253704 0.008854 0.023148
0 0.593750 0.252778 0.008854 0.023148
0 0.586458 0.251852 0.008854 0.023148
0 0.578385 0.250926 0.008854 0.023148
0 0.570833 0.250000 0.008854 0.023148
0 0.563542 0.249074 0.008854 0.023148
0 0.563802 0.276852 0.008854 0.023148
0 0.572135 0.276852 0.008854 0.023148
0 0.579688 0.276852 0.008854 0.023148
0 0.587500 0.278241 0.008854 0.023148
0 0.595313 0.278704 0.008854 0.023148
0 0.602604 0.279630 0.008854 0.023148
0 0.610417 0.280556 0.008854 0.023148
0 0.617708 0.281481 0.008854 0.023148
0 0.625521 0.282870 0.008854 0.023148
0 0.633073 0.282870 0.008854 0.023148
0 0.640625 0.283796 0.008854 0.023148
0 0.648438 0.285185 0.008854 0.023148
0 0.655729 0.285648 0.008854 0.023148
0 0.663021 0.286574 0.008854 0.023148
0 0.564323 0.299537 0.008854 0.023148
0 0.572656 0.300000 0.008854 0.023148
0 0.580469 0.300463 0.008854 0.023148
0 0.588281 0.300926 0.008854 0.023148
0 0.595833 0.302315 0.008854 0.023148
0 0.603646 0.302778 0.008854 0.023148
0 0.611458 0.303241 0.008854 0.023148
0 0.619010 0.304167 0.008854 0.023148
0 0.626563 0.305093 0.008854 0.023148
0 0.634115 0.306019 0.008854 0.023148
0 0.641667 0.306944 0.008854 0.023148
0 0.649479 0.307407 0.008854 0.023148
0 0.657031 0.307870 0.008854 0.023148
0 0.664844 0.308796 0.008854 0.023148
0 0.672396 0.310185 0.008854 0.023148
0 0.679948 0.310648 0.008854 0.023148
0 0.681510 0.333333 0.008854 0.023148
0 0.673958 0.332407 0.008854 0.023148
0 0.666667 0.332407 0.008854 0.023148
0 0.658854 0.331481 0.008854 0.023148
0 0.651042 0.331481 0.008854 0.023148
0 0.643229 0.330093 0.008854 0.023148
0 0.636068 0.330093 0.009115 0.025000
0 0.627995 0.329167 0.009115 0.024074
0 0.620182 0.328472 0.009115 0.024537
0 0.612370 0.327083 0.009115 0.024537
0 0.604818 0.326620 0.009115 0.024537
0 0.596745 0.325694 0.009115 0.024537
0 0.589193 0.325231 0.009115 0.024537
0 0.581120 0.324306 0.009115 0.024537
0 0.573568 0.322917 0.009115 0.024537
0 0.565755 0.322917 0.009115 0.024537
0 0.566016 0.346991 0.009115 0.024537
0 0.574349 0.346991 0.009115 0.024537
0 0.582422 0.347917 0.009115 0.024537
0 0.590234 0.348843 0.009115 0.024537
0 0.598047 0.349306 0.009115 0.024537
0 0.605339 0.349769 0.009115 0.024537
0 0.613411 0.351157 0.009115 0.024537
0 0.621224 0.351157 0.009115 0.024537
0 0.629297 0.352083 0.009115 0.024537
0 0.636849 0.353472 0.009115 0.024537
0 0.644661 0.354398 0.009115 0.024537
0 0.652734 0.354861 0.009115 0.024537
0 0.660547 0.355787 0.009115 0.024537
0 0.668099 0.356250 0.009115 0.024537
0 0.677734 0.384954 0.009115 0.024537
0 0.669661 0.384028 0.009115 0.024537
0 0.661849 0.383102 0.009115 0.024537
0 0.654297 0.382639 0.009115 0.024537
0 0.646484 0.382176 0.009115 0.024537
0 0.638411 0.381250 0.009115 0.024537
0 0.630859 0.380324 0.009115 0.024537
0 0.622786 0.379398 0.009115 0.024537
0 0.614714 0.378472 0.009115 0.024537
0 0.607161 0.377546 0.009115 0.024537
0 0.599089 0.377083 0.009115 0.024537
0 0.591016 0.376620 0.009115 0.024537
0 0.583464 0.375231 0.009115 0.024537
0 0.575391 0.375231 0.009115 0.024537
0 0.567057 0.374306 0.009115 0.024537
0 0.567578 0.398380 0.009115 0.024537
0 0.576172 0.399306 0.009115 0.024537
0 0.583984 0.399769 0.009115 0.024537
0 0.591797 0.400231 0.009115 0.024537
0 0.599870 0.401620 0.009115 0.024537
0 0.607943 0.402083 0.009115 0.024537
0 0.616016 0.403009 0.009115 0.024537
0 0.623828 0.403472 0.009115 0.024537
0 0.631641 0.404398 0.009115 0.024537
0 0.639714 0.405324 0.009115 0.024537
0 0.647786 0.406250 0.009115 0.024537
0 0.655859 0.407176 0.009115 0.024537
0 0.663672 0.407176 0.009115 0.024537
0 0.671484 0.408102 0.009115 0.024537
0 0.679297 0.409028 0.009115 0.024537
0 0.689453 0.438657 0.009115 0.024537
0 0.681120 0.438194 0.009115 0.024537
0 0.673307 0.437731 0.009115 0.024537
0 0.665495 0.437269 0.009635 0.025463
0 0.657682 0.436343 0.009635 0.025463
0 0.649609 0.435417 0.009635 0.025463
0 0.641276 0.434491 0.009635 0.025463
0 0.633464 0.434491 0.009635 0.025463
0 0.625391 0.433102 0.009635 0.025463
0 0.617318 0.432176 0.009635 0.025463
0 0.609245 0.431250 0.009635 0.025463
0 0.601432 0.430787 0.009635 0.025463
0 0.593620 0.429861 0.009635 0.025463
0 0.585026 0.428935 0.009635 0.025463
0 0.576693 0.428472 0.009635 0.025463
0 0.569401 0.427083 0.009635 0.025463
0 0.569401 0.452546 0.009635 0.025463
0 0.577734 0.453009 0.009635 0.025463
0 0.585807 0.453935 0.009635 0.025463
0 0.594401 0.454861 0.009635 0.025463
0 0.602214 0.455787 0.009635 0.025463
0 0.610807 0.456250 0.009635 0.025463
0 0.618359 0.457176 0.009635 0.025463
0 0.626953 0.458102 0.009635 0.025463
0 0.634766 0.459028 0.009635 0.025463
0 0.642318 0.459491 0.009635 0.025463
0 0.650911 0.460880 0.009635 0.025463
0 0.658984 0.461343 0.009635 0.025463
0 0.667057 0.461806 0.009635 0.025463
0 0.675130 0.462731 0.009635 0.025463
0 0.693750 0.500926 0.010417 0.027778
0 0.686458 0.500000 0.010417 0.027778
0 0.677865 0.499537 0.010417 0.027778
0 0.669531 0.498148 0.010417 0.027778
0 0.661458 0.497222 0.010417 0.027778
0 0.653385 0.496759 0.010417 0.027778
0 0.644792 0.496296 0.010417 0.027778
0 0.636979 0.495370 0.010417 0.027778
0 0.628906 0.494444 0.010417 0.027778
0 0.620573 0.493519 0.010417 0.027778
0 0.612500 0.493056 0.010417 0.027778
0 0.604167 0.491667 0.010417 0.027778
0 0.595833 0.491204 0.010417 0.027778
0 0.587500 0.490278 0.010417 0.027778
0 0.579427 0.489815 0.010417 0.027778
0 0.570833 0.488889 0.010417 0.027778
0 0.571615 0.517593 0.010417 0.027778
0 0.580208 0.518056 0.010417 0.027778
0 0.588802 0.518981 0.010417 0.027778
0 0.596615 0.518981 0.010417 0.027778
0 0.604948 0.519444 0.010417 0.027778
0 0.613281 0.520833 0.010417 0.027778
0 0.622135 0.522222 0.010417 0.027778
0 0.630208 0.522685 0.010417 0.027778
0 0.638542 0.523148 0.010417 0.027778
0 0.646354 0.523611 0.010417 0.027778
0 0.654948 0.524537 0.010417 0.027778
0 0.663281 0.525926 0.010417 0.027778
0 0.671615 0.525926 0.010417 0.027778
0 0.679688 0.526852 0.010417 0.027778
0 0.572656 0.553704 0.010417 0.027778
0 0.581250 0.554630 0.010417 0.027778
0 0.589583 0.555556 0.010417 0.027778
0 0.598177 0.555556 0.010417 0.027778
0 0.606771 0.556481 0.010417 0.027778
0 0.615104 0.557870 0.010417 0.027778
0 0.623437 0.558333 0.010417 0.027778
0 0.632292 0.559259 0.010417 0.027778
0 0.640625 0.559722 0.010417 0.027778
0 0.648698 0.560185 0.010417 0.027778
0 0.657292 0.561111 0.010417 0.027778
0 0.665625 0.562037 0.010417 0.027778
0 0.673698 0.562500 0.010417 0.027778
0 0.682552 0.562963 0.010417 0.027778
0 0.690885 0.564352 0.010417 0.027778
0 0.698698 0.564352 0.010417 0.027778
0 0.707292 0.564815 0.010417 0.027778
0 0.715365 0.566204 0.010417 0.027778
0 0.723437 0.566204 0.010417 0.027778
0 0.731510 0.566667 0.010417 0.027778
0 0.739844 0.567130 0.010417 0.027778
0 0.747656 0.568056 0.010417 0.027778
0 0.755990 0.569444 0.010417 0.027778
0 0.763802 0.569444 0.010417 0.027778
0 0.766667 0.596759 0.010417 0.027778
0 0.758333 0.596296 0.010417 0.027778
0 0.750000 0.595833 0.010417 0.027778
0 0.741927 0.594907 0.010417 0.027778
0 0.733854 0.595370 0.010417 0.027778
0 0.725781 0.593981 0.010417 0.027778
0 0.717708 0.593519 0.010417 0.027778
0 0.709375 0.593056 0.010417 0.027778
0 0.701042 0.592130 0.010417 0.027778
0 0.692969 0.591667 0.010417 0.027778
0 0.683854 0.590741 0.010417 0.027778
0 0.675781 0.589815 0.010417 0.027778
0 0.667448 0.589352 0.010417 0.027778
0 0.658854 0.589352 0.010417 0.027778
0 0.650521 0.588426 0.010417 0.027778
0 0.641927 0.587500 0.010417 0.027778
0 0.633333 0.586574 0.010417 0.027778
0 0.625260 0.585648 0.010417 0.027778
0 0.616667 0.585185 0.010417 0.027778
0 0.608333 0.584722 0.010417 0.027778
0 0.599740 0.584028 0.010417 0.029167
0 0.591146 0.583565 0.010417 0.029167
0 0.582292 0.582639 0.010417 0.029167
0 0.573958 0.582176 0.010417 0.029167
0 0.574740 0.610417 0.010417 0.029167
0 0.583333 0.609954 0.010417 0.029167
0 0.592187 0.611343 0.010417 0.029167
0 0.600781 0.612269 0.010417 0.029167
0 0.609896 0.613194 0.010417 0.029167
0 0.617969 0.613194 0.010417 0.029167
0 0.626823 0.614583 0.010417 0.029167
0 0.634896 0.615046 0.010417 0.029167
0 0.644010 0.616435 0.010417 0.029167
0 0.652604 0.616898 0.010417 0.029167
0 0.661458 0.617361 0.010417 0.029167
0 0.669531 0.617824 0.010417 0.029167
0 0.678125 0.618287 0.010417 0.029167
0 0.686198 0.619213 0.010417 0.029167
0 0.711979 0.621065 0.010417 0.029167
0 0.719792 0.621991 0.010417 0.029167
0 0.728125 0.622454 0.010417 0.029167
0 0.736458 0.622917 0.010417 0.029167
0 0.744792 0.622917 0.010417 0.029167
0 0.752865 0.623843 0.010417 0.029167
0 0.761198 0.624306 0.010417 0.029167
0 0.769531 0.624769 0.010417 0.029167
0 0.772656 0.658565 0.010417 0.029167
0 0.764062 0.658565 0.010417 0.029167
0 0.755990 0.657639 0.010417 0.029167
0 0.747656 0.657176 0.010417 0.029167
0 0.739062 0.657176 0.010417 0.029167
0 0.730729 0.656250 0.010417 0.029167
0 0.722656 0.655787 0.010417 0.029167
0 0.714323 0.654861 0.010417 0.029167
0 0.705729 0.653935 0.010417 0.029167
0 0.697135 0.654398 0.010417 0.029167
0 0.688802 0.653472 0.010417 0.029167
0 0.680469 0.652546 0.010417 0.029167
0 0.671875 0.652546 0.010417 0.029167
0 0.663281 0.651620 0.010417 0.029167
0 0.654427 0.651157 0.010417 0.029167
0 0.646094 0.649769 0.010417 0.029167
0 0.636979 0.649306 0.010417 0.029167
0 0.628646 0.648843 0.010417 0.029167
0 0.619792 0.647454 0.010417 0.029167
0 0.610938 0.647454 0.010417 0.029167
0 0.602474 0.646759 0.010677 0.030556
0 0.593620 0.646296 0.010677 0.030556
0 0.585026 0.645370 0.010677 0.030556
0 0.576172 0.644907 0.010677 0.030556
0 0.577474 0.675000 0.010677 0.030556
0 0.586068 0.675463 0.010677 0.030556
0 0.594922 0.675463 0.010677 0.030556
0 0.603516 0.676389 0.010677 0.030556
0 0.612630 0.677315 0.010677 0.030556
0 0.621224 0.677778 0.010677 0.030556
0 0.630339 0.677778 0.010677 0.030556
0 0.639193 0.679167 0.010677 0.030556
0 0.647786 0.680093 0.010677 0.030556
0 0.656380 0.680093 0.010677 0.030556
0 0.665234 0.681019 0.010677 0.030556
0 0.673828 0.681481 0.010677 0.030556
0 0.682682 0.682407 0.010677 0.030556
0 0.691016 0.682407 0.010677 0.030556
0 0.699349 0.682870 0.010677 0.030556
0 0.708464 0.684722 0.010677 0.030556
0 0.716797 0.684259 0.010677 0.030556
0 0.725391 0.684722 0.010677 0.030556
0 0.733724 0.685648 0.010677 0.030556
0 0.741797 0.685648 0.010677 0.030556
0 0.750391 0.686574 0.010677 0.030556
0 0.758724 0.687037 0.010677 0.030556
0 0.767318 0.687037 0.010677 0.030556
0 0.775391 0.688426 0.010677 0.030556
0 0.772526 0.722222 0.010677 0.030556
0 0.763932 0.722222 0.010677 0.030556
0 0.755599 0.721296 0.010677 0.030556
0 0.747005 0.720833 0.010677 0.030556
0 0.738672 0.719907 0.010677 0.030556
0 0.730078 0.719444 0.010677 0.030556
0 0.721484 0.719444 0.010677 0.030556
0 0.712630 0.718519 0.010677 0.030556
0 0.704297 0.718519 0.010677 0.030556
0 0.695703 0.717593 0.010677 0.030556
0 0.686849 0.716667 0.010677 0.030556
0 0.677995 0.716667 0.010677 0.030556
0 0.669661 0.715278 0.010677 0.030556
0 0.660807 0.715278 0.010677 0.030556
0 0.651693 0.714352 0.010677 0.030556
0 0.643359 0.713426 0.010677 0.030556
0 0.634245 0.712963 0.010677 0.030556
0 0.625651 0.712963 0.010677 0.030556
0 0.616536 0.712500 0.010677 0.030556
0 0.607943 0.711574 0.010677 0.030556
0 0.598828 0.710648 0.010677 0.030556
0 0.590234 0.710185 0.010677 0.030556
0 0.581120 0.709722 0.010677 0.030556
0 0.572266 0.708796 0.010677 0.030556
0 0.562891 0.708796 0.010677 0.030556
0 0.553906 0.707870 0.010937 0.031481
0 0.554557 0.740509 0.010677 0.033796
0 0.564193 0.740509 0.010677 0.033796
0 0.573307 0.740046 0.010677 0.033796
0 0.582161 0.741898 0.010677 0.033796
0 0.591276 0.741898 0.010677 0.033796
0 0.600391 0.742824 0.010677 0.033796
0 0.609245 0.742824 0.010677 0.033796
0 0.617839 0.743750 0.010677 0.033796
0 0.626953 0.744213 0.010677 0.033796
0 0.636068 0.745602 0.010677 0.033796
0 0.645182 0.745602 0.010677 0.033796
0 0.653776 0.746528 0.010677 0.033796
0 0.662109 0.746528 0.010677 0.033796
0 0.671224 0.746991 0.010677 0.033796
0 0.680078 0.747454 0.010677 0.033796
0 0.688932 0.747917 0.010677 0.033796
0 0.697786 0.748843 0.010677 0.033796
0 0.706380 0.749306 0.010677 0.033796
0 0.715234 0.750231 0.010677 0.033796
0 0.723828 0.750231 0.010677 0.033796
0 0.732292 0.750000 0.011458 0.032407
0 0.741797 0.750694 0.011719 0.031944
0 0.749870 0.750694 0.011719 0.031944
0 0.758203 0.751157 0.011719 0.031944
0 0.767057 0.752083 0.011719 0.031944
0 0.775651 0.752546 0.011719 0.031944
0 0.778776 0.785880 0.012240 0.031019
0 0.770182 0.785880 0.012240 0.031019
0 0.761328 0.785880 0.012240 0.031019
0 0.752995 0.785880 0.012240 0.031019
0 0.744401 0.784954 0.012240 0.031019
0 0.735286 0.784954 0.012240 0.031019
0 0.727214 0.784491 0.012240 0.031019
0 0.718359 0.784028 0.012240 0.031019
0 0.709766 0.783565 0.012240 0.031019
0 0.700911 0.783102 0.012240 0.031019
0 0.691797 0.783565 0.012240 0.031019
0 0.682943 0.783565 0.012240 0.031019
0 0.674609 0.782639 0.012240 0.031019
0 0.665755 0.783102 0.012240 0.031019
0 0.656380 0.782176 0.012240 0.031019
0 0.647526 0.782176 0.012240 0.031019
0 0.638021 0.781944 0.011979 0.032407
0 0.629427 0.781481 0.011979 0.032407
0 0.620052 0.781481 0.011979 0.032407
0 0.611458 0.780556 0.011979 0.032407
0 0.602344 0.781019 0.011979 0.032407
0 0.593490 0.780556 0.011979 0.032407
0 0.583854 0.780093 0.011979 0.032407
0 0.574740 0.780093 0.011979 0.032407
0 0.565885 0.779167 0.011979 0.032407
0 0.556771 0.778704 0.011979 0.032407
0 0.682552 0.150926 0.008854 0.021296
0 0.690104 0.151852 0.008854 0.021296
0 0.696875 0.153241 0.008854 0.021296
0 0.703906 0.153704 0.008854 0.021296
0 0.710677 0.155556 0.008854 0.021296
0 0.717708 0.156019 0.008854 0.021296
0 0.724740 0.157407 0.008854 0.021296
0 0.731250 0.158333 0.008854 0.021296
0 0.738542 0.160185 0.008854 0.021296
0 0.746875 0.159259 0.008854 0.021296
0 0.754427 0.160880 0.009375 0.022685
0 0.761458 0.161806 0.009375 0.022685
0 0.763802 0.182639 0.009375 0.022685
0 0.756250 0.181713 0.009375 0.022685
0 0.749219 0.181250 0.009375 0.022685
0 0.740625 0.180324 0.009375 0.022685
0 0.733594 0.179861 0.009375 0.022685
0 0.726562 0.177546 0.009375 0.022685
0 0.719531 0.176620 0.009375 0.020833
0 0.713021 0.175694 0.009375 0.020833
0 0.705469 0.174306 0.009375 0.020833
0 0.698698 0.173843 0.009375 0.020833
0 0.691406 0.171991 0.009375 0.020833
0 0.684635 0.171528 0.009375 0.020833
0 0.686458 0.196065 0.009375 0.020833
0 0.693490 0.197454 0.009375 0.020833
0 0.700781 0.197917 0.009375 0.020833
0 0.707812 0.199074 0.009375 0.022222
0 0.714583 0.200000 0.009375 0.022222
0 0.721875 0.201389 0.009375 0.022222
0 0.728906 0.202315 0.009375 0.022222
0 0.735938 0.203241 0.009375 0.022222
0 0.742969 0.204167 0.009375 0.022222
0 0.752344 0.205556 0.009375 0.022222
0 0.759375 0.206944 0.009375 0.022222
0 0.766406 0.207407 0.009375 0.022222
0 0.768750 0.229630 0.009375 0.022222
0 0.761458 0.228704 0.009375 0.022222
0 0.753906 0.227778 0.009375 0.022222
0 0.745052 0.225463 0.009375 0.022222
0 0.738021 0.224074 0.009375 0.022222
0 0.730990 0.223148 0.009375 0.022222
0 0.723437 0.222222 0.009375 0.022222
0 0.716667 0.221759 0.009375 0.022222
0 0.709635 0.220370 0.009375 0.022222
0 0.702083 0.218981 0.009375 0.022222
0 0.695312 0.218056 0.009375 0.022222
0 0.687760 0.217130 0.009375 0.022222
0 0.689583 0.243056 0.009375 0.022222
0 0.697396 0.243981 0.009375 0.022222
0 0.704688 0.244907 0.009375 0.022222
0 0.711719 0.245370 0.009375 0.022222
0 0.719010 0.246296 0.009375 0.022222
0 0.726042 0.247685 0.009375 0.022222
0 0.733333 0.248148 0.009375 0.022222
0 0.740625 0.249074 0.009375 0.022222
0 0.747656 0.250463 0.009375 0.022222
0 0.756771 0.250000 0.009375 0.022222
0 0.764062 0.251389 0.009896 0.023148
0 0.771094 0.252315 0.009896 0.023148
0 0.773958 0.274537 0.009896 0.023148
0 0.766927 0.274074 0.009896 0.023148
0 0.758854 0.272685 0.009896 0.023148
0 0.750000 0.272685 0.009896 0.023148
0 0.742708 0.271296 0.009896 0.023148
0 0.735417 0.270370 0.009896 0.023148
0 0.728385 0.269444 0.009896 0.023148
0 0.721094 0.268519 0.009896 0.023148
0 0.713542 0.267593 0.009896 0.023148
0 0.706250 0.266667 0.009896 0.023148
0 0.699219 0.266204 0.009896 0.023148
0 0.691927 0.264815 0.009896 0.023148
0 0.692969 0.289815 0.009896 0.023148
0 0.700781 0.291204 0.009896 0.023148
0 0.708594 0.292593 0.009896 0.023148
0 0.715885 0.293519 0.009896 0.023148
0 0.722917 0.293981 0.009896 0.023148
0 0.730469 0.295833 0.009896 0.023148
0 0.738021 0.295833 0.009896 0.023148
0 0.745052 0.297222 0.009896 0.023148
0 0.752604 0.297685 0.009896 0.023148
0 0.761068 0.296759 0.010156 0.025000
0 0.768620 0.296759 0.010156 0.025000
0 0.776432 0.298611 0.010156 0.025000
0 0.779036 0.322222 0.010156 0.025000
0 0.771484 0.321759 0.010156 0.025000
0 0.763672 0.320370 0.010156 0.025000
0 0.755339 0.320602 0.010156 0.023611
0 0.747396 0.318981 0.010417 0.024074
0 0.740365 0.318519 0.010417 0.024074
0 0.732682 0.317361 0.009635 0.023611
0 0.725130 0.316898 0.009635 0.023611
0 0.717839 0.315972 0.009635 0.023611
0 0.710547 0.315046 0.009635 0.023611
0 0.702734 0.313657 0.009635 0.023611
0 0.695443 0.313194 0.009635 0.023611
0 0.697005 0.335880 0.009635 0.023611
0 0.698568 0.359491 0.009635 0.023611
0 0.706380 0.359954 0.009635 0.023611
0 0.714453 0.360880 0.009635 0.023611
0 0.721745 0.361806 0.009635 0.023611
0 0.729036 0.362269 0.009635 0.023611
0 0.736719 0.363889 0.009896 0.024074
0 0.744271 0.364352 0.009896 0.024074
0 0.751823 0.365278 0.009896 0.024074
0 0.759635 0.365741 0.009896 0.024074
0 0.768490 0.368519 0.009896 0.024074
0 0.776563 0.369676 0.010417 0.025463
0 0.784115 0.370139 0.010417 0.025463
0 0.786979 0.395139 0.010417 0.025463
0 0.779167 0.394213 0.010417 0.025463
0 0.771615 0.393287 0.010417 0.025463
0 0.761979 0.394213 0.010417 0.025463
0 0.754427 0.393750 0.010417 0.025463
0 0.747135 0.392824 0.010417 0.025463
0 0.739062 0.391898 0.010417 0.025463
0 0.731771 0.391435 0.010417 0.025463
0 0.724479 0.390509 0.010417 0.025463
0 0.716667 0.389583 0.010417 0.025463
0 0.709115 0.389120 0.010417 0.025463
0 0.701562 0.388194 0.010417 0.025463
0 0.703125 0.412269 0.010417 0.025463
0 0.711198 0.412731 0.010417 0.025463
0 0.718490 0.413657 0.010417 0.025463
0 0.726562 0.414583 0.010417 0.025463
0 0.734115 0.415509 0.010417 0.025463
0 0.742188 0.415972 0.010417 0.025463
0 0.749740 0.416898 0.010417 0.025463
0 0.757292 0.417824 0.010417 0.025463
0 0.764844 0.418750 0.010417 0.025463
0 0.774219 0.419213 0.010417 0.025463
0 0.782031 0.419676 0.010417 0.025463
0 0.789844 0.421065 0.010417 0.025463
0 0.793229 0.449537 0.010417 0.026852
0 0.784896 0.449074 0.010417 0.026852
0 0.776823 0.448148 0.010417 0.026852
0 0.767969 0.448148 0.010417 0.026852
0 0.759635 0.447222 0.010417 0.026852
0 0.752344 0.446296 0.010417 0.026852
0 0.744531 0.445370 0.010417 0.026852
0 0.736458 0.444907 0.010417 0.026852
0 0.728646 0.443981 0.010417 0.026852
0 0.721094 0.443056 0.010417 0.026852
0 0.713281 0.442130 0.010417 0.026852
0 0.705469 0.441667 0.010417 0.026852
0 0.707552 0.466667 0.010417 0.026852
0 0.715365 0.466667 0.010417 0.026852
0 0.723437 0.468056 0.010417 0.026852
0 0.730990 0.468981 0.010417 0.026852
0 0.739062 0.469444 0.010417 0.026852
0 0.746875 0.470833 0.010417 0.026852
0 0.754427 0.470833 0.010417 0.026852
0 0.762240 0.472222 0.010417 0.026852
0 0.769792 0.473148 0.010417 0.026852
0 0.779687 0.473611 0.010417 0.026852
0 0.787500 0.475000 0.010417 0.026852
0 0.795964 0.475926 0.011198 0.028704
0 0.800130 0.509722 0.011198 0.028704
0 0.791536 0.508796 0.011198 0.028704
0 0.783464 0.507870 0.011198 0.028704
0 0.773568 0.508333 0.010677 0.027778
0 0.766016 0.508333 0.010677 0.027778
0 0.757943 0.506481 0.010677 0.027778
0 0.750391 0.506481 0.010677 0.027778
0 0.742057 0.505093 0.010677 0.027778
0 0.734245 0.504630 0.010677 0.027778
0 0.726432 0.503704 0.010677 0.027778
0 0.718359 0.503704 0.010677 0.027778
0 0.710547 0.502778 0.010677 0.027778
0 0.712370 0.530093 0.010677 0.027778
0 0.720703 0.530556 0.010677 0.027778
0 0.728776 0.531481 0.010677 0.027778
0 0.736849 0.532407 0.010677 0.027778
0 0.744661 0.532870 0.010677 0.027778
0 0.752995 0.533333 0.010677 0.027778
0 0.760547 0.533796 0.010677 0.027778
0 0.768620 0.534722 0.010677 0.027778
0 0.776432 0.535185 0.010677 0.027778
0 0.786589 0.534722 0.010677 0.027778
0 0.794141 0.535648 0.010677 0.027778
0 0.802214 0.536111 0.010677 0.027778
0 0.522266 0.190972 0.008594 0.024537
0 0.530078 0.188657 0.008594 0.024537
0 0.704818 0.336806 0.009635 0.023611
0 0.712109 0.337731 0.009635 0.023611
0 0.719922 0.337731 0.009635 0.023611
0 0.727474 0.340509 0.009635 0.023611
0 0.734245 0.340972 0.009635 0.023611
0 0.742318 0.340972 0.009635 0.023611
0 0.749609 0.342361 0.009635 0.023611
0 0.757161 0.343750 0.009635 0.023611
0 0.766276 0.344213 0.009635 0.023611
0 0.774349 0.345139 0.009635 0.023611
0 0.781901 0.346065 0.009635 0.023611
