0 0.122135 0.278472 0.045833 0.081944
0 0.112891 0.351852 0.047656 0.087037
0 0.100911 0.435648 0.052344 0.100926
0 0.086198 0.531481 0.057813 0.112037
0 0.070182 0.637500 0.059635 0.125000
0 0.157812 0.271991 0.045833 0.081944
0 0.190495 0.262963 0.042448 0.083333
0 0.222396 0.257407 0.042708 0.080556
0 0.254948 0.248611 0.039062 0.079630
0 0.288281 0.243056 0.039062 0.078704
0 0.320182 0.235185 0.036198 0.075926
0 0.350651 0.231481 0.037760 0.078704
0 0.383073 0.222685 0.038021 0.075000
0 0.414453 0.213657 0.039844 0.077315
0 0.445703 0.209954 0.039844 0.077315
0 0.476562 0.203472 0.041667 0.076389
0 0.507031 0.196991 0.041667 0.076389
0 0.537500 0.186343 0.041667 0.076389
0 0.568359 0.182176 0.044531 0.076389
0 0.598307 0.178009 0.044531 0.076389
0 0.629167 0.171296 0.046875 0.074074
0 0.657943 0.164583 0.047135 0.072685
0 0.688802 0.159028 0.050000 0.071759
0 0.716276 0.151157 0.053906 0.066204
0 0.746484 0.145602 0.053906 0.066204
0 0.776172 0.139120 0.053906 0.066204
0 0.148568 0.344676 0.045573 0.086574
0 0.137760 0.428935 0.049479 0.097685
0 0.125130 0.521296 0.051302 0.110185
0 0.112370 0.626157 0.055990 0.125463
0 0.182031 0.337500 0.043229 0.087963
0 0.174349 0.418519 0.046615 0.098148
0 0.165234 0.510185 0.049219 0.109259
0 0.154948 0.615741 0.051042 0.122222
0 0.217448 0.329630 0.041146 0.087037
0 0.210156 0.410880 0.044792 0.095833
0 0.203776 0.500694 0.046094 0.108796
0 0.196875 0.604398 0.049479 0.121759
0 0.251693 0.321296 0.038802 0.087963
0 0.242839 0.490972 0.043490 0.107870
0 0.238542 0.592361 0.045833 0.121759
0 0.286068 0.309954 0.038802 0.089352
0 0.281380 0.480093 0.042969 0.110185
0 0.278776 0.582639 0.044010 0.122685
0 0.319922 0.304861 0.037240 0.084722
0 0.320703 0.471065 0.041927 0.105093
0 0.320182 0.569907 0.042448 0.119444
0 0.353516 0.298148 0.036719 0.086111
0 0.359115 0.461806 0.040104 0.103241
0 0.361589 0.560185 0.043490 0.119444
0 0.387240 0.290509 0.038542 0.089352
0 0.397266 0.453935 0.045052 0.102315
0 0.400651 0.550463 0.046094 0.113889
0 0.418099 0.282176 0.042448 0.081944
0 0.432292 0.444444 0.048438 0.100000
0 0.439323 0.540741 0.049479 0.111111
0 0.451432 0.277778 0.042969 0.083333
0 0.471224 0.436574 0.048177 0.099074
0 0.478516 0.530787 0.050260 0.110648
0 0.453125 0.277546 0.041146 0.081019
0 0.470703 0.436574 0.047135 0.099074
0 0.479036 0.531944 0.048177 0.115741
0 0.485547 0.269676 0.042969 0.082870
0 0.506380 0.425000 0.049219 0.100000
0 0.517969 0.522222 0.054167 0.111111
0 0.518099 0.263426 0.044010 0.081481
0 0.540755 0.421065 0.055469 0.098611
0 0.555729 0.515046 0.058854 0.111574
0 0.550651 0.255556 0.046094 0.083333
0 0.577995 0.413889 0.052865 0.097222
0 0.593750 0.505787 0.057813 0.110648
0 0.582552 0.247917 0.044792 0.078241
0 0.613021 0.403935 0.055208 0.097685
0 0.632031 0.497222 0.058333 0.109259
0 0.614193 0.242593 0.048698 0.079630
0 0.650260 0.395139 0.056771 0.098611
0 0.670573 0.487269 0.061458 0.111574
0 0.644531 0.234722 0.053646 0.078704
0 0.685156 0.388657 0.061979 0.095833
0 0.707682 0.478704 0.064323 0.105556
0 0.675651 0.223380 0.051823 0.082870
0 0.719141 0.377546 0.060156 0.095833
0 0.745313 0.468287 0.066146 0.106944
0 0.707292 0.220370 0.056250 0.077778
0 0.726042 0.284722 0.064062 0.087037
0 0.753906 0.369907 0.066667 0.096296
0 0.781380 0.460185 0.069531 0.109259
0 0.737370 0.214120 0.058073 0.073611
0 0.760807 0.282870 0.062760 0.083333
0 0.789062 0.361343 0.064062 0.094907
0 0.816016 0.451620 0.073177 0.107870
0 0.768620 0.207639 0.056510 0.072685
0 0.792448 0.277315 0.057292 0.083333
0 0.823047 0.354630 0.064323 0.093519
0 0.854688 0.442130 0.071875 0.108333
0 0.798568 0.200694 0.060677 0.073611
0 0.825781 0.269213 0.064062 0.080093
0 0.856771 0.346296 0.068229 0.090741
0 0.890104 0.435880 0.072917 0.104167
