0 0.187891 0.199306 0.009635 0.024537
0 0.195703 0.196991 0.009635 0.024537
0 0.203255 0.196065 0.009635 0.024537
0 0.210547 0.194676 0.009635 0.024537
0 0.218359 0.192361 0.009635 0.024537
0 0.226172 0.190509 0.009635 0.024537
0 0.233464 0.189120 0.009635 0.024537
0 0.241016 0.187731 0.009635 0.024537
0 0.248568 0.185417 0.009635 0.024537
0 0.256380 0.183565 0.009635 0.024537
0 0.264193 0.182176 0.009635 0.024537
0 0.271745 0.180324 0.009635 0.024537
0 0.279557 0.178935 0.009635 0.024537
0 0.286849 0.176157 0.009635 0.024537
0 0.294922 0.174769 0.009635 0.024537
0 0.302734 0.173380 0.009635 0.024537
0 0.310286 0.171991 0.009635 0.024537
0 0.317839 0.170602 0.009635 0.024537
0 0.325911 0.168287 0.009635 0.024537
0 0.333724 0.165972 0.009635 0.024537
0 0.341276 0.164583 0.009635 0.024537
0 0.349349 0.162731 0.009635 0.024537
0 0.357422 0.161343 0.009635 0.024537
0 0.365495 0.159028 0.009635 0.024537
0 0.373568 0.157639 0.009635 0.024537
0 0.381901 0.156250 0.009635 0.024537
0 0.380339 0.185417 0.009635 0.024537
0 0.372526 0.187269 0.009635 0.024537
0 0.364193 0.188657 0.009635 0.024537
0 0.356380 0.190046 0.009635 0.024537
0 0.348828 0.192361 0.009635 0.024537
0 0.340495 0.194213 0.009635 0.024537
0 0.332682 0.195602 0.009635 0.024537
0 0.324089 0.197454 0.009635 0.024537
0 0.316536 0.199306 0.009635 0.024537
0 0.308464 0.200694 0.009635 0.024537
0 0.300911 0.202083 0.009635 0.024537
0 0.292839 0.203935 0.009635 0.024537
0 0.285547 0.205324 0.009635 0.024537
0 0.277734 0.207176 0.009635 0.024537
0 0.269922 0.207639 0.009635 0.024537
0 0.262109 0.209491 0.009635 0.024537
0 0.254297 0.211343 0.009635 0.024537
0 0.246745 0.212731 0.009635 0.024537
0 0.238932 0.214583 0.009635 0.024537
0 0.231641 0.216435 0.009635 0.024537
0 0.223568 0.217824 0.009635 0.024537
0 0.216016 0.219213 0.009635 0.024537
0 0.208464 0.220602 0.009635 0.024537
0 0.201172 0.221991 0.009635 0.024537
0 0.193099 0.223843 0.009635 0.024537
0 0.185807 0.224769 0.009635 0.024537
0 0.183724 0.249306 0.009635 0.024537
0 0.191016 0.247917 0.009635 0.024537
0 0.199349 0.246065 0.009635 0.024537
0 0.206641 0.244676 0.009635 0.024537
0 0.214193 0.242824 0.009635 0.024537
0 0.221745 0.241435 0.009635 0.024537
0 0.229297 0.240509 0.009635 0.024537
0 0.237370 0.238657 0.009635 0.024537
0 0.244661 0.237269 0.009635 0.024537
0 0.252734 0.235880 0.009635 0.024537
0 0.260286 0.234491 0.009635 0.024537
0 0.268359 0.232639 0.009635 0.024537
0 0.276172 0.231250 0.009635 0.024537
0 0.283724 0.229398 0.009635 0.024537
0 0.291797 0.228009 0.009635 0.024537
0 0.300391 0.226620 0.009635 0.024537
0 0.307422 0.224769 0.009635 0.024537
0 0.316016 0.223843 0.009635 0.024537
0 0.323828 0.221528 0.009635 0.024537
0 0.331120 0.219676 0.009635 0.024537
0 0.339714 0.218287 0.009635 0.024537
0 0.347266 0.216898 0.009635 0.024537
0 0.355599 0.215046 0.009635 0.024537
0 0.363411 0.213657 0.009635 0.024537
0 0.371224 0.211343 0.009635 0.024537
0 0.380078 0.209954 0.009635 0.024537
0 0.366276 0.291898 0.009635 0.027315
0 0.374349 0.291435 0.009635 0.027315
0 0.386328 0.291435 0.009635 0.027315
0 0.394922 0.291435 0.009635 0.027315
0 0.394141 0.320139 0.009635 0.027315
0 0.385547 0.319676 0.009635 0.027315
0 0.373828 0.319676 0.009635 0.027315
0 0.365234 0.321528 0.009635 0.027315
0 0.363932 0.352083 0.009635 0.027315
0 0.372786 0.351157 0.009635 0.027315
0 0.384375 0.350463 0.009896 0.027778
0 0.392969 0.351852 0.009896 0.027778
0 0.392448 0.381944 0.009896 0.027778
0 0.383854 0.381481 0.009896 0.027778
0 0.371875 0.381481 0.009896 0.027778
0 0.363281 0.382407 0.009896 0.027778
0 0.391667 0.415741 0.009896 0.027778
0 0.382292 0.414815 0.009896 0.027778
0 0.371094 0.414815 0.009896 0.027778
0 0.361979 0.415741 0.009896 0.027778
0 0.360677 0.446759 0.009896 0.029630
0 0.369922 0.445833 0.009635 0.029630
0 0.381641 0.445370 0.009635 0.029630
0 0.391016 0.445370 0.009635 0.029630
0 0.389714 0.479630 0.009635 0.029630
0 0.380599 0.479630 0.009635 0.029630
0 0.368880 0.479630 0.010156 0.030556
0 0.360026 0.480556 0.010156 0.030556
0 0.358203 0.510648 0.010156 0.030556
0 0.367839 0.510185 0.010156 0.030556
0 0.379557 0.508796 0.010156 0.030556
0 0.388932 0.509722 0.010156 0.030556
0 0.387891 0.545833 0.010156 0.030556
0 0.378776 0.544907 0.010156 0.030556
0 0.366797 0.545602 0.011198 0.031944
0 0.356901 0.546991 0.011198 0.031944
0 0.355599 0.581250 0.011198 0.031944
0 0.365234 0.580324 0.011198 0.031944
0 0.376172 0.578472 0.011198 0.031944
0 0.386589 0.579398 0.011198 0.031944
0 0.376953 0.615972 0.011198 0.031944
0 0.364453 0.615046 0.011198 0.031944
0 0.354297 0.615972 0.011198 0.031944
0 0.352474 0.652546 0.011198 0.031944
0 0.362370 0.650694 0.011198 0.033796
0 0.376172 0.649769 0.011198 0.033796
0 0.374870 0.688657 0.011198 0.033796
0 0.360547 0.689120 0.011198 0.033796
0 0.351432 0.690046 0.011198 0.033796
0 0.175130 0.278241 0.009635 0.025926
0 0.182682 0.277315 0.009635 0.025926
0 0.190755 0.276389 0.009635 0.025926
0 0.198047 0.274074 0.009635 0.025926
0 0.206120 0.273148 0.009635 0.025926
0 0.213672 0.271296 0.009635 0.025926
0 0.221484 0.269907 0.009635 0.025926
0 0.229557 0.268519 0.009635 0.025926
0 0.237109 0.267130 0.009635 0.025926
0 0.244922 0.265278 0.009635 0.025926
0 0.252734 0.263889 0.009635 0.025926
0 0.260807 0.262037 0.009635 0.025926
0 0.268620 0.261111 0.009635 0.025926
0 0.276432 0.259259 0.009635 0.025926
0 0.284245 0.257870 0.009635 0.025926
0 0.292187 0.256019 0.009896 0.026852
0 0.300260 0.254167 0.009896 0.026852
0 0.308073 0.253241 0.009896 0.026852
0 0.316406 0.251852 0.009896 0.026852
0 0.324219 0.250000 0.009896 0.026852
0 0.332292 0.248148 0.009896 0.026852
0 0.340625 0.246759 0.009896 0.026852
0 0.348438 0.245370 0.009896 0.026852
0 0.356771 0.243981 0.009896 0.026852
0 0.355859 0.268981 0.009115 0.026852
0 0.347786 0.270370 0.009115 0.026852
0 0.339453 0.272222 0.009115 0.026852
0 0.331380 0.273148 0.009115 0.026852
0 0.323307 0.274537 0.009115 0.026852
0 0.314974 0.276852 0.009115 0.026852
0 0.306901 0.278241 0.009115 0.026852
0 0.299089 0.279630 0.009115 0.026852
0 0.291016 0.281481 0.009115 0.026852
0 0.282682 0.282870 0.009115 0.026852
0 0.275130 0.284259 0.009115 0.026852
0 0.266797 0.285648 0.009115 0.026852
0 0.258984 0.287037 0.009115 0.026852
0 0.251172 0.288426 0.009115 0.026852
0 0.243359 0.290278 0.009115 0.026852
0 0.235547 0.291667 0.009115 0.026852
0 0.227214 0.293519 0.009115 0.026852
0 0.219922 0.294907 0.009115 0.026852
0 0.211979 0.296296 0.009896 0.026852
0 0.203906 0.298148 0.009896 0.026852
0 0.196354 0.299537 0.009896 0.026852
0 0.188542 0.300926 0.009896 0.026852
0 0.180469 0.301852 0.009896 0.026852
0 0.172656 0.303241 0.009896 0.026852
0 0.169792 0.332870 0.009896 0.026852
0 0.177865 0.332407 0.009896 0.026852
0 0.185677 0.331019 0.009896 0.026852
0 0.193490 0.329630 0.009896 0.026852
0 0.201302 0.328241 0.009896 0.026852
0 0.209115 0.326389 0.009896 0.026852
0 0.217448 0.324537 0.009896 0.026852
0 0.225000 0.323148 0.009896 0.026852
0 0.248698 0.318981 0.009896 0.026852
0 0.256771 0.317593 0.009896 0.026852
0 0.265104 0.315741 0.009896 0.026852
0 0.273177 0.313889 0.009896 0.026852
0 0.281250 0.312500 0.009896 0.026852
0 0.289323 0.311574 0.009896 0.026852
0 0.297396 0.309259 0.009896 0.026852
0 0.305469 0.307870 0.009896 0.026852
0 0.313542 0.306481 0.009896 0.026852
0 0.321875 0.305093 0.009896 0.026852
0 0.329948 0.303704 0.009896 0.026852
0 0.338021 0.302315 0.009896 0.026852
0 0.346354 0.300926 0.009896 0.026852
0 0.355078 0.299074 0.010156 0.028704
0 0.354297 0.326389 0.010156 0.028704
0 0.345703 0.327315 0.010156 0.028704
0 0.337109 0.328704 0.010156 0.028704
0 0.329297 0.330093 0.010156 0.028704
0 0.320964 0.331944 0.010156 0.028704
0 0.312370 0.333333 0.010156 0.028704
0 0.303776 0.334259 0.010156 0.028704
0 0.296224 0.336574 0.010156 0.028704
0 0.287891 0.337500 0.010156 0.028704
0 0.279818 0.339352 0.010156 0.028704
0 0.271484 0.341204 0.010156 0.028704
0 0.263672 0.342130 0.010156 0.028704
0 0.255339 0.343519 0.010156 0.028704
0 0.247266 0.344907 0.010156 0.028704
0 0.239453 0.346296 0.010156 0.028704
0 0.231120 0.347685 0.010156 0.028704
0 0.223047 0.349537 0.010156 0.028704
0 0.215234 0.350926 0.010156 0.028704
0 0.207161 0.352315 0.010156 0.028704
0 0.199349 0.353704 0.010156 0.028704
0 0.191536 0.355093 0.010156 0.028704
0 0.183464 0.356944 0.010156 0.028704
0 0.175651 0.357870 0.010156 0.028704
0 0.167839 0.359259 0.010156 0.028704
0 0.165234 0.385648 0.010156 0.028704
0 0.173047 0.384722 0.010156 0.028704
0 0.181380 0.383333 0.010156 0.028704
0 0.189193 0.381019 0.010156 0.028704
0 0.197005 0.380093 0.010156 0.028704
0 0.205078 0.378704 0.010156 0.028704
0 0.212891 0.377778 0.010156 0.028704
0 0.221224 0.375926 0.010156 0.028704
0 0.229297 0.374537 0.010156 0.028704
0 0.237370 0.373148 0.010156 0.028704
0 0.245703 0.371759 0.010156 0.028704
0 0.253516 0.370370 0.010156 0.028704
0 0.261849 0.368519 0.010156 0.028704
0 0.269922 0.367130 0.010156 0.028704
0 0.277995 0.366204 0.010156 0.028704
0 0.286328 0.364352 0.010156 0.028704
0 0.294141 0.362500 0.010156 0.028704
0 0.302995 0.362037 0.010156 0.028704
0 0.311328 0.360185 0.010156 0.028704
0 0.319922 0.358796 0.010156 0.028704
0 0.328255 0.357407 0.010156 0.028704
0 0.336849 0.356481 0.010156 0.028704
0 0.344922 0.354630 0.010156 0.028704
0 0.353776 0.352778 0.010156 0.028704
0 0.352474 0.389352 0.010156 0.028704
0 0.343359 0.391204 0.010156 0.028704
0 0.335286 0.392593 0.010156 0.028704
0 0.326693 0.393981 0.010156 0.028704
0 0.318359 0.394907 0.010156 0.028704
0 0.309245 0.396759 0.010156 0.028704
0 0.301172 0.398148 0.010156 0.028704
0 0.292578 0.399074 0.010156 0.028704
0 0.283984 0.400000 0.010156 0.028704
0 0.276693 0.401389 0.010156 0.028704
0 0.267318 0.403704 0.010156 0.028704
0 0.259505 0.405093 0.010156 0.028704
0 0.251432 0.406481 0.010156 0.028704
0 0.243359 0.406944 0.010156 0.028704
0 0.210547 0.412037 0.010156 0.028704
0 0.202214 0.413889 0.010156 0.028704
0 0.194141 0.415278 0.010156 0.028704
0 0.186328 0.416667 0.010156 0.028704
0 0.178255 0.418056 0.010156 0.028704
0 0.170182 0.418519 0.010156 0.028704
0 0.162109 0.419907 0.010156 0.028704
0 0.154297 0.421759 0.010156 0.028704
0 0.145964 0.423611 0.010156 0.028704
0 0.135807 0.426852 0.010677 0.029630
0 0.127474 0.428241 0.010677 0.029630
0 0.118880 0.429167 0.010677 0.029630
0 0.115755 0.457870 0.011719 0.030556
0 0.124349 0.456481 0.011719 0.030556
0 0.132422 0.455556 0.011719 0.030556
0 0.143620 0.451852 0.011198 0.029630
0 0.150911 0.450463 0.011198 0.029630
0 0.159245 0.449537 0.011198 0.029630
0 0.167057 0.448611 0.011198 0.029630
0 0.175130 0.447222 0.011198 0.029630
0 0.183464 0.445833 0.011198 0.029630
0 0.192057 0.444444 0.011198 0.029630
0 0.199609 0.443056 0.011198 0.029630
0 0.207943 0.442130 0.011198 0.029630
0 0.224740 0.438426 0.010417 0.028704
0 0.232813 0.437500 0.010417 0.028704
0 0.240885 0.436574 0.010417 0.028704
0 0.249219 0.435648 0.010417 0.028704
0 0.257552 0.434259 0.010417 0.028704
0 0.266146 0.433333 0.010417 0.028704
0 0.274479 0.431481 0.010417 0.028704
0 0.282552 0.430556 0.010417 0.028704
0 0.291146 0.429167 0.010417 0.028704
0 0.300000 0.427315 0.010417 0.028704
0 0.308333 0.426389 0.010417 0.028704
0 0.316927 0.425000 0.010417 0.028704
0 0.325000 0.424074 0.010417 0.028704
0 0.333854 0.422685 0.010417 0.028704
0 0.342708 0.421296 0.010417 0.028704
0 0.351823 0.420370 0.010417 0.028704
0 0.350130 0.458565 0.010677 0.030093
0 0.340755 0.460880 0.010677 0.030093
0 0.332422 0.461343 0.010677 0.030093
0 0.323568 0.463194 0.010677 0.030093
0 0.314974 0.464120 0.010677 0.030093
0 0.306120 0.465972 0.010677 0.030093
0 0.297526 0.467361 0.010677 0.030093
0 0.288932 0.467824 0.010677 0.030093
0 0.280599 0.468750 0.010677 0.030093
0 0.271745 0.471065 0.010677 0.030093
0 0.263672 0.471528 0.010677 0.030093
0 0.255078 0.473380 0.010677 0.030093
0 0.246745 0.474306 0.010677 0.030093
0 0.238411 0.475231 0.010677 0.030093
0 0.204818 0.479861 0.010677 0.030093
0 0.196745 0.482176 0.010677 0.030093
0 0.188411 0.483102 0.010677 0.030093
0 0.180078 0.484028 0.010677 0.030093
0 0.171745 0.485417 0.010677 0.030093
0 0.163932 0.486343 0.010677 0.030093
0 0.155339 0.487731 0.010677 0.030093
0 0.147266 0.488657 0.010677 0.030093
0 0.139453 0.490046 0.010677 0.030093
0 0.128516 0.491435 0.010677 0.030093
0 0.120443 0.492824 0.010677 0.030093
0 0.112370 0.493750 0.011198 0.030093
0 0.108984 0.523380 0.011198 0.030093
0 0.117839 0.522454 0.011198 0.030093
0 0.126172 0.521065 0.011198 0.030093
0 0.136328 0.518750 0.011198 0.030093
0 0.144661 0.516898 0.011198 0.030093
0 0.152734 0.515972 0.011198 0.030093
0 0.161068 0.515046 0.011198 0.030093
0 0.169401 0.514120 0.011198 0.030093
0 0.177995 0.512269 0.011198 0.030093
0 0.185547 0.511343 0.011198 0.030093
0 0.193880 0.509954 0.011198 0.030093
0 0.202734 0.508565 0.011198 0.030093
0 0.219141 0.506713 0.011198 0.030093
0 0.227734 0.505324 0.011198 0.030093
0 0.236068 0.504398 0.011198 0.030093
0 0.244661 0.502546 0.011198 0.030093
0 0.253255 0.501620 0.011198 0.030093
0 0.261849 0.500231 0.011198 0.030093
0 0.270182 0.499306 0.011198 0.030093
0 0.278516 0.498380 0.011198 0.030093
0 0.287630 0.496528 0.011198 0.030093
0 0.295964 0.495602 0.011198 0.030093
0 0.305078 0.494213 0.011198 0.030093
0 0.313932 0.493287 0.011198 0.030093
0 0.322266 0.491898 0.011198 0.030093
0 0.331120 0.490509 0.011198 0.030093
0 0.340234 0.489120 0.011198 0.030093
0 0.348828 0.488194 0.011198 0.030093
0 0.347786 0.522454 0.011198 0.030093
0 0.337891 0.522917 0.011198 0.030093
0 0.329818 0.524306 0.011198 0.030093
0 0.320964 0.526157 0.011198 0.031019
0 0.312370 0.526620 0.011198 0.031019
0 0.303516 0.528472 0.011198 0.031019
0 0.294141 0.529861 0.011198 0.031019
0 0.285286 0.530787 0.011198 0.031019
0 0.276953 0.532176 0.011198 0.031019
0 0.268359 0.533102 0.011198 0.031019
0 0.259505 0.535417 0.011198 0.031019
0 0.250911 0.535880 0.011198 0.031019
0 0.242318 0.537269 0.011198 0.031019
0 0.233984 0.538657 0.011198 0.031019
0 0.225391 0.540046 0.011198 0.031019
0 0.199609 0.543287 0.011198 0.031019
0 0.191276 0.544213 0.011198 0.031019
0 0.183203 0.545602 0.011198 0.031019
0 0.174609 0.546528 0.011198 0.031019
0 0.166276 0.547917 0.011198 0.031019
0 0.158203 0.548380 0.011198 0.031019
0 0.149349 0.550231 0.011198 0.031019
0 0.141276 0.551620 0.011198 0.031019
0 0.133724 0.551620 0.011198 0.031019
0 0.122266 0.555093 0.011719 0.031481
0 0.113932 0.556019 0.011719 0.031481
0 0.105339 0.556944 0.011719 0.031481
0 0.101953 0.587500 0.011719 0.031481
0 0.110807 0.586111 0.011719 0.031481
0 0.119141 0.585648 0.011719 0.031481
0 0.130599 0.581250 0.011198 0.031944
0 0.138411 0.579861 0.011198 0.031944
0 0.146484 0.579398 0.011198 0.031944
0 0.154818 0.578472 0.011198 0.031944
0 0.163411 0.577546 0.011198 0.031944
0 0.172005 0.576620 0.011198 0.031944
0 0.180339 0.574769 0.011198 0.031944
0 0.188672 0.573843 0.011198 0.031944
0 0.197266 0.572917 0.011198 0.031944
0 0.194922 0.607639 0.011198 0.031944
0 0.186068 0.609028 0.011198 0.031944
0 0.177214 0.609954 0.011198 0.031944
0 0.169141 0.611343 0.011198 0.031944
0 0.160547 0.612269 0.011198 0.031944
0 0.151693 0.613657 0.011198 0.031944
0 0.142839 0.614120 0.011198 0.031944
0 0.134505 0.616435 0.011198 0.031944
0 0.126693 0.617361 0.011198 0.031944
0 0.115495 0.617824 0.011198 0.031944
0 0.106901 0.618287 0.011198 0.031944
0 0.098177 0.619676 0.011979 0.032870
0 0.095052 0.651157 0.011979 0.032870
0 0.103385 0.650231 0.011979 0.032870
0 0.112240 0.649769 0.011979 0.032870
0 0.122917 0.647454 0.011979 0.032870
0 0.131771 0.646065 0.011979 0.032870
0 0.140365 0.645602 0.011979 0.032870
0 0.148698 0.644676 0.011979 0.032870
0 0.157812 0.643750 0.011979 0.032870
0 0.165885 0.642361 0.011979 0.032870
0 0.174479 0.640972 0.011979 0.032870
0 0.183073 0.640046 0.011979 0.032870
0 0.191927 0.639120 0.011979 0.032870
0 0.189844 0.669676 0.011979 0.032870
0 0.180469 0.671528 0.011979 0.032870
0 0.171875 0.672917 0.011979 0.032870
0 0.163281 0.673843 0.011979 0.032870
0 0.154427 0.674769 0.011979 0.032870
0 0.145833 0.675694 0.011979 0.032870
0 0.136979 0.676157 0.011979 0.032870
0 0.128646 0.677546 0.011979 0.032870
0 0.120313 0.678935 0.011979 0.032870
0 0.109115 0.682176 0.012500 0.034722
0 0.100260 0.683565 0.012500 0.034722
0 0.091406 0.684028 0.012500 0.034722
0 0.087500 0.717824 0.012500 0.034722
0 0.096615 0.717361 0.012500 0.034722
0 0.105729 0.715972 0.012500 0.034722
0 0.117448 0.709722 0.011979 0.034259
0 0.125521 0.709259 0.011979 0.034259
0 0.133854 0.708333 0.011979 0.034259
0 0.142708 0.707870 0.011979 0.034259
0 0.151823 0.706944 0.011979 0.034259
0 0.160677 0.706019 0.011979 0.034259
0 0.169010 0.705093 0.011979 0.034259
0 0.177865 0.704167 0.011979 0.034259
0 0.186719 0.703241 0.011979 0.034259
0 0.183594 0.740278 0.011979 0.034259
0 0.175000 0.741204 0.011979 0.034259
0 0.165885 0.742593 0.011979 0.034259
0 0.157031 0.743519 0.011979 0.034259
0 0.148177 0.744907 0.011979 0.034259
0 0.139323 0.744444 0.011979 0.034259
0 0.130469 0.746296 0.011979 0.034259
0 0.121615 0.747685 0.011979 0.034259
0 0.113021 0.747685 0.011979 0.034259
0 0.102083 0.750000 0.011979 0.034259
0 0.092969 0.751389 0.011979 0.034259
0 0.083724 0.752546 0.012240 0.034722
0 0.079818 0.786343 0.012240 0.034722
0 0.088932 0.785880 0.012240 0.034722
0 0.098568 0.784028 0.012240 0.034722
0 0.110026 0.781250 0.012240 0.034722
0 0.118620 0.780324 0.012240 0.034722
0 0.127734 0.778935 0.012240 0.034722
0 0.136068 0.778472 0.012240 0.034722
0 0.145182 0.777546 0.012240 0.034722
0 0.153776 0.776620 0.012240 0.034722
0 0.162891 0.775694 0.012240 0.034722
0 0.171745 0.775231 0.012240 0.034722
0 0.181380 0.774306 0.012240 0.034722
0 0.177734 0.814120 0.012240 0.034722
0 0.168359 0.815509 0.012240 0.034722
0 0.159505 0.815509 0.012240 0.034722
0 0.149870 0.816898 0.012240 0.034722
0 0.141276 0.817824 0.012240 0.034722
0 0.132422 0.817824 0.012240 0.034722
0 0.123568 0.819213 0.012240 0.034722
0 0.114193 0.820602 0.012240 0.034722
0 0.105859 0.821528 0.012240 0.034722
0 0.094401 0.821065 0.012240 0.034722
0 0.085286 0.821991 0.012240 0.034722
0 0.075911 0.822454 0.012240 0.034722
0 0.072005 0.858102 0.012760 0.036574
0 0.081641 0.857639 0.012760 0.036574
0 0.090755 0.856713 0.012760 0.036574
0 0.102214 0.855787 0.012760 0.036574
0 0.111328 0.854398 0.012760 0.036574
0 0.119922 0.853009 0.012760 0.036574
0 0.129036 0.853472 0.012760 0.036574
0 0.138151 0.852083 0.012760 0.036574
0 0.147005 0.851620 0.012760 0.036574
0 0.156120 0.850231 0.012760 0.036574
0 0.165234 0.849769 0.012760 0.036574
0 0.174349 0.848843 0.012760 0.036574
0 0.171224 0.891898 0.012760 0.036574
0 0.161849 0.892824 0.012760 0.036574
0 0.152214 0.893287 0.012760 0.036574
0 0.143359 0.894213 0.012760 0.036574
0 0.133984 0.894676 0.012760 0.036574
0 0.124870 0.895602 0.012760 0.036574
0 0.116016 0.896065 0.012760 0.036574
0 0.106380 0.896991 0.012760 0.036574
0 0.097526 0.897917 0.012760 0.036574
0 0.086328 0.899769 0.013281 0.037500
0 0.076953 0.900231 0.013281 0.037500
0 0.067318 0.901157 0.013281 0.037500
0 0.062760 0.938426 0.014063 0.037963
0 0.072396 0.937037 0.014063 0.037963
0 0.082031 0.937037 0.014063 0.037963
0 0.094531 0.932639 0.013021 0.037500
0 0.102344 0.933102 0.013021 0.037500
0 0.112240 0.932176 0.013021 0.037500
0 0.121875 0.931250 0.013021 0.037500
0 0.130990 0.930324 0.013021 0.037500
0 0.140104 0.929398 0.013021 0.037500
0 0.149479 0.928935 0.013021 0.037500
0 0.158594 0.928472 0.013021 0.037500
0 0.168229 0.927546 0.013021 0.037500
0 0.196875 0.924769 0.013021 0.037500
0 0.206250 0.924769 0.013021 0.037500
0 0.216146 0.923843 0.013021 0.037500
0 0.225781 0.922917 0.013021 0.037500
0 0.234896 0.922454 0.013021 0.037500
0 0.245052 0.922454 0.012500 0.039352
0 0.255469 0.921991 0.012500 0.039352
0 0.265104 0.921065 0.012500 0.039352
0 0.275260 0.920602 0.012500 0.039352
0 0.286198 0.920139 0.012500 0.039352
0 0.296354 0.919213 0.012500 0.039352
0 0.306510 0.918287 0.012500 0.039352
0 0.316927 0.917824 0.012500 0.039352
0 0.327604 0.916898 0.012500 0.039352
0 0.337760 0.915972 0.012500 0.039352
0 0.348047 0.916204 0.012240 0.039815
0 0.354557 0.875926 0.012240 0.039815
0 0.344401 0.876852 0.012240 0.039815
0 0.334505 0.878704 0.012240 0.039815
0 0.325130 0.878472 0.012240 0.039352
0 0.314974 0.879861 0.012240 0.039352
0 0.304818 0.880324 0.012240 0.039352
0 0.295182 0.881713 0.012240 0.039352
0 0.285547 0.882176 0.012240 0.039352
0 0.275911 0.883102 0.012240 0.039352
0 0.266276 0.883565 0.012240 0.039352
0 0.256901 0.884954 0.012240 0.039352
0 0.247526 0.884954 0.012240 0.039352
0 0.237630 0.885417 0.012240 0.039352
0 0.228255 0.886806 0.012240 0.039352
0 0.218880 0.887731 0.012240 0.039352
0 0.209245 0.889120 0.012240 0.039352
0 0.200130 0.888657 0.012240 0.039352
0 0.203385 0.845602 0.012500 0.037500
0 0.212240 0.846065 0.012500 0.037500
0 0.221875 0.845139 0.012500 0.037500
0 0.230729 0.844676 0.012500 0.037500
0 0.240885 0.843750 0.012500 0.037500
0 0.249740 0.842824 0.012500 0.037500
0 0.259635 0.842361 0.012500 0.037500
0 0.269010 0.841435 0.012500 0.037500
0 0.278646 0.840509 0.012500 0.037500
0 0.288021 0.840046 0.012500 0.037500
0 0.297656 0.839120 0.012500 0.037500
0 0.307031 0.838194 0.012500 0.037500
0 0.316667 0.836806 0.012500 0.037500
0 0.326042 0.836343 0.012500 0.037500
0 0.335938 0.835417 0.012500 0.037500
0 0.346094 0.833565 0.012500 0.037500
0 0.355990 0.832639 0.012500 0.037500
0 0.357292 0.795139 0.012500 0.037500
0 0.347135 0.796065 0.012500 0.037500
0 0.336719 0.799769 0.012500 0.037500
0 0.327344 0.800231 0.012500 0.037500
0 0.317708 0.802083 0.012500 0.037500
0 0.308594 0.803009 0.012500 0.037500
0 0.298958 0.803009 0.012500 0.037500
0 0.289583 0.803935 0.012500 0.037500
0 0.280469 0.804861 0.012500 0.037500
0 0.270833 0.805787 0.012500 0.037500
0 0.260937 0.806713 0.012500 0.037500
0 0.252083 0.808102 0.012500 0.037500
0 0.242708 0.808565 0.012500 0.037500
0 0.233333 0.809028 0.012500 0.037500
0 0.224219 0.809954 0.012500 0.037500
0 0.215365 0.810880 0.012500 0.037500
0 0.206120 0.811111 0.012240 0.037037
0 0.208984 0.771296 0.012240 0.037037
0 0.217839 0.770370 0.012240 0.037037
0 0.226693 0.770370 0.012240 0.037037
0 0.236328 0.768981 0.012240 0.037037
0 0.244922 0.768056 0.012240 0.037037
0 0.255078 0.767130 0.012240 0.037037
0 0.264193 0.765741 0.012240 0.037037
0 0.273047 0.765278 0.012240 0.037037
0 0.282161 0.763889 0.012240 0.037037
0 0.292057 0.762963 0.012240 0.037037
0 0.300911 0.762037 0.012240 0.037037
0 0.310286 0.761111 0.012240 0.037037
0 0.319922 0.760185 0.012240 0.037037
0 0.329557 0.759259 0.012240 0.037037
0 0.338411 0.758796 0.012240 0.037037
0 0.339714 0.724074 0.012240 0.037037
0 0.330990 0.724074 0.011458 0.036111
0 0.321615 0.726389 0.011458 0.036111
0 0.311719 0.727778 0.011458 0.036111
0 0.302604 0.727778 0.011458 0.036111
0 0.292969 0.729167 0.011458 0.036111
0 0.283594 0.730556 0.011458 0.036111
0 0.274740 0.731481 0.011458 0.036111
0 0.265625 0.732407 0.011458 0.036111
0 0.256510 0.733333 0.011458 0.036111
0 0.247396 0.734259 0.011458 0.036111
0 0.238281 0.735185 0.011458 0.036111
0 0.228906 0.736574 0.011458 0.036111
0 0.220052 0.737963 0.011458 0.036111
0 0.210938 0.738426 0.011458 0.036111
0 0.222917 0.698611 0.011458 0.036111
0 0.231771 0.697685 0.011458 0.036111
0 0.240625 0.696296 0.011458 0.036111
0 0.249479 0.695833 0.011458 0.036111
0 0.258854 0.694444 0.011458 0.036111
0 0.267969 0.693519 0.011458 0.036111
0 0.277344 0.692130 0.011458 0.036111
0 0.285938 0.690741 0.011458 0.036111
0 0.295312 0.689352 0.011458 0.036111
0 0.304427 0.687963 0.011458 0.036111
0 0.313281 0.687037 0.011458 0.036111
0 0.322656 0.685648 0.011458 0.036111
0 0.332031 0.683796 0.011458 0.036111
0 0.341667 0.683796 0.011458 0.036111
0 0.342448 0.651389 0.011458 0.036111
0 0.333333 0.651852 0.011458 0.036111
0 0.323958 0.653704 0.011458 0.036111
0 0.315104 0.655093 0.011458 0.036111
0 0.305990 0.655556 0.011458 0.036111
0 0.296615 0.657407 0.011458 0.036111
0 0.287240 0.658796 0.011458 0.036111
0 0.278646 0.660648 0.011458 0.036111
0 0.269531 0.661574 0.011458 0.036111
0 0.260677 0.662500 0.011458 0.036111
0 0.251823 0.662963 0.011458 0.036111
0 0.242448 0.663889 0.011458 0.036111
0 0.233594 0.665278 0.011458 0.036111
0 0.224740 0.665741 0.011458 0.036111
0 0.215885 0.667130 0.011458 0.036111
0 0.207552 0.668519 0.011458 0.036111
0 0.209896 0.637500 0.011458 0.036111
0 0.218229 0.636574 0.011458 0.036111
0 0.226823 0.634722 0.011458 0.036111
0 0.235677 0.633796 0.011458 0.036111
0 0.244792 0.632407 0.011458 0.036111
0 0.253646 0.631481 0.011458 0.036111
0 0.262240 0.630093 0.011458 0.036111
0 0.271094 0.629630 0.011458 0.036111
0 0.280469 0.628241 0.011458 0.036111
0 0.289323 0.627315 0.011458 0.036111
0 0.298177 0.625463 0.011458 0.036111
0 0.307031 0.624537 0.011458 0.036111
0 0.316406 0.623148 0.011458 0.036111
0 0.325781 0.621759 0.011458 0.036111
0 0.334896 0.621296 0.011458 0.036111
0 0.343750 0.618981 0.011458 0.036111
0 0.345052 0.587500 0.011458 0.036111
0 0.335677 0.587963 0.011458 0.036111
0 0.327083 0.589815 0.011458 0.036111
0 0.317448 0.592130 0.011458 0.036111
0 0.308854 0.593056 0.011458 0.036111
0 0.299479 0.593981 0.011458 0.036111
0 0.291667 0.594444 0.011458 0.034259
0 0.281771 0.597222 0.011458 0.034259
0 0.273177 0.597685 0.011458 0.034259
0 0.264583 0.598148 0.011458 0.034259
0 0.255729 0.600463 0.011458 0.034259
0 0.246875 0.600926 0.011458 0.034259
0 0.238021 0.601852 0.011458 0.034259
0 0.229427 0.602778 0.011458 0.034259
0 0.223177 0.568981 0.011458 0.034259
0 0.231771 0.568981 0.011458 0.034259
0 0.240365 0.567130 0.011458 0.034259
0 0.249219 0.566667 0.011458 0.034259
0 0.257943 0.563426 0.011719 0.033333
0 0.266276 0.563426 0.011719 0.033333
0 0.274870 0.562500 0.011719 0.033333
0 0.283464 0.560648 0.011719 0.033333
0 0.292578 0.559722 0.011719 0.033333
0 0.301432 0.558333 0.011719 0.033333
0 0.310286 0.557407 0.011719 0.033333
0 0.319141 0.556481 0.011719 0.033333
0 0.328255 0.555093 0.011719 0.033333
0 0.337370 0.554167 0.011719 0.033333
0 0.346745 0.552315 0.011719 0.033333
0 0.391927 0.152546 0.009375 0.028241
0 0.400521 0.153935 0.009375 0.028241
0 0.408854 0.154398 0.009375 0.028241
0 0.417187 0.155324 0.009375 0.028241
0 0.425000 0.156713 0.009375 0.028241
0 0.433594 0.158102 0.009375 0.028241
0 0.441667 0.159028 0.009375 0.028241
0 0.450521 0.160880 0.009375 0.028241
0 0.458333 0.161806 0.009375 0.028241
0 0.467187 0.163194 0.009375 0.028241
0 0.475521 0.164583 0.009375 0.028241
0 0.484115 0.165972 0.009375 0.028241
0 0.492188 0.166898 0.009375 0.028241
0 0.501042 0.168287 0.009375 0.028241
0 0.509896 0.168287 0.009375 0.028241
0 0.517448 0.169676 0.009375 0.028241
0 0.526302 0.170602 0.009375 0.028241
0 0.534896 0.171991 0.009375 0.028241
0 0.543229 0.173380 0.009375 0.028241
0 0.551042 0.174306 0.009375 0.028241
0 0.559896 0.174306 0.009375 0.028241
0 0.567969 0.175231 0.009375 0.028241
0 0.576302 0.176157 0.009375 0.028241
0 0.584375 0.177083 0.009375 0.028241
0 0.592708 0.177546 0.009375 0.028241
0 0.600781 0.179861 0.009375 0.028241
0 0.599219 0.206250 0.009375 0.028241
0 0.590625 0.207176 0.009375 0.028241
0 0.582552 0.205787 0.009375 0.028241
0 0.574219 0.204861 0.009375 0.028241
0 0.565365 0.203935 0.009375 0.028241
0 0.557552 0.202546 0.009375 0.028241
0 0.548958 0.202083 0.009375 0.028241
0 0.540365 0.200694 0.009375 0.028241
0 0.531771 0.199769 0.009375 0.028241
0 0.520052 0.198380 0.009375 0.028241
0 0.511979 0.197917 0.009375 0.028241
0 0.503646 0.196991 0.009375 0.028241
0 0.495052 0.195602 0.009375 0.028241
0 0.486198 0.194676 0.009375 0.028241
0 0.477865 0.193750 0.009375 0.028241
0 0.468750 0.192361 0.009375 0.028241
0 0.460156 0.191435 0.009375 0.028241
0 0.451823 0.190509 0.009375 0.028241
0 0.443490 0.189583 0.009375 0.028241
0 0.435156 0.188194 0.009375 0.028241
0 0.426823 0.187731 0.009375 0.028241
0 0.418750 0.186343 0.009375 0.028241
0 0.410156 0.185417 0.009375 0.028241
0 0.401562 0.183565 0.009375 0.028241
0 0.393490 0.182176 0.009375 0.028241
0 0.406510 0.210880 0.010417 0.028241
0 0.415885 0.213194 0.010417 0.028241
0 0.424219 0.214120 0.010417 0.028241
0 0.433333 0.215509 0.010417 0.028241
0 0.441667 0.215972 0.010417 0.028241
0 0.451042 0.216898 0.010417 0.028241
0 0.460156 0.217361 0.010417 0.028241
0 0.468750 0.217824 0.010417 0.028241
0 0.477344 0.219213 0.010417 0.028241
0 0.485938 0.220139 0.010417 0.028241
0 0.495052 0.221528 0.010417 0.028241
0 0.503385 0.222917 0.010417 0.028241
0 0.511979 0.223380 0.010417 0.028241
0 0.520833 0.224306 0.010417 0.028241
0 0.532292 0.225231 0.010417 0.028241
0 0.540885 0.227083 0.010417 0.028241
0 0.549479 0.227546 0.010417 0.028241
0 0.557813 0.228472 0.010417 0.028241
0 0.566927 0.228935 0.010417 0.028241
0 0.574740 0.229398 0.010417 0.028241
0 0.582812 0.230324 0.010417 0.028241
0 0.591406 0.231250 0.010417 0.028241
0 0.599740 0.232176 0.010417 0.028241
0 0.601042 0.261806 0.010417 0.028241
0 0.592708 0.260880 0.010417 0.028241
0 0.584115 0.260417 0.010417 0.028241
0 0.575260 0.259491 0.010417 0.028241
0 0.566667 0.259491 0.010417 0.028241
0 0.558333 0.258102 0.010417 0.028241
0 0.549740 0.257639 0.010417 0.028241
0 0.541146 0.255324 0.010417 0.028241
0 0.532292 0.255324 0.010417 0.028241
0 0.520573 0.253935 0.010417 0.028241
0 0.511458 0.253009 0.010417 0.028241
0 0.503385 0.251620 0.010417 0.028241
0 0.494531 0.251157 0.010417 0.028241
0 0.485677 0.249769 0.010417 0.028241
0 0.477083 0.249306 0.010417 0.028241
0 0.467708 0.247454 0.010417 0.028241
0 0.459375 0.246528 0.010417 0.028241
0 0.450521 0.246065 0.010417 0.028241
0 0.441667 0.244676 0.010417 0.028241
0 0.432812 0.243287 0.010417 0.028241
0 0.423958 0.242361 0.010417 0.028241
0 0.414583 0.241435 0.010417 0.028241
0 0.414062 0.267824 0.010417 0.028241
0 0.423438 0.269213 0.010417 0.028241
0 0.432292 0.270139 0.010417 0.028241
0 0.441406 0.270602 0.010417 0.028241
0 0.450000 0.272454 0.010417 0.028241
0 0.458854 0.272917 0.010417 0.028241
0 0.467448 0.273843 0.010417 0.028241
0 0.477083 0.275694 0.010417 0.028241
0 0.486458 0.276620 0.010417 0.028241
0 0.494531 0.277546 0.010417 0.028241
0 0.503646 0.278009 0.010417 0.028241
0 0.512240 0.278935 0.010417 0.028241
0 0.520573 0.280324 0.010417 0.028241
0 0.532552 0.281713 0.010417 0.028241
0 0.541406 0.282176 0.010417 0.028241
0 0.549740 0.282639 0.010417 0.028241
0 0.558594 0.283565 0.010417 0.028241
0 0.567448 0.284954 0.010417 0.028241
0 0.575781 0.285417 0.010417 0.028241
0 0.584896 0.286806 0.010417 0.028241
0 0.592969 0.287269 0.010417 0.028241
0 0.602344 0.287731 0.010417 0.028241
0 0.602865 0.320139 0.010417 0.028241
0 0.594531 0.318750 0.010417 0.028241
0 0.585417 0.319213 0.010417 0.028241
0 0.576823 0.317824 0.010417 0.028241
0 0.568490 0.317361 0.010417 0.028241
0 0.559635 0.316435 0.010417 0.028241
0 0.551042 0.315972 0.010417 0.028241
0 0.541667 0.315509 0.010417 0.028241
0 0.533333 0.315046 0.010417 0.028241
0 0.522135 0.313194 0.010417 0.028241
0 0.513281 0.312269 0.010417 0.028241
0 0.503906 0.311806 0.010417 0.028241
0 0.495312 0.310417 0.010417 0.028241
0 0.486979 0.309028 0.010417 0.028241
0 0.477604 0.307639 0.010417 0.028241
0 0.468490 0.307176 0.010417 0.028241
0 0.459635 0.306713 0.010417 0.028241
0 0.450781 0.305324 0.010417 0.028241
0 0.441667 0.304861 0.010417 0.028241
0 0.432812 0.303935 0.010417 0.028241
0 0.423958 0.301620 0.010417 0.028241
0 0.414714 0.302083 0.010156 0.028241
0 0.413932 0.329398 0.010156 0.028241
0 0.423568 0.329861 0.010156 0.028241
0 0.432682 0.331250 0.010156 0.028241
0 0.441536 0.332176 0.010156 0.028241
0 0.450391 0.332639 0.010156 0.028241
0 0.459766 0.333565 0.010156 0.028241
0 0.468620 0.334491 0.010156 0.028241
0 0.477474 0.335417 0.010156 0.028241
0 0.486589 0.336806 0.010156 0.028241
0 0.495703 0.337731 0.010156 0.028241
0 0.505078 0.338657 0.010156 0.028241
0 0.513672 0.339120 0.010156 0.028241
0 0.522526 0.340972 0.010156 0.028241
0 0.533464 0.341898 0.010156 0.028241
0 0.542578 0.342361 0.010156 0.028241
0 0.551693 0.343287 0.010156 0.028241
0 0.560286 0.343750 0.010156 0.028241
0 0.568880 0.345139 0.010156 0.028241
0 0.577474 0.345602 0.010156 0.028241
0 0.587109 0.346065 0.010156 0.028241
0 0.595182 0.346991 0.010156 0.028241
0 0.603776 0.347917 0.010156 0.028241
0 0.605339 0.378935 0.010156 0.028241
0 0.596224 0.378472 0.010156 0.028241
0 0.587370 0.378009 0.010156 0.028241
0 0.578776 0.376620 0.010156 0.028241
0 0.569922 0.376620 0.010156 0.028241
0 0.561068 0.376157 0.010156 0.028241
0 0.551953 0.374769 0.010156 0.028241
0 0.543099 0.374306 0.010156 0.028241
0 0.533984 0.373380 0.010156 0.028241
0 0.523047 0.371991 0.010156 0.028241
0 0.513151 0.371528 0.010156 0.028241
0 0.504557 0.371065 0.010156 0.028241
0 0.495703 0.369676 0.010156 0.028241
0 0.486849 0.368750 0.010156 0.028241
0 0.477474 0.367824 0.010156 0.028241
0 0.468880 0.366898 0.010156 0.028241
0 0.459766 0.365972 0.010156 0.028241
0 0.450651 0.365046 0.010156 0.028241
0 0.441276 0.364583 0.010156 0.028241
0 0.431901 0.363194 0.010156 0.028241
0 0.422526 0.362269 0.010156 0.028241
0 0.413672 0.361343 0.010156 0.028241
0 0.412891 0.389583 0.010677 0.030093
0 0.422526 0.391435 0.010677 0.030093
0 0.431380 0.392824 0.010677 0.030093
0 0.441016 0.393287 0.010677 0.030093
0 0.450130 0.393750 0.010677 0.030093
0 0.459245 0.394213 0.010677 0.030093
0 0.468099 0.396065 0.010677 0.030093
0 0.477995 0.396528 0.010677 0.030093
0 0.486849 0.397917 0.010677 0.030093
0 0.495703 0.397917 0.010677 0.030093
0 0.504557 0.399306 0.010677 0.030093
0 0.513672 0.399769 0.010677 0.030093
0 0.522786 0.400231 0.010677 0.030093
0 0.534505 0.402083 0.010677 0.030093
0 0.543620 0.402546 0.010677 0.030093
0 0.552734 0.403472 0.010677 0.030093
0 0.561328 0.403472 0.010677 0.030093
0 0.570443 0.404398 0.010677 0.030093
0 0.579818 0.405787 0.010677 0.030093
0 0.588411 0.405787 0.010677 0.030093
0 0.597005 0.406250 0.010677 0.030093
0 0.606120 0.407639 0.010677 0.030093
0 0.607682 0.439120 0.010677 0.030093
0 0.598568 0.439583 0.010677 0.030093
0 0.589714 0.439120 0.010677 0.030093
0 0.580859 0.438194 0.010677 0.030093
0 0.571484 0.437731 0.010677 0.030093
0 0.562370 0.437269 0.010677 0.030093
0 0.553516 0.436343 0.010677 0.030093
0 0.544401 0.435417 0.010677 0.030093
0 0.535026 0.434954 0.010677 0.030093
0 0.523307 0.434028 0.010677 0.030093
0 0.514193 0.433102 0.010677 0.030093
0 0.504818 0.432176 0.010677 0.030093
0 0.495443 0.431250 0.010677 0.030093
0 0.486589 0.430324 0.010677 0.030093
0 0.477734 0.428935 0.010677 0.030093
0 0.468620 0.428935 0.010677 0.030093
0 0.458984 0.428009 0.010677 0.030093
0 0.449609 0.427083 0.010677 0.030093
0 0.440234 0.426620 0.010677 0.030093
0 0.430859 0.424769 0.010677 0.030093
0 0.421224 0.424306 0.010677 0.030093
0 0.412109 0.422917 0.010677 0.030093
0 0.411589 0.453009 0.010677 0.030093
0 0.420703 0.453935 0.010677 0.030093
0 0.430599 0.454861 0.010677 0.030093
0 0.440234 0.454861 0.010677 0.030093
0 0.449089 0.456713 0.010677 0.030093
0 0.458724 0.457176 0.010677 0.030093
0 0.468099 0.457639 0.010677 0.030093
0 0.477214 0.459491 0.010677 0.030093
0 0.486328 0.459954 0.010677 0.030093
0 0.495964 0.460417 0.010677 0.030093
0 0.505078 0.461343 0.010677 0.030093
0 0.513932 0.461806 0.010677 0.030093
0 0.537891 0.471065 0.010677 0.030093
0 0.547266 0.472454 0.010677 0.030093
0 0.556641 0.472454 0.010677 0.030093
0 0.565755 0.472917 0.010677 0.030093
0 0.581120 0.475694 0.010677 0.030093
0 0.590495 0.476620 0.010677 0.030093
0 0.599870 0.477083 0.010677 0.030093
0 0.608203 0.477546 0.010677 0.030093
0 0.609505 0.507639 0.010677 0.030093
0 0.601172 0.506713 0.010677 0.030093
0 0.591276 0.506250 0.010677 0.030093
0 0.582422 0.505787 0.010677 0.030093
0 0.566797 0.503009 0.010677 0.030093
0 0.557422 0.503009 0.010677 0.030093
0 0.547786 0.502083 0.010677 0.030093
0 0.538932 0.501620 0.010677 0.030093
0 0.513932 0.496065 0.010677 0.030093
0 0.505078 0.495602 0.010677 0.030093
0 0.495443 0.495139 0.010677 0.030093
0 0.486068 0.494213 0.010677 0.030093
0 0.476953 0.492824 0.010677 0.030093
0 0.467578 0.493287 0.010677 0.030093
0 0.458464 0.491898 0.010677 0.030093
0 0.449089 0.491435 0.010677 0.030093
0 0.439453 0.490509 0.010677 0.030093
0 0.429818 0.489583 0.010677 0.030093
0 0.420443 0.488657 0.010677 0.030093
0 0.410807 0.488194 0.010677 0.030093
0 0.409766 0.518750 0.010677 0.030093
0 0.420182 0.519676 0.010677 0.030093
0 0.429297 0.520139 0.010677 0.030093
0 0.438672 0.520602 0.010677 0.030093
0 0.448307 0.521528 0.010677 0.030093
0 0.457943 0.522454 0.010677 0.030093
0 0.467318 0.523380 0.010677 0.030093
0 0.476432 0.524306 0.010677 0.030093
0 0.486068 0.524306 0.010677 0.030093
0 0.495443 0.525231 0.010677 0.030093
0 0.505339 0.525694 0.010677 0.030093
0 0.514193 0.526620 0.010677 0.030093
0 0.539193 0.531250 0.010677 0.030093
0 0.549089 0.532639 0.010677 0.030093
0 0.558464 0.532639 0.010677 0.030093
0 0.567318 0.533565 0.010677 0.030093
0 0.583203 0.535880 0.010677 0.030093
0 0.592578 0.536343 0.010677 0.030093
0 0.601693 0.536806 0.010677 0.030093
0 0.611328 0.537731 0.010677 0.030093
0 0.612370 0.570139 0.010677 0.030093
0 0.603255 0.569213 0.010677 0.030093
0 0.593359 0.568287 0.010677 0.030093
0 0.584505 0.568287 0.010677 0.030093
0 0.574870 0.567361 0.010677 0.030093
0 0.565495 0.567361 0.010677 0.030093
0 0.556380 0.566435 0.010677 0.030093
0 0.546484 0.566435 0.010677 0.030093
0 0.537370 0.565509 0.010677 0.030093
0 0.537760 0.596991 0.010417 0.031944
0 0.547656 0.597917 0.010417 0.031944
0 0.557031 0.597917 0.010417 0.031944
0 0.566667 0.598843 0.010417 0.031944
0 0.576302 0.598843 0.010417 0.031944
0 0.585417 0.599306 0.010417 0.031944
0 0.595052 0.599769 0.010417 0.031944
0 0.604427 0.600694 0.010417 0.031944
0 0.614062 0.601157 0.010417 0.031944
0 0.615625 0.638194 0.010417 0.031944
0 0.606510 0.637731 0.010417 0.031944
0 0.596094 0.637269 0.010417 0.031944
0 0.586979 0.636343 0.010417 0.031944
0 0.577083 0.636343 0.010417 0.031944
0 0.567708 0.635417 0.010417 0.031944
0 0.558073 0.634954 0.010417 0.031944
0 0.548438 0.634028 0.010417 0.031944
0 0.538281 0.634028 0.010417 0.031944
0 0.539193 0.666667 0.011198 0.034259
0 0.549089 0.668056 0.011198 0.034259
0 0.559245 0.668519 0.011198 0.034259
0 0.568620 0.668981 0.011198 0.034259
0 0.578255 0.668981 0.011198 0.034259
0 0.588151 0.669907 0.011198 0.034259
0 0.597526 0.670370 0.011198 0.034259
0 0.607422 0.670833 0.011198 0.034259
0 0.616797 0.671296 0.011198 0.034259
0 0.618880 0.709722 0.011198 0.034259
0 0.608984 0.709722 0.011198 0.034259
0 0.599089 0.709259 0.011198 0.034259
0 0.589714 0.708796 0.011198 0.034259
0 0.579818 0.707870 0.011198 0.034259
0 0.569661 0.707407 0.011198 0.034259
0 0.559766 0.706944 0.011198 0.034259
0 0.549870 0.706481 0.011198 0.034259
0 0.539974 0.706019 0.011198 0.034259
0 0.540755 0.740741 0.011198 0.035185
0 0.550651 0.741667 0.011198 0.035185
0 0.561068 0.742593 0.011198 0.035185
0 0.570964 0.742130 0.011198 0.035185
0 0.580599 0.742593 0.011198 0.035185
0 0.590755 0.743056 0.011198 0.035185
0 0.600651 0.743519 0.011198 0.035185
0 0.610026 0.743519 0.011198 0.035185
0 0.619922 0.743981 0.011198 0.035185
0 0.621745 0.783333 0.011198 0.035185
0 0.611589 0.782870 0.011198 0.035185
0 0.602214 0.782870 0.011198 0.035185
0 0.591276 0.781944 0.011198 0.035185
0 0.581901 0.782407 0.011198 0.035185
0 0.572005 0.781944 0.011198 0.035185
0 0.562109 0.781481 0.011198 0.035185
0 0.551953 0.780787 0.011198 0.035648
0 0.541797 0.780324 0.011198 0.035648
0 0.542708 0.816898 0.011458 0.037500
0 0.552865 0.817361 0.011458 0.037500
0 0.563281 0.818287 0.011458 0.037500
0 0.573438 0.818750 0.011458 0.037500
0 0.582812 0.818750 0.011458 0.037500
0 0.593229 0.819213 0.011458 0.037500
0 0.603385 0.819213 0.011458 0.037500
0 0.613802 0.819676 0.011458 0.037500
0 0.623177 0.819676 0.011458 0.037500
0 0.625260 0.862269 0.011458 0.037500
0 0.614583 0.861806 0.011458 0.037500
0 0.604688 0.861806 0.011458 0.037500
0 0.594792 0.861806 0.011458 0.037500
0 0.584896 0.861806 0.011458 0.037500
0 0.574740 0.860880 0.011458 0.037500
0 0.563542 0.860417 0.011458 0.037500
0 0.553385 0.859954 0.011458 0.037500
0 0.543490 0.860417 0.011458 0.037500
0 0.543750 0.897917 0.011458 0.037500
0 0.554427 0.898843 0.011458 0.037500
0 0.564844 0.898843 0.011458 0.037500
0 0.575521 0.898380 0.011458 0.037500
0 0.585938 0.898380 0.011458 0.037500
0 0.595833 0.898843 0.011458 0.037500
0 0.606510 0.898843 0.011458 0.037500
0 0.616146 0.898843 0.011458 0.037500
0 0.626563 0.898843 0.011458 0.037500
0 0.528906 0.897917 0.011458 0.037500
0 0.518490 0.897917 0.011458 0.037500
0 0.507292 0.897454 0.011458 0.037500
0 0.496875 0.897917 0.011458 0.037500
0 0.486458 0.897454 0.011458 0.037500
0 0.476042 0.896991 0.011458 0.037500
0 0.465885 0.897454 0.011458 0.037500
0 0.454688 0.896991 0.011458 0.037500
0 0.444271 0.896528 0.011458 0.037500
0 0.433333 0.896991 0.011458 0.037500
0 0.422396 0.896991 0.011458 0.037500
0 0.411458 0.896528 0.011458 0.037500
0 0.400260 0.896528 0.011458 0.037500
0 0.386979 0.896528 0.012500 0.038426
0 0.375521 0.896528 0.012500 0.038426
0 0.377344 0.857639 0.012500 0.038426
0 0.388281 0.858102 0.012500 0.038426
0 0.400781 0.858102 0.012500 0.038426
0 0.412500 0.858102 0.012500 0.038426
0 0.423177 0.858565 0.012500 0.038426
0 0.433594 0.858565 0.012500 0.038426
0 0.444010 0.859028 0.012500 0.038426
0 0.454948 0.859028 0.012500 0.038426
0 0.465625 0.859028 0.012500 0.038426
0 0.476042 0.859491 0.012500 0.038426
0 0.486458 0.859491 0.012500 0.038426
0 0.497396 0.859491 0.012500 0.038426
0 0.507552 0.859954 0.012500 0.038426
0 0.518229 0.859954 0.012500 0.038426
0 0.528646 0.859491 0.012500 0.038426
0 0.527604 0.817361 0.012500 0.038426
0 0.516927 0.816898 0.012500 0.038426
0 0.506771 0.816898 0.012500 0.038426
0 0.496354 0.816898 0.012500 0.038426
0 0.485938 0.816898 0.012500 0.038426
0 0.475260 0.815509 0.012500 0.038426
0 0.465104 0.815972 0.012500 0.038426
0 0.454688 0.815509 0.012500 0.038426
0 0.444531 0.815509 0.012500 0.038426
0 0.433594 0.815509 0.012500 0.038426
0 0.423438 0.815046 0.012500 0.038426
0 0.412760 0.815046 0.012500 0.038426
0 0.402344 0.815046 0.012500 0.038426
0 0.389583 0.814583 0.012500 0.038426
0 0.377865 0.814583 0.012500 0.038426
0 0.403646 0.778009 0.012500 0.038426
0 0.413802 0.777546 0.012500 0.038426
0 0.423958 0.778472 0.012500 0.038426
0 0.434896 0.778009 0.012500 0.038426
0 0.445052 0.778472 0.012500 0.038426
0 0.455469 0.778935 0.012500 0.038426
0 0.465885 0.778472 0.012500 0.038426
0 0.475781 0.779861 0.012500 0.038426
0 0.486719 0.779398 0.012500 0.038426
0 0.496094 0.779861 0.012500 0.038426
0 0.506510 0.780324 0.012500 0.038426
0 0.516667 0.780324 0.012500 0.038426
0 0.527604 0.780787 0.012500 0.038426
0 0.527083 0.739583 0.012500 0.038426
0 0.516146 0.740509 0.012500 0.038426
0 0.506250 0.739120 0.012500 0.038426
0 0.495833 0.738657 0.012500 0.038426
0 0.485677 0.738657 0.012500 0.038426
0 0.475781 0.739120 0.012500 0.038426
0 0.466406 0.738657 0.012500 0.038426
0 0.455729 0.737731 0.012500 0.038426
0 0.445052 0.739120 0.012500 0.038426
0 0.434896 0.737731 0.012500 0.038426
0 0.424479 0.736806 0.012500 0.038426
0 0.413802 0.736806 0.012500 0.038426
0 0.403646 0.736806 0.012500 0.038426
0 0.404687 0.700231 0.012500 0.038426
0 0.414583 0.702083 0.012500 0.038426
0 0.425781 0.702083 0.012500 0.038426
0 0.435937 0.701620 0.012500 0.038426
0 0.446354 0.703472 0.012500 0.038426
0 0.455729 0.703472 0.012500 0.038426
0 0.466146 0.704398 0.012500 0.038426
0 0.476302 0.703472 0.012500 0.038426
0 0.485677 0.703935 0.012500 0.038426
0 0.496615 0.705324 0.012500 0.038426
0 0.506510 0.704861 0.012500 0.038426
0 0.515885 0.706250 0.012500 0.038426
0 0.526302 0.705324 0.012500 0.038426
0 0.525260 0.666435 0.012500 0.038426
0 0.515104 0.666435 0.012500 0.038426
0 0.505729 0.665509 0.012500 0.038426
0 0.495573 0.665509 0.012500 0.038426
0 0.525521 0.633565 0.012500 0.038426
0 0.514583 0.632176 0.012500 0.038426
0 0.505729 0.631713 0.012500 0.038426
0 0.496615 0.631250 0.012500 0.038426
0 0.456250 0.663194 0.012500 0.038426
0 0.445833 0.661806 0.012500 0.038426
0 0.436979 0.661806 0.012500 0.038426
0 0.426563 0.662731 0.012500 0.038426
0 0.416406 0.662269 0.012500 0.038426
0 0.405729 0.661343 0.012500 0.038426
0 0.407031 0.627083 0.012500 0.038426
0 0.417448 0.628472 0.012500 0.038426
0 0.427344 0.628935 0.012500 0.038426
0 0.437500 0.628009 0.012500 0.038426
0 0.447135 0.628009 0.012500 0.038426
0 0.457292 0.629861 0.012500 0.038426
0 0.408073 0.589583 0.012500 0.038426
0 0.418750 0.591435 0.012500 0.038426
0 0.428646 0.590509 0.012500 0.038426
0 0.438542 0.590509 0.012500 0.038426
0 0.448437 0.591435 0.012500 0.038426
0 0.457292 0.590509 0.012500 0.038426
0 0.467708 0.592361 0.012500 0.038426
0 0.476562 0.592824 0.012500 0.038426
0 0.485938 0.593750 0.012500 0.038426
0 0.496094 0.594676 0.012500 0.038426
0 0.505990 0.595602 0.012500 0.038426
0 0.515104 0.596065 0.012500 0.038426
0 0.524740 0.595602 0.012500 0.038426
0 0.523698 0.565972 0.012500 0.038426
0 0.514323 0.565972 0.012500 0.038426
0 0.505469 0.564120 0.012500 0.038426
0 0.496615 0.563194 0.012500 0.038426
0 0.485938 0.562269 0.012500 0.038426
0 0.477083 0.562269 0.012500 0.038426
0 0.466927 0.562269 0.012500 0.038426
0 0.457552 0.559954 0.012500 0.038426
0 0.447656 0.559028 0.012500 0.038426
0 0.439063 0.559954 0.012500 0.038426
0 0.428125 0.559028 0.012500 0.038426
0 0.419271 0.558565 0.012500 0.038426
0 0.408854 0.559028 0.012500 0.038426
