0 0.397005 0.618750 0.044010 0.157870
0 0.441016 0.621065 0.044010 0.157870
0 0.486589 0.625231 0.044010 0.157870
0 0.530990 0.627778 0.045833 0.158333
0 0.577083 0.630324 0.047396 0.157870
0 0.624349 0.633333 0.049740 0.159259
0 0.672135 0.638426 0.048958 0.162963
0 0.721615 0.643519 0.054167 0.161111
0 0.770573 0.646065 0.052604 0.164352
0 0.395833 0.772222 0.042708 0.155556
0 0.440104 0.775463 0.044271 0.153704
0 0.484505 0.777315 0.044010 0.155556
0 0.529557 0.783102 0.046094 0.155093
0 0.574870 0.787731 0.046094 0.155093
0 0.620833 0.793056 0.047396 0.158333
0 0.668490 0.796065 0.049479 0.161574
0 0.716536 0.801157 0.052865 0.161574
0 0.765495 0.806713 0.052344 0.160648
