0 0.355078 0.167361 0.014844 0.009722
0 0.354036 0.177546 0.014844 0.009722
0 0.353385 0.187500 0.015104 0.011111
0 0.352344 0.198148 0.015104 0.011111
0 0.351302 0.208333 0.015104 0.011111
0 0.350521 0.218519 0.015104 0.011111
0 0.349740 0.229630 0.015104 0.011111
0 0.348698 0.240278 0.015104 0.011111
0 0.347656 0.250926 0.015104 0.011111
0 0.346875 0.262037 0.015104 0.011111
0 0.345833 0.272685 0.015104 0.011111
0 0.345052 0.283565 0.016146 0.011574
0 0.344271 0.295139 0.016146 0.011574
0 0.342969 0.306250 0.016146 0.011574
0 0.341667 0.317361 0.016146 0.011574
0 0.341146 0.328935 0.016146 0.011574
0 0.340104 0.340509 0.016146 0.011574
0 0.338281 0.352546 0.016146 0.011574
0 0.337500 0.363657 0.017188 0.013426
0 0.336198 0.375694 0.017188 0.013426
0 0.335417 0.386806 0.017188 0.013426
0 0.334115 0.398380 0.017188 0.013426
0 0.332813 0.409954 0.017188 0.013426
0 0.332031 0.421528 0.017188 0.013426
0 0.330990 0.434028 0.017188 0.013426
0 0.329948 0.445833 0.018229 0.012963
0 0.348958 0.443981 0.018229 0.012963
0 0.350521 0.431481 0.018229 0.012963
0 0.351823 0.419907 0.018229 0.012963
0 0.352604 0.407870 0.018229 0.012963
0 0.353646 0.396759 0.018229 0.012963
0 0.354167 0.385185 0.018229 0.012963
0 0.355469 0.373611 0.018229 0.012963
0 0.356510 0.362037 0.018229 0.012963
0 0.357552 0.350463 0.018229 0.012963
0 0.358073 0.339352 0.018229 0.012963
0 0.358854 0.326852 0.018229 0.012963
0 0.359896 0.315278 0.018229 0.012963
0 0.360938 0.304167 0.018229 0.012963
0 0.361979 0.293056 0.018229 0.012963
0 0.362760 0.281944 0.018229 0.012963
0 0.363281 0.271296 0.018229 0.012963
0 0.364583 0.254630 0.018229 0.012963
0 0.365104 0.244444 0.018229 0.012963
0 0.366406 0.233796 0.018229 0.012963
0 0.367448 0.223148 0.018229 0.012963
0 0.368229 0.212963 0.018229 0.012963
0 0.368750 0.202778 0.018229 0.012963
0 0.369531 0.191667 0.018229 0.012963
0 0.370833 0.181944 0.016667 0.012037
0 0.371484 0.171759 0.015365 0.011111
0 0.386068 0.172222 0.015365 0.011111
0 0.385286 0.182870 0.015365 0.011111
0 0.384505 0.193056 0.015365 0.011111
0 0.383724 0.202315 0.015365 0.011111
0 0.382943 0.213889 0.015365 0.011111
0 0.382161 0.224074 0.015365 0.011111
0 0.381380 0.234722 0.015365 0.011111
0 0.380599 0.244907 0.015365 0.011111
0 0.379818 0.256019 0.015365 0.011111
0 0.397005 0.258333 0.015365 0.011111
0 0.397786 0.247222 0.015365 0.011111
0 0.398307 0.236574 0.015365 0.011111
0 0.399089 0.225463 0.015365 0.011111
0 0.399870 0.214815 0.015365 0.011111
0 0.400651 0.204630 0.015365 0.011111
0 0.401432 0.194444 0.015365 0.011111
0 0.401693 0.183796 0.015365 0.011111
0 0.402474 0.173611 0.015365 0.011111
0 0.417057 0.173611 0.015365 0.011111
0 0.416797 0.184722 0.015365 0.011111
0 0.416016 0.195370 0.015365 0.011111
0 0.415755 0.205556 0.015365 0.011111
0 0.414974 0.215741 0.015365 0.011111
0 0.414453 0.225926 0.015365 0.011111
0 0.413672 0.237037 0.015365 0.011111
0 0.412891 0.247685 0.015365 0.011111
0 0.412109 0.259722 0.015365 0.011111
0 0.431120 0.259722 0.015365 0.011111
0 0.431380 0.248611 0.015365 0.011111
0 0.432161 0.237963 0.015365 0.011111
0 0.432682 0.227315 0.015365 0.011111
0 0.433203 0.216667 0.015365 0.011111
0 0.433984 0.206019 0.015365 0.011111
0 0.433984 0.195370 0.015365 0.011111
0 0.434505 0.184259 0.015365 0.011111
0 0.435286 0.174537 0.015365 0.011111
0 0.450130 0.175463 0.015365 0.011111
0 0.449870 0.185185 0.015365 0.011111
0 0.449349 0.196296 0.015365 0.011111
0 0.448307 0.206944 0.015365 0.011111
0 0.448307 0.217593 0.015365 0.011111
0 0.447526 0.228241 0.015365 0.011111
0 0.446745 0.238889 0.015365 0.011111
0 0.446745 0.249537 0.015365 0.011111
0 0.445964 0.260648 0.015365 0.011111
0 0.463932 0.261574 0.015365 0.011111
0 0.464453 0.250463 0.015365 0.011111
0 0.464714 0.239352 0.015365 0.011111
0 0.464974 0.228241 0.015365 0.011111
0 0.465755 0.218056 0.015365 0.011111
0 0.465234 0.207407 0.015365 0.011111
0 0.466276 0.196759 0.015365 0.011111
0 0.467057 0.186111 0.015365 0.011111
0 0.467057 0.176389 0.015365 0.011111
0 0.482161 0.176389 0.015365 0.011111
0 0.481380 0.187037 0.015365 0.011111
0 0.480859 0.196759 0.015365 0.011111
0 0.480859 0.207407 0.015365 0.011111
0 0.480339 0.218519 0.015365 0.011111
0 0.480078 0.229167 0.015365 0.011111
0 0.479557 0.240278 0.015365 0.011111
0 0.479297 0.250926 0.015365 0.011111
0 0.479036 0.262037 0.015365 0.011111
0 0.496745 0.262500 0.015365 0.011111
0 0.497005 0.251389 0.015365 0.011111
0 0.497266 0.240741 0.015365 0.011111
0 0.497786 0.219444 0.015365 0.011111
0 0.496745 0.229167 0.015365 0.011111
0 0.498307 0.208333 0.015365 0.011111
0 0.498568 0.176852 0.015365 0.011111
0 0.498307 0.187037 0.015365 0.011111
0 0.498307 0.197685 0.015365 0.011111
0 0.518099 0.177778 0.015365 0.011111
0 0.518099 0.187500 0.015365 0.011111
0 0.517578 0.198611 0.015365 0.011111
0 0.517839 0.209259 0.015365 0.011111
0 0.518620 0.224074 0.015365 0.011111
0 0.518359 0.234259 0.015365 0.011111
0 0.518359 0.245833 0.015365 0.011111
0 0.518620 0.256481 0.015365 0.011111
0 0.533724 0.256944 0.015365 0.011111
0 0.533984 0.245833 0.015365 0.011111
0 0.533984 0.234259 0.015365 0.011111
0 0.533464 0.224074 0.015365 0.011111
0 0.532682 0.209722 0.015365 0.011111
0 0.533203 0.188426 0.015365 0.011111
0 0.532682 0.199074 0.015365 0.011111
0 0.533203 0.178009 0.014323 0.010648
0 0.548047 0.178935 0.014323 0.010648
0 0.548047 0.189120 0.014323 0.010648
0 0.547526 0.199769 0.014323 0.010648
0 0.547526 0.209954 0.014323 0.010648
0 0.548828 0.224074 0.014844 0.010185
0 0.549089 0.235648 0.014844 0.010185
0 0.548958 0.246065 0.015104 0.010648
0 0.548698 0.256713 0.015104 0.010648
0 0.563802 0.264120 0.015104 0.010648
0 0.564063 0.253009 0.015104 0.010648
0 0.564323 0.241898 0.015104 0.010648
0 0.563542 0.231250 0.015104 0.010648
0 0.563542 0.221065 0.015104 0.010648
0 0.563281 0.209954 0.015104 0.010648
0 0.563021 0.200231 0.015104 0.010648
0 0.563021 0.190046 0.015104 0.010648
0 0.563021 0.179398 0.015104 0.010648
0 0.578385 0.179861 0.015104 0.010648
0 0.578385 0.189583 0.015104 0.010648
0 0.578385 0.200231 0.015104 0.010648
0 0.578385 0.210417 0.015104 0.010648
0 0.578646 0.221528 0.015104 0.010648
0 0.578646 0.232176 0.015104 0.010648
0 0.578646 0.242361 0.015104 0.010648
0 0.578906 0.253935 0.015104 0.010648
0 0.578906 0.265046 0.015104 0.010648
0 0.596615 0.265509 0.015104 0.010648
0 0.596615 0.253935 0.015104 0.010648
0 0.596354 0.232639 0.015104 0.010648
0 0.595833 0.242361 0.015104 0.010648
0 0.595833 0.221991 0.015104 0.010648
0 0.595833 0.211343 0.015104 0.010648
0 0.595573 0.200231 0.015104 0.010648
0 0.595052 0.180324 0.015104 0.010648
0 0.595052 0.189583 0.015104 0.010648
0 0.610156 0.180324 0.015104 0.010648
0 0.610156 0.190509 0.015104 0.010648
0 0.610417 0.201157 0.015104 0.010648
0 0.610677 0.211806 0.015104 0.010648
0 0.610938 0.221991 0.015104 0.010648
0 0.611458 0.232639 0.015104 0.010648
0 0.611719 0.243750 0.015104 0.010648
0 0.611719 0.254861 0.015104 0.010648
0 0.612240 0.265509 0.015104 0.010648
0 0.629948 0.265509 0.015104 0.010648
0 0.629687 0.254861 0.015104 0.010648
0 0.629427 0.243750 0.015104 0.010648
0 0.628906 0.233565 0.015104 0.010648
0 0.628646 0.222917 0.015104 0.010648
0 0.628125 0.211806 0.015104 0.010648
0 0.628385 0.201620 0.015104 0.010648
0 0.627865 0.190972 0.015104 0.010648
0 0.627344 0.181250 0.015104 0.010648
0 0.642188 0.181250 0.015104 0.010648
0 0.642708 0.191435 0.015104 0.010648
0 0.642969 0.202083 0.015104 0.010648
0 0.643229 0.212731 0.015104 0.010648
0 0.643750 0.223380 0.015104 0.010648
0 0.644271 0.234028 0.015104 0.010648
0 0.644531 0.244676 0.015104 0.010648
0 0.645052 0.255324 0.015104 0.010648
0 0.645312 0.266435 0.015104 0.010648
0 0.663021 0.266898 0.015104 0.010648
0 0.662240 0.255787 0.015104 0.010648
0 0.661719 0.244676 0.015104 0.010648
0 0.661458 0.234491 0.015104 0.010648
0 0.661198 0.223843 0.015104 0.010648
0 0.660417 0.213194 0.015104 0.010648
0 0.660156 0.202546 0.015104 0.010648
0 0.659375 0.191898 0.015104 0.010648
0 0.659115 0.181250 0.015104 0.010648
0 0.674219 0.182176 0.015104 0.010648
0 0.674219 0.192824 0.015104 0.010648
0 0.674740 0.203009 0.015104 0.010648
0 0.675260 0.213657 0.015104 0.010648
0 0.675781 0.224306 0.015104 0.010648
0 0.676302 0.234954 0.015104 0.010648
0 0.677344 0.245602 0.015104 0.010648
0 0.678125 0.256713 0.015104 0.010648
0 0.678385 0.267824 0.015104 0.010648
0 0.696615 0.268056 0.015625 0.011111
0 0.696094 0.256944 0.015625 0.011111
0 0.695312 0.246296 0.015625 0.011111
0 0.694531 0.235648 0.015625 0.011111
0 0.694010 0.224537 0.015625 0.011111
0 0.693229 0.213889 0.015625 0.011111
0 0.692708 0.203241 0.015625 0.011111
0 0.691927 0.193056 0.015625 0.011111
0 0.691146 0.183333 0.015625 0.011111
0 0.705990 0.183796 0.015625 0.011111
0 0.706771 0.193981 0.015625 0.011111
0 0.707292 0.203704 0.015625 0.011111
0 0.707812 0.214815 0.015625 0.011111
0 0.708854 0.225463 0.015625 0.011111
0 0.709635 0.236111 0.015625 0.011111
0 0.710677 0.246296 0.015625 0.011111
0 0.711198 0.257407 0.015625 0.011111
0 0.712240 0.268519 0.015625 0.011111
0 0.713281 0.284259 0.015625 0.011111
0 0.713802 0.296296 0.015625 0.011111
0 0.714583 0.306944 0.015625 0.011111
0 0.715625 0.318981 0.015625 0.011111
0 0.716406 0.330556 0.015625 0.011111
0 0.717187 0.342130 0.015625 0.011111
0 0.717969 0.353241 0.015625 0.011111
0 0.719401 0.365741 0.016927 0.012963
0 0.720182 0.378241 0.016927 0.012963
0 0.720182 0.390278 0.016927 0.012963
0 0.721224 0.402315 0.016927 0.012963
0 0.722266 0.414352 0.016927 0.012963
0 0.723307 0.427315 0.016927 0.012963
0 0.706120 0.426852 0.016927 0.012963
0 0.705859 0.414352 0.016927 0.012963
0 0.704557 0.401389 0.016927 0.012963
0 0.703776 0.389352 0.016927 0.012963
0 0.702995 0.376852 0.016927 0.012963
0 0.702474 0.364815 0.016927 0.012963
0 0.701953 0.352778 0.016927 0.012963
0 0.701172 0.340741 0.016927 0.012963
0 0.700391 0.329630 0.016927 0.012963
0 0.699870 0.317593 0.016927 0.012963
0 0.699870 0.306019 0.016927 0.012963
0 0.698307 0.294444 0.016927 0.012963
0 0.697786 0.282870 0.016927 0.012963
0 0.679297 0.283333 0.016927 0.012963
0 0.679557 0.295833 0.016927 0.012963
0 0.680078 0.306019 0.016927 0.012963
0 0.680599 0.317593 0.016927 0.012963
0 0.681641 0.329630 0.016927 0.012963
0 0.682422 0.341204 0.016927 0.012963
0 0.682943 0.352778 0.016927 0.012963
0 0.683724 0.364352 0.016927 0.012963
0 0.684245 0.377315 0.016927 0.012963
0 0.684766 0.388889 0.016927 0.012963
0 0.685547 0.401852 0.016927 0.012963
0 0.686068 0.414352 0.016927 0.012963
0 0.687109 0.427315 0.016927 0.012963
0 0.724609 0.442593 0.016927 0.012963
0 0.725130 0.455556 0.016927 0.012963
0 0.707422 0.456250 0.018490 0.014352
0 0.688672 0.455093 0.018490 0.014815
0 0.706901 0.455324 0.018490 0.014352
0 0.688151 0.441204 0.018490 0.014815
0 0.669401 0.426852 0.018490 0.014815
0 0.668880 0.413889 0.018490 0.014815
0 0.668620 0.401389 0.018490 0.014815
0 0.667839 0.388889 0.018490 0.014815
0 0.667318 0.375926 0.018490 0.014815
0 0.666276 0.363889 0.018490 0.014815
0 0.666536 0.350926 0.018490 0.014815
0 0.666276 0.338889 0.018490 0.014815
0 0.666276 0.328704 0.018490 0.014815
0 0.666016 0.316204 0.018490 0.014815
0 0.665234 0.306481 0.018490 0.014815
0 0.664453 0.294444 0.018490 0.014815
0 0.663932 0.283796 0.018490 0.014815
0 0.646745 0.282407 0.018490 0.014815
0 0.647266 0.294444 0.018490 0.014815
0 0.647526 0.304630 0.018490 0.014815
0 0.648047 0.317130 0.018490 0.014815
0 0.647526 0.328241 0.018490 0.014815
0 0.648047 0.340741 0.018490 0.014815
0 0.648307 0.352315 0.018490 0.014815
0 0.648568 0.363889 0.018490 0.014815
0 0.649349 0.375926 0.018490 0.014815
0 0.650130 0.388889 0.018490 0.014815
0 0.650130 0.401389 0.018490 0.014815
0 0.650911 0.413889 0.018490 0.014815
0 0.651432 0.426852 0.018490 0.014815
0 0.634505 0.425000 0.018490 0.014815
0 0.633984 0.412037 0.018490 0.014815
0 0.633464 0.399537 0.018490 0.014815
0 0.633203 0.387037 0.018490 0.014815
0 0.633203 0.375000 0.018490 0.014815
0 0.632943 0.363889 0.018490 0.014815
0 0.632943 0.351852 0.018490 0.014815
0 0.631641 0.339352 0.018490 0.014815
0 0.631380 0.327778 0.018490 0.014815
0 0.631641 0.315741 0.018490 0.014815
0 0.631641 0.305556 0.018490 0.014815
0 0.630859 0.293519 0.018490 0.014815
0 0.630859 0.281944 0.018490 0.014815
0 0.612109 0.281944 0.018490 0.014815
0 0.612370 0.292593 0.018490 0.014815
0 0.613932 0.303704 0.018490 0.014815
0 0.613411 0.316204 0.018490 0.014815
0 0.615234 0.362500 0.018490 0.014815
0 0.613932 0.375000 0.018490 0.014815
0 0.614714 0.387500 0.018490 0.014815
0 0.615234 0.400463 0.018490 0.014815
0 0.615234 0.411574 0.018490 0.014815
0 0.615755 0.425000 0.018490 0.014815
0 0.598828 0.423611 0.018490 0.014815
0 0.598828 0.410648 0.018490 0.014815
0 0.598828 0.398611 0.018490 0.014815
0 0.598047 0.386574 0.018490 0.014815
0 0.598047 0.374537 0.018490 0.014815
0 0.598828 0.362500 0.018490 0.014815
0 0.596224 0.315278 0.018490 0.014815
0 0.595964 0.304630 0.018490 0.014815
0 0.597266 0.292593 0.018490 0.014815
0 0.596745 0.281481 0.018490 0.014815
0 0.579818 0.280556 0.018490 0.014815
0 0.579036 0.291667 0.018490 0.014815
0 0.579557 0.303704 0.018490 0.014815
0 0.579297 0.314352 0.018490 0.014815
0 0.579297 0.325926 0.018490 0.014815
0 0.579557 0.336574 0.018490 0.014815
0 0.580078 0.350000 0.018490 0.014815
0 0.579557 0.362037 0.018490 0.014815
0 0.579818 0.373611 0.018490 0.014815
0 0.579557 0.384722 0.018490 0.014815
0 0.579557 0.397222 0.018490 0.014815
0 0.579557 0.409259 0.018490 0.014815
0 0.580339 0.422685 0.018490 0.014815
0 0.563672 0.422222 0.018490 0.014815
0 0.564193 0.409722 0.018490 0.014815
0 0.564193 0.396296 0.018490 0.014815
0 0.562630 0.385648 0.018490 0.014815
0 0.563411 0.373611 0.018490 0.014815
0 0.563411 0.361111 0.018490 0.014815
0 0.563411 0.349537 0.018490 0.014815
0 0.563932 0.337037 0.018490 0.014815
0 0.564193 0.326389 0.018490 0.014815
0 0.563672 0.314352 0.018490 0.014815
0 0.563672 0.303704 0.018490 0.014815
0 0.563672 0.291204 0.018490 0.014815
0 0.564193 0.281019 0.018490 0.014815
0 0.543880 0.290741 0.018490 0.014815
0 0.544661 0.301852 0.018490 0.014815
0 0.544661 0.312963 0.018490 0.014815
0 0.544141 0.325463 0.018490 0.014815
0 0.543620 0.337037 0.018490 0.014815
0 0.544661 0.348611 0.018490 0.014815
0 0.544141 0.360185 0.018490 0.014815
0 0.543359 0.372685 0.018490 0.014815
0 0.543359 0.383796 0.018490 0.014815
0 0.543880 0.396296 0.018490 0.014815
0 0.543620 0.408333 0.018490 0.014815
0 0.543620 0.420833 0.018490 0.014815
0 0.527734 0.420833 0.018490 0.014815
0 0.527214 0.407870 0.018490 0.014815
0 0.527734 0.395370 0.018490 0.014815
0 0.528516 0.382407 0.018490 0.014815
0 0.528776 0.371759 0.018490 0.014815
0 0.529036 0.358796 0.018490 0.014815
0 0.528516 0.346759 0.018490 0.014815
0 0.529036 0.337037 0.018490 0.014815
0 0.528776 0.323611 0.018490 0.014815
0 0.529036 0.312500 0.018490 0.014815
0 0.529297 0.301389 0.018490 0.014815
0 0.529557 0.290741 0.018490 0.014815
0 0.511589 0.289815 0.018490 0.014815
0 0.511328 0.299537 0.018490 0.014815
0 0.510547 0.312037 0.018490 0.014815
0 0.510286 0.322685 0.018490 0.014815
0 0.510026 0.335648 0.018490 0.014815
0 0.510026 0.346759 0.018490 0.014815
0 0.509766 0.358333 0.018490 0.014815
0 0.508984 0.370370 0.018490 0.014815
0 0.508724 0.381944 0.018490 0.014815
0 0.508724 0.394907 0.018490 0.014815
0 0.508464 0.406019 0.018490 0.014815
0 0.508724 0.418519 0.018490 0.014815
0 0.491797 0.418519 0.018490 0.014815
0 0.492578 0.407407 0.018490 0.014815
0 0.493099 0.394907 0.018490 0.014815
0 0.493099 0.381481 0.018490 0.014815
0 0.493359 0.369444 0.018490 0.014815
0 0.494141 0.358333 0.018490 0.014815
0 0.494401 0.346759 0.018490 0.014815
0 0.494661 0.334722 0.018490 0.014815
0 0.494661 0.323148 0.018490 0.014815
0 0.495443 0.312037 0.018490 0.014815
0 0.495182 0.300000 0.018490 0.014815
0 0.496484 0.288889 0.018490 0.014815
0 0.496484 0.277778 0.018490 0.014815
0 0.478776 0.276852 0.018490 0.014815
0 0.478516 0.287500 0.018490 0.014815
0 0.477995 0.299074 0.018490 0.014815
0 0.477474 0.310185 0.018490 0.014815
0 0.477474 0.320833 0.018490 0.014815
0 0.476693 0.333333 0.018490 0.014815
0 0.475911 0.345833 0.018490 0.014815
0 0.476172 0.356481 0.018490 0.014815
0 0.475651 0.368519 0.018490 0.014815
0 0.475651 0.380093 0.018490 0.014815
0 0.475130 0.392593 0.018490 0.014815
0 0.474089 0.405556 0.018490 0.014815
0 0.474089 0.417593 0.018490 0.014815
0 0.457422 0.417593 0.018490 0.014815
0 0.457943 0.404167 0.018490 0.014815
0 0.458984 0.392130 0.018490 0.014815
0 0.459245 0.380093 0.018490 0.014815
0 0.459505 0.368056 0.018490 0.014815
0 0.460286 0.355556 0.018490 0.014815
0 0.460547 0.344907 0.018490 0.014815
0 0.460807 0.333796 0.018490 0.014815
0 0.461068 0.321759 0.018490 0.014815
0 0.461068 0.309722 0.018490 0.014815
0 0.461849 0.298611 0.018490 0.014815
0 0.462630 0.287500 0.018490 0.014815
0 0.462891 0.276389 0.018490 0.014815
0 0.445182 0.275463 0.018490 0.014815
0 0.444922 0.286574 0.018490 0.014815
0 0.444141 0.298148 0.018490 0.014815
0 0.443620 0.308796 0.018490 0.014815
0 0.443620 0.319907 0.018490 0.014815
0 0.443359 0.331944 0.018490 0.014815
0 0.441536 0.343519 0.018490 0.014815
0 0.442057 0.355093 0.018490 0.014815
0 0.441276 0.366667 0.018490 0.014815
0 0.441016 0.379167 0.018490 0.014815
0 0.439714 0.391204 0.018490 0.014815
0 0.440234 0.403704 0.018490 0.014815
0 0.439974 0.415278 0.018490 0.014815
0 0.422786 0.414352 0.018490 0.014815
0 0.423828 0.402778 0.018490 0.014815
0 0.424609 0.390741 0.018490 0.014815
0 0.424870 0.378241 0.018490 0.014815
0 0.426172 0.355556 0.018490 0.014815
0 0.424609 0.364815 0.018490 0.014815
0 0.426172 0.343519 0.018490 0.014815
0 0.426432 0.331019 0.018490 0.014815
0 0.428255 0.318981 0.018490 0.014815
0 0.427995 0.307870 0.018490 0.014815
0 0.428255 0.297222 0.018490 0.014815
0 0.429557 0.285185 0.018490 0.014815
0 0.429818 0.274537 0.018490 0.014815
0 0.411589 0.274074 0.018490 0.014815
0 0.411068 0.285648 0.018490 0.014815
0 0.410026 0.297222 0.018490 0.014815
0 0.408464 0.308796 0.018490 0.014815
0 0.407943 0.320370 0.018490 0.014815
0 0.407422 0.331944 0.018490 0.014815
0 0.406901 0.343056 0.018490 0.014815
0 0.406380 0.355093 0.018490 0.014815
0 0.405859 0.366204 0.018490 0.014815
0 0.405599 0.378704 0.018490 0.014815
0 0.403776 0.390278 0.018490 0.014815
0 0.403516 0.402315 0.018490 0.014815
0 0.402995 0.414815 0.018490 0.014815
0 0.385807 0.414815 0.018490 0.014815
0 0.387109 0.401389 0.018490 0.014815
0 0.387891 0.388889 0.018490 0.014815
0 0.388672 0.377778 0.018490 0.014815
0 0.389453 0.365278 0.018490 0.014815
0 0.390755 0.353241 0.018490 0.014815
0 0.391276 0.342130 0.018490 0.014815
0 0.391797 0.330093 0.018490 0.014815
0 0.392578 0.318519 0.018490 0.014815
0 0.394141 0.307407 0.018490 0.014815
0 0.394401 0.296296 0.018490 0.014815
0 0.395443 0.285185 0.018490 0.014815
0 0.396224 0.274074 0.018490 0.014815
0 0.379557 0.271759 0.018490 0.014815
0 0.378516 0.282407 0.018490 0.014815
0 0.377474 0.293519 0.018490 0.014815
0 0.376172 0.305093 0.018490 0.014815
0 0.375651 0.316204 0.018490 0.014815
0 0.375130 0.327778 0.018490 0.014815
0 0.374609 0.339352 0.018490 0.014815
0 0.374089 0.351389 0.018490 0.014815
0 0.373047 0.364352 0.018490 0.014815
0 0.372005 0.376852 0.018490 0.014815
0 0.371484 0.387963 0.018490 0.014815
0 0.370443 0.399537 0.018490 0.014815
0 0.369141 0.412963 0.018490 0.014815
0 0.368359 0.424537 0.018490 0.014815
0 0.422135 0.432639 0.016667 0.011574
0 0.421615 0.444676 0.016667 0.011574
0 0.420703 0.462963 0.016927 0.014815
0 0.420443 0.476389 0.016927 0.014815
0 0.436589 0.476389 0.016927 0.014815
0 0.437370 0.463426 0.016927 0.014815
0 0.437891 0.446296 0.016927 0.014815
0 0.438411 0.434259 0.016927 0.014815
0 0.456641 0.435648 0.016927 0.014815
0 0.456120 0.446759 0.016927 0.014815
0 0.455859 0.463889 0.016927 0.014815
0 0.455339 0.477778 0.016927 0.014815
0 0.473047 0.479167 0.016927 0.014815
0 0.472786 0.465741 0.016927 0.014815
0 0.473568 0.448148 0.016927 0.014815
0 0.473828 0.435648 0.016927 0.014815
0 0.492057 0.436574 0.016927 0.014815
0 0.492318 0.448611 0.016927 0.014815
0 0.491536 0.466204 0.016927 0.014815
0 0.491536 0.480093 0.016927 0.014815
0 0.508724 0.480093 0.016927 0.014815
0 0.508464 0.467130 0.016927 0.014815
0 0.509245 0.449537 0.016927 0.014815
0 0.509245 0.438426 0.016927 0.014815
0 0.527734 0.438889 0.016927 0.014815
0 0.527995 0.450926 0.016927 0.014815
0 0.526953 0.466667 0.016927 0.014815
0 0.527214 0.481481 0.016927 0.014815
0 0.543359 0.481944 0.016927 0.014815
0 0.543620 0.468981 0.016927 0.014815
0 0.543880 0.451389 0.016927 0.014815
0 0.543359 0.439815 0.016927 0.014815
0 0.561849 0.440278 0.016927 0.014815
0 0.562109 0.451852 0.016927 0.014815
0 0.562370 0.468519 0.016927 0.014815
0 0.561849 0.482407 0.016927 0.014815
0 0.579557 0.483333 0.016927 0.014815
0 0.580078 0.469907 0.016927 0.014815
0 0.579557 0.453241 0.016927 0.014815
0 0.579818 0.440278 0.016927 0.014815
0 0.598047 0.451389 0.016927 0.014815
0 0.597526 0.470370 0.016927 0.014815
0 0.598047 0.484259 0.016927 0.014815
0 0.615234 0.484722 0.016927 0.014815
0 0.615755 0.470833 0.016927 0.014815
0 0.615495 0.452778 0.016927 0.014815
0 0.633984 0.452778 0.016927 0.014815
0 0.633984 0.471296 0.016927 0.014815
0 0.634505 0.486111 0.016927 0.014815
0 0.734375 0.490972 0.017188 0.014352
0 0.734635 0.506250 0.017188 0.014352
0 0.734896 0.521065 0.017188 0.014352
0 0.735417 0.535417 0.017188 0.014352
0 0.735938 0.551389 0.017708 0.015741
0 0.736198 0.566204 0.017708 0.015741
0 0.736198 0.581481 0.017708 0.015741
0 0.736719 0.596759 0.017708 0.015741
0 0.737240 0.612500 0.017708 0.015741
0 0.737760 0.627778 0.017708 0.015741
0 0.737760 0.643519 0.017708 0.015741
0 0.738021 0.659259 0.017708 0.015741
0 0.738281 0.674074 0.017708 0.015741
0 0.738802 0.688889 0.017708 0.015741
0 0.739062 0.703704 0.017708 0.015741
0 0.739323 0.718519 0.017708 0.015741
0 0.722396 0.718056 0.017708 0.015741
0 0.722396 0.703241 0.017708 0.015741
0 0.721875 0.687963 0.017708 0.015741
0 0.721615 0.673611 0.017708 0.015741
0 0.721094 0.657870 0.017708 0.015741
0 0.720833 0.643519 0.017708 0.015741
0 0.720833 0.629167 0.017708 0.015741
0 0.720573 0.613889 0.017708 0.015741
0 0.720313 0.599074 0.017708 0.015741
0 0.719792 0.584722 0.017708 0.015741
0 0.719271 0.569907 0.017708 0.015741
0 0.718750 0.556019 0.017708 0.015741
0 0.718750 0.539352 0.017708 0.015741
0 0.717969 0.527315 0.017708 0.015741
0 0.718229 0.512500 0.017708 0.015741
0 0.717708 0.498611 0.017708 0.015741
0 0.716927 0.483796 0.017708 0.015741
0 0.697656 0.483796 0.017708 0.015741
0 0.697917 0.497685 0.017708 0.015741
0 0.698438 0.510648 0.017708 0.015741
0 0.699219 0.526389 0.017708 0.015741
0 0.698698 0.540278 0.017708 0.015741
0 0.699219 0.555093 0.017708 0.015741
0 0.699219 0.569444 0.017708 0.015741
0 0.700521 0.583333 0.017708 0.015741
0 0.700521 0.598611 0.017708 0.015741
0 0.700781 0.612963 0.017708 0.015741
0 0.701042 0.626852 0.017708 0.015741
0 0.701823 0.642593 0.017708 0.015741
0 0.701562 0.657407 0.017708 0.015741
0 0.701823 0.672222 0.017708 0.015741
0 0.702083 0.687963 0.017708 0.015741
0 0.702344 0.701852 0.017708 0.015741
0 0.702865 0.717593 0.017708 0.015741
0 0.686198 0.717130 0.017708 0.015741
0 0.686458 0.701389 0.017708 0.015741
0 0.685677 0.687037 0.017708 0.015741
0 0.685417 0.671759 0.017708 0.015741
0 0.684896 0.656481 0.017708 0.015741
0 0.684635 0.640741 0.017708 0.015741
0 0.684635 0.626389 0.017708 0.015741
0 0.684375 0.612500 0.017708 0.015741
0 0.684115 0.597685 0.017708 0.015741
0 0.684115 0.583796 0.017708 0.015741
0 0.683854 0.568981 0.017708 0.015741
0 0.683073 0.554167 0.017708 0.015741
0 0.683333 0.539815 0.017708 0.015741
0 0.682813 0.525463 0.017708 0.015741
0 0.682552 0.511111 0.017708 0.015741
0 0.680729 0.495833 0.017708 0.015741
0 0.680990 0.482407 0.017708 0.015741
0 0.662500 0.510648 0.017708 0.015741
0 0.662760 0.525000 0.017708 0.015741
0 0.663281 0.539352 0.017708 0.015741
0 0.663802 0.553704 0.017708 0.015741
0 0.663802 0.568056 0.017708 0.015741
0 0.664062 0.583333 0.017708 0.015741
0 0.664062 0.597222 0.017708 0.015741
0 0.664323 0.611574 0.017708 0.015741
0 0.664583 0.626389 0.017708 0.015741
0 0.664583 0.640278 0.017708 0.015741
0 0.665365 0.655556 0.017708 0.015741
0 0.665365 0.670833 0.017708 0.015741
0 0.665625 0.686111 0.017708 0.015741
0 0.666406 0.700463 0.017708 0.015741
0 0.666667 0.715741 0.017708 0.015741
0 0.649479 0.715278 0.017708 0.015741
0 0.648958 0.700000 0.017708 0.015741
0 0.648958 0.685185 0.017708 0.015741
0 0.648958 0.669907 0.017708 0.015741
0 0.648698 0.654630 0.017708 0.015741
0 0.648177 0.639815 0.017708 0.015741
0 0.648177 0.625463 0.017708 0.015741
0 0.647656 0.610185 0.017708 0.015741
0 0.647656 0.596759 0.017708 0.015741
0 0.647656 0.581944 0.017708 0.015741
0 0.647135 0.568056 0.017708 0.015741
0 0.647135 0.553241 0.017708 0.015741
0 0.646354 0.538889 0.017708 0.015741
0 0.646354 0.525000 0.017708 0.015741
0 0.645573 0.510648 0.017708 0.015741
0 0.626563 0.510185 0.017708 0.015741
0 0.627083 0.523148 0.017708 0.015741
0 0.626823 0.537963 0.017708 0.015741
0 0.627083 0.553241 0.017708 0.015741
0 0.627344 0.566667 0.017708 0.015741
0 0.627604 0.581481 0.017708 0.015741
0 0.628125 0.596296 0.017708 0.015741
0 0.628125 0.610648 0.017708 0.015741
0 0.628385 0.625000 0.017708 0.015741
0 0.628646 0.639352 0.017708 0.015741
0 0.628906 0.655093 0.017708 0.015741
0 0.629167 0.668981 0.017708 0.015741
0 0.629167 0.684259 0.017708 0.015741
0 0.629948 0.699074 0.017708 0.015741
0 0.613281 0.728704 0.017708 0.015741
0 0.613021 0.714352 0.017708 0.015741
0 0.612760 0.698611 0.017708 0.015741
0 0.612500 0.683796 0.017708 0.015741
0 0.612240 0.667593 0.017708 0.015741
0 0.612760 0.653241 0.017708 0.015741
0 0.612240 0.638889 0.017708 0.015741
0 0.611979 0.624074 0.017708 0.015741
0 0.611979 0.609722 0.017708 0.015741
0 0.610938 0.595833 0.017708 0.015741
0 0.611719 0.580093 0.017708 0.015741
0 0.611198 0.565278 0.017708 0.015741
0 0.610938 0.551852 0.017708 0.015741
0 0.610938 0.537500 0.017708 0.015741
0 0.611198 0.523611 0.017708 0.015741
0 0.610677 0.509722 0.017708 0.015741
0 0.594010 0.509722 0.017708 0.015741
0 0.594010 0.523148 0.017708 0.015741
0 0.594792 0.537500 0.017708 0.015741
0 0.594010 0.550463 0.017708 0.015741
0 0.594531 0.565278 0.017708 0.015741
0 0.594792 0.579630 0.017708 0.015741
0 0.594792 0.594444 0.017708 0.015741
0 0.594792 0.608796 0.017708 0.015741
0 0.595052 0.623611 0.017708 0.015741
0 0.595313 0.637963 0.017708 0.015741
0 0.595573 0.652778 0.017708 0.015741
0 0.596094 0.667130 0.017708 0.015741
0 0.595313 0.682870 0.017708 0.015741
0 0.595833 0.696759 0.017708 0.015741
0 0.596094 0.712963 0.017708 0.015741
0 0.596354 0.727778 0.017708 0.015741
0 0.579427 0.697685 0.017708 0.015741
0 0.579167 0.681944 0.017708 0.015741
0 0.578646 0.667130 0.017708 0.015741
0 0.579688 0.652315 0.017708 0.015741
0 0.578906 0.637500 0.017708 0.015741
0 0.578385 0.622685 0.017708 0.015741
0 0.578646 0.608333 0.017708 0.015741
0 0.578385 0.594444 0.017708 0.015741
0 0.578385 0.579630 0.017708 0.015741
0 0.578646 0.565278 0.017708 0.015741
0 0.578385 0.550926 0.017708 0.015741
0 0.578906 0.537500 0.017708 0.015741
0 0.578385 0.522685 0.017708 0.015741
0 0.578125 0.509259 0.017708 0.015741
0 0.559896 0.508796 0.017708 0.015741
0 0.560156 0.521759 0.017708 0.015741
0 0.559635 0.536111 0.017708 0.015741
0 0.559896 0.550463 0.017708 0.015741
0 0.559375 0.564352 0.017708 0.015741
0 0.560156 0.578241 0.017708 0.015741
0 0.560156 0.593056 0.017708 0.015741
0 0.559896 0.607407 0.017708 0.015741
0 0.559896 0.622685 0.017708 0.015741
0 0.559635 0.637963 0.017708 0.015741
0 0.559635 0.651852 0.017708 0.015741
0 0.559896 0.665741 0.017708 0.015741
0 0.559375 0.681019 0.017708 0.015741
0 0.559375 0.696296 0.017708 0.015741
0 0.559635 0.711111 0.017708 0.015741
0 0.543229 0.710648 0.017708 0.015741
0 0.543229 0.695370 0.017708 0.015741
0 0.543229 0.680093 0.017708 0.015741
0 0.543490 0.665741 0.017708 0.015741
0 0.543750 0.650926 0.017708 0.015741
0 0.543490 0.635185 0.017708 0.015741
0 0.543229 0.621759 0.017708 0.015741
0 0.543750 0.606944 0.017708 0.015741
0 0.543229 0.592593 0.017708 0.015741
0 0.543750 0.578241 0.017708 0.015741
0 0.543750 0.564352 0.017708 0.015741
0 0.543750 0.549074 0.017708 0.015741
0 0.543229 0.535648 0.017708 0.015741
0 0.544010 0.521296 0.017708 0.015741
0 0.544010 0.507870 0.017708 0.015741
0 0.525521 0.507407 0.017708 0.015741
0 0.525260 0.521296 0.017708 0.015741
0 0.525000 0.534722 0.017708 0.015741
0 0.525521 0.549074 0.017708 0.015741
0 0.525000 0.563426 0.017708 0.015741
0 0.525000 0.577778 0.017708 0.015741
0 0.524479 0.591667 0.017708 0.015741
0 0.524219 0.605093 0.017708 0.015741
0 0.524219 0.620833 0.017708 0.015741
0 0.524219 0.635648 0.017708 0.015741
0 0.523958 0.650000 0.017708 0.015741
0 0.524479 0.664815 0.017708 0.015741
0 0.524479 0.680093 0.017708 0.015741
0 0.523958 0.694907 0.017708 0.015741
0 0.523958 0.710185 0.017708 0.015741
0 0.523698 0.725000 0.017708 0.015741
0 0.507552 0.694444 0.017708 0.015741
0 0.507552 0.679167 0.017708 0.015741
0 0.507552 0.664352 0.017708 0.015741
0 0.507812 0.649537 0.017708 0.015741
0 0.507812 0.634722 0.017708 0.015741
0 0.508854 0.620370 0.017708 0.015741
0 0.508594 0.606019 0.017708 0.015741
0 0.508854 0.591667 0.017708 0.015741
0 0.508854 0.577315 0.017708 0.015741
0 0.508854 0.562500 0.017708 0.015741
0 0.509375 0.549537 0.017708 0.015741
0 0.509375 0.534259 0.017708 0.015741
0 0.509375 0.520833 0.017708 0.015741
0 0.509375 0.506944 0.017708 0.015741
0 0.488021 0.506481 0.017708 0.015741
0 0.487760 0.519444 0.017708 0.015741
0 0.487500 0.533796 0.017708 0.015741
0 0.486979 0.547685 0.017708 0.015741
0 0.487240 0.562037 0.017708 0.015741
0 0.486979 0.575926 0.017708 0.015741
0 0.486719 0.590741 0.017708 0.015741
0 0.486458 0.618981 0.017708 0.015741
0 0.486198 0.603241 0.017708 0.015741
0 0.486198 0.632870 0.017708 0.015741
0 0.485938 0.648148 0.017708 0.015741
0 0.485938 0.662963 0.017708 0.015741
0 0.484896 0.677315 0.017708 0.015741
0 0.484635 0.693056 0.017708 0.015741
0 0.484375 0.707870 0.017708 0.015741
0 0.484375 0.723148 0.017708 0.015741
0 0.467187 0.692130 0.017708 0.015741
0 0.467187 0.676852 0.017708 0.015741
0 0.468229 0.662037 0.017708 0.015741
0 0.468750 0.647222 0.017708 0.015741
0 0.468490 0.633333 0.017708 0.015741
0 0.468229 0.618519 0.017708 0.015741
0 0.469271 0.604167 0.017708 0.015741
0 0.469010 0.589815 0.017708 0.015741
0 0.469531 0.575463 0.017708 0.015741
0 0.469531 0.561111 0.017708 0.015741
0 0.469531 0.546759 0.017708 0.015741
0 0.470052 0.533333 0.017708 0.015741
0 0.470833 0.518981 0.017708 0.015741
0 0.470573 0.505093 0.017708 0.015741
0 0.449740 0.505556 0.017708 0.015741
0 0.449219 0.519444 0.017708 0.015741
0 0.448698 0.532870 0.017708 0.015741
0 0.447917 0.547222 0.017708 0.015741
0 0.447917 0.560648 0.017708 0.015741
0 0.448177 0.574537 0.017708 0.015741
0 0.447656 0.589352 0.017708 0.015741
0 0.447396 0.603241 0.017708 0.015741
0 0.447396 0.618056 0.017708 0.015741
0 0.447135 0.631944 0.017708 0.015741
0 0.446615 0.646759 0.017708 0.015741
0 0.446354 0.661574 0.017708 0.015741
0 0.446354 0.675926 0.017708 0.015741
0 0.444792 0.722222 0.017708 0.015741
0 0.444531 0.690278 0.017708 0.015741
0 0.444271 0.705556 0.017708 0.015741
0 0.444271 0.736574 0.017708 0.015741
0 0.444271 0.751852 0.017708 0.015741
0 0.444010 0.767593 0.017708 0.015741
0 0.444010 0.782870 0.017708 0.015741
0 0.443229 0.799074 0.017708 0.015741
0 0.442448 0.814352 0.017708 0.015741
0 0.442448 0.830556 0.017708 0.015741
0 0.441927 0.846296 0.017708 0.015741
0 0.425260 0.845833 0.017708 0.015741
0 0.425781 0.829630 0.017708 0.015741
0 0.426302 0.813889 0.017708 0.015741
0 0.426563 0.798611 0.017708 0.015741
0 0.426302 0.782870 0.017708 0.015741
0 0.427344 0.767593 0.017708 0.015741
0 0.427604 0.752778 0.017708 0.015741
0 0.428125 0.737037 0.017708 0.015741
0 0.428646 0.721759 0.017708 0.015741
0 0.428385 0.706481 0.017708 0.015741
0 0.429167 0.691667 0.017708 0.015741
0 0.429427 0.676852 0.017708 0.015741
0 0.429688 0.662037 0.017708 0.015741
0 0.430208 0.646296 0.017708 0.015741
0 0.430208 0.631944 0.017708 0.015741
0 0.430990 0.618056 0.017708 0.015741
0 0.431510 0.603241 0.017708 0.015741
0 0.431771 0.589352 0.017708 0.015741
0 0.431771 0.575000 0.017708 0.015741
0 0.432292 0.559722 0.017708 0.015741
0 0.432292 0.546296 0.017708 0.015741
0 0.433333 0.531481 0.017708 0.015741
0 0.433333 0.518056 0.017708 0.015741
0 0.433594 0.505093 0.017708 0.015741
0 0.417448 0.503704 0.017708 0.015741
0 0.417448 0.518056 0.017708 0.015741
0 0.417448 0.531944 0.017708 0.015741
0 0.416406 0.545833 0.017708 0.015741
0 0.416406 0.560185 0.017708 0.015741
0 0.415885 0.574074 0.017708 0.015741
0 0.415885 0.588426 0.017708 0.015741
0 0.415365 0.603241 0.017708 0.015741
0 0.414844 0.616667 0.017708 0.015741
0 0.414323 0.631944 0.017708 0.015741
0 0.413802 0.646296 0.017708 0.015741
0 0.413542 0.660648 0.017708 0.015741
0 0.412760 0.676389 0.017708 0.015741
0 0.412760 0.691204 0.017708 0.015741
0 0.411719 0.736574 0.017708 0.015741
0 0.411198 0.751852 0.017708 0.015741
0 0.410677 0.767130 0.017708 0.015741
0 0.410156 0.782870 0.017708 0.015741
0 0.409896 0.797685 0.017708 0.015741
0 0.409115 0.813426 0.017708 0.015741
0 0.408594 0.829630 0.017708 0.015741
0 0.408594 0.845370 0.017708 0.015741
0 0.388542 0.844444 0.017708 0.015741
0 0.388802 0.829167 0.017708 0.015741
0 0.389323 0.812500 0.017708 0.015741
0 0.390104 0.797685 0.017708 0.015741
0 0.390365 0.781944 0.017708 0.015741
0 0.390885 0.766204 0.017708 0.015741
0 0.390885 0.751389 0.017708 0.015741
0 0.391667 0.735648 0.017708 0.015741
0 0.391927 0.720370 0.017708 0.015741
0 0.392448 0.706019 0.017708 0.015741
0 0.393490 0.690278 0.017708 0.015741
0 0.393490 0.676389 0.017708 0.015741
0 0.393750 0.661111 0.017708 0.015741
0 0.394531 0.645833 0.017708 0.015741
0 0.394792 0.631944 0.017708 0.015741
0 0.395573 0.617593 0.017708 0.015741
0 0.395573 0.602315 0.017708 0.015741
0 0.395833 0.587963 0.017708 0.015741
0 0.397135 0.574537 0.017708 0.015741
0 0.397917 0.559722 0.017708 0.015741
0 0.397917 0.545833 0.017708 0.015741
0 0.398698 0.530556 0.017708 0.015741
0 0.398438 0.517593 0.017708 0.015741
0 0.398958 0.503704 0.017708 0.015741
0 0.383333 0.503241 0.017708 0.015741
0 0.382812 0.516667 0.017708 0.015741
0 0.382552 0.530093 0.017708 0.015741
0 0.381771 0.545370 0.017708 0.015741
0 0.381771 0.559722 0.017708 0.015741
0 0.381250 0.573611 0.017708 0.015741
0 0.380729 0.587963 0.017708 0.015741
0 0.379427 0.601852 0.017708 0.015741
0 0.379167 0.616204 0.017708 0.015741
0 0.378906 0.631019 0.017708 0.015741
0 0.378646 0.644907 0.017708 0.015741
0 0.377865 0.660185 0.017708 0.015741
0 0.377083 0.675926 0.017708 0.015741
0 0.377083 0.689815 0.017708 0.015741
0 0.376302 0.705556 0.017708 0.015741
0 0.375781 0.720370 0.017708 0.015741
0 0.375260 0.735648 0.017708 0.015741
0 0.374740 0.751389 0.017708 0.015741
0 0.374219 0.766204 0.017708 0.015741
0 0.373958 0.781481 0.017708 0.015741
0 0.373437 0.796759 0.017708 0.015741
0 0.372917 0.812037 0.017708 0.015741
0 0.372135 0.828241 0.017708 0.015741
0 0.372135 0.843981 0.017708 0.015741
0 0.352344 0.831019 0.017708 0.015741
0 0.335417 0.830556 0.017708 0.015741
0 0.317448 0.830093 0.017708 0.015741
0 0.317708 0.813426 0.017708 0.015741
0 0.336458 0.815278 0.017708 0.015741
0 0.353125 0.815741 0.017708 0.015741
0 0.353646 0.800926 0.017708 0.015741
0 0.336719 0.799537 0.017708 0.015741
0 0.318750 0.798148 0.017708 0.015741
0 0.318750 0.782870 0.017708 0.015741
0 0.337760 0.783796 0.017708 0.015741
0 0.353906 0.785185 0.017708 0.015741
0 0.354427 0.768981 0.017708 0.015741
0 0.338542 0.768519 0.017708 0.015741
0 0.319531 0.768519 0.017708 0.015741
0 0.320052 0.752315 0.017708 0.015741
0 0.339062 0.753704 0.017708 0.015741
0 0.355469 0.754167 0.017708 0.015741
0 0.356250 0.739352 0.017708 0.015741
0 0.339844 0.738426 0.017708 0.015741
0 0.320833 0.737500 0.017708 0.015741
0 0.320833 0.722685 0.017708 0.015741
0 0.339844 0.724074 0.017708 0.015741
0 0.356510 0.723611 0.017708 0.015741
0 0.357031 0.708796 0.017708 0.015741
0 0.341146 0.708333 0.017708 0.015741
0 0.321875 0.707870 0.017708 0.015741
0 0.322656 0.692593 0.017708 0.015741
0 0.341406 0.693981 0.017708 0.015741
0 0.357812 0.693519 0.017708 0.015741
0 0.359115 0.679167 0.017708 0.015741
0 0.341927 0.678241 0.017708 0.015741
0 0.323177 0.678241 0.017708 0.015741
0 0.323437 0.662500 0.017708 0.015741
0 0.342448 0.663426 0.017708 0.015741
0 0.358854 0.664352 0.017708 0.015741
0 0.359896 0.649074 0.017708 0.015741
0 0.343229 0.648611 0.017708 0.015741
0 0.323698 0.648148 0.017708 0.015741
0 0.324219 0.633333 0.017708 0.015741
0 0.343490 0.634259 0.017708 0.015741
0 0.360156 0.634259 0.017708 0.015741
0 0.360156 0.620370 0.017708 0.015741
0 0.344531 0.619444 0.017708 0.015741
0 0.325000 0.618981 0.017708 0.015741
0 0.325781 0.604167 0.017708 0.015741
0 0.344531 0.605556 0.017708 0.015741
0 0.361458 0.605556 0.017708 0.015741
0 0.361458 0.590741 0.017708 0.015741
0 0.345052 0.590741 0.017708 0.015741
0 0.325781 0.589815 0.017708 0.015741
0 0.326823 0.575463 0.017708 0.015741
0 0.345573 0.576389 0.017708 0.015741
0 0.361719 0.576852 0.017708 0.015741
0 0.362760 0.562037 0.017708 0.015741
0 0.346354 0.562037 0.017708 0.015741
0 0.326562 0.561574 0.017708 0.015741
0 0.328125 0.547685 0.017708 0.015741
0 0.347135 0.547685 0.017708 0.015741
0 0.363281 0.547685 0.017708 0.015741
0 0.363542 0.534259 0.017708 0.015741
0 0.347135 0.533796 0.017708 0.015741
0 0.327865 0.532870 0.017708 0.015741
0 0.328125 0.518981 0.017708 0.015741
0 0.348177 0.519907 0.017708 0.015741
0 0.364323 0.519907 0.017708 0.015741
0 0.364583 0.505556 0.017708 0.015741
0 0.348958 0.505556 0.017708 0.015741
0 0.328906 0.504630 0.017708 0.015741
0 0.329167 0.490278 0.017708 0.015741
0 0.348698 0.491204 0.017708 0.015741
0 0.364583 0.492130 0.017708 0.015741
0 0.365104 0.477315 0.017708 0.015741
0 0.349479 0.477778 0.017708 0.015741
0 0.330208 0.476852 0.017708 0.015741
0 0.330208 0.462963 0.017708 0.015741
0 0.350000 0.464352 0.017708 0.015741
0 0.366667 0.464352 0.017708 0.015741
0 0.466276 0.753009 0.016927 0.016204
0 0.483984 0.754398 0.016927 0.016204
0 0.483724 0.768750 0.016927 0.016204
0 0.466276 0.768287 0.016927 0.016204
0 0.465755 0.784028 0.016927 0.016204
0 0.483203 0.784954 0.016927 0.016204
0 0.483203 0.800231 0.016927 0.016204
0 0.465755 0.799769 0.016927 0.016204
0 0.465495 0.815509 0.016927 0.016204
0 0.482682 0.815972 0.016927 0.016204
0 0.482422 0.832176 0.016927 0.016204
0 0.464714 0.830787 0.016927 0.016204
0 0.464714 0.847917 0.016927 0.016204
0 0.482422 0.847454 0.016927 0.016204
0 0.482161 0.863657 0.016927 0.016204
0 0.464193 0.863194 0.016927 0.016204
0 0.463672 0.878935 0.016927 0.016204
0 0.481901 0.879398 0.016927 0.016204
0 0.482682 0.899769 0.018490 0.016204
0 0.464193 0.898843 0.018490 0.016204
0 0.464453 0.915972 0.018490 0.016204
0 0.482422 0.917361 0.018490 0.016204
0 0.481901 0.934028 0.018490 0.016204
0 0.463932 0.933102 0.018490 0.016204
0 0.504036 0.936343 0.018490 0.016204
0 0.523307 0.936343 0.018490 0.016204
0 0.522786 0.919213 0.018490 0.016204
0 0.505078 0.918287 0.018490 0.016204
0 0.504818 0.900694 0.018490 0.016204
0 0.523307 0.902083 0.018490 0.016204
0 0.522266 0.881250 0.018490 0.016204
0 0.505859 0.879861 0.018490 0.016204
0 0.505599 0.864120 0.018490 0.016204
0 0.522786 0.865046 0.018490 0.016204
0 0.522786 0.849769 0.018490 0.016204
0 0.505599 0.848380 0.018490 0.016204
0 0.506120 0.832639 0.018490 0.016204
0 0.523047 0.833565 0.018490 0.016204
0 0.523047 0.818287 0.018490 0.016204
0 0.505859 0.816898 0.018490 0.016204
0 0.505859 0.800231 0.018490 0.016204
0 0.523307 0.802546 0.018490 0.016204
0 0.523307 0.786343 0.018490 0.016204
0 0.506901 0.785417 0.018490 0.016204
0 0.506120 0.770602 0.018490 0.016204
0 0.523568 0.771065 0.018490 0.016204
0 0.523568 0.755787 0.018490 0.016204
0 0.506380 0.755787 0.018490 0.016204
0 0.543620 0.757176 0.018490 0.016204
0 0.560026 0.758102 0.018490 0.016204
0 0.560026 0.773380 0.018490 0.016204
0 0.542839 0.771991 0.018490 0.016204
0 0.543099 0.787731 0.018490 0.016204
0 0.559766 0.789120 0.018490 0.016204
0 0.559505 0.804861 0.018490 0.016204
0 0.542839 0.803935 0.018490 0.016204
0 0.542839 0.820139 0.018490 0.016204
0 0.559766 0.820602 0.018490 0.016204
0 0.560026 0.836343 0.018490 0.016204
0 0.542057 0.835417 0.018490 0.016204
0 0.541797 0.851157 0.018490 0.016204
0 0.559505 0.851620 0.018490 0.016204
0 0.559505 0.867824 0.018490 0.016204
0 0.542578 0.866435 0.018490 0.016204
0 0.542318 0.883102 0.018490 0.016204
0 0.559245 0.883565 0.018490 0.016204
0 0.579297 0.884028 0.018490 0.016204
0 0.596224 0.884954 0.018490 0.016204
0 0.613932 0.885417 0.018490 0.016204
0 0.631120 0.886343 0.018490 0.016204
0 0.631380 0.870602 0.018490 0.016204
0 0.613411 0.870139 0.018490 0.016204
0 0.596484 0.869213 0.018490 0.016204
0 0.579297 0.868750 0.018490 0.016204
0 0.579297 0.852546 0.018490 0.016204
0 0.596484 0.853009 0.018490 0.016204
0 0.613672 0.854398 0.018490 0.016204
0 0.631120 0.854861 0.018490 0.016204
0 0.630859 0.838657 0.018490 0.016204
0 0.613411 0.837731 0.018490 0.016204
0 0.596484 0.837731 0.018490 0.016204
0 0.579818 0.836343 0.018490 0.016204
0 0.579557 0.820602 0.018490 0.016204
0 0.597005 0.821528 0.018490 0.016204
0 0.613932 0.822917 0.018490 0.016204
0 0.630339 0.822917 0.018490 0.016204
0 0.630859 0.807639 0.018490 0.016204
0 0.613672 0.807176 0.018490 0.016204
0 0.596224 0.805787 0.018490 0.016204
0 0.579036 0.805324 0.018490 0.016204
0 0.579557 0.790046 0.018490 0.016204
0 0.596745 0.790972 0.018490 0.016204
0 0.613411 0.791435 0.018490 0.016204
0 0.630859 0.792361 0.018490 0.016204
0 0.630078 0.776620 0.018490 0.016204
0 0.613411 0.775231 0.018490 0.016204
0 0.596224 0.774769 0.018490 0.016204
0 0.579297 0.773843 0.018490 0.016204
0 0.579036 0.758565 0.018490 0.016204
0 0.596484 0.758565 0.018490 0.016204
0 0.613411 0.760880 0.018490 0.016204
0 0.629818 0.760880 0.018490 0.016204
0 0.649609 0.763194 0.018490 0.016204
0 0.666536 0.762269 0.018490 0.016204
0 0.686849 0.764120 0.018490 0.016204
0 0.703516 0.764120 0.018490 0.016204
0 0.723568 0.765509 0.018490 0.016204
0 0.741016 0.765972 0.018490 0.016204
0 0.741276 0.780787 0.018490 0.016204
0 0.724609 0.780787 0.018490 0.016204
0 0.704297 0.779861 0.018490 0.016204
0 0.687370 0.779398 0.018490 0.016204
0 0.667057 0.778009 0.018490 0.016204
0 0.649609 0.776620 0.018490 0.016204
0 0.649609 0.793750 0.018490 0.016204
0 0.667057 0.793750 0.018490 0.016204
0 0.687109 0.794676 0.018490 0.016204
0 0.703776 0.795602 0.018490 0.016204
0 0.724349 0.796528 0.018490 0.016204
0 0.741536 0.797454 0.018490 0.016204
0 0.742057 0.813194 0.018490 0.016204
0 0.724870 0.812731 0.018490 0.016204
0 0.704818 0.811343 0.018490 0.016204
0 0.687891 0.810417 0.018490 0.016204
0 0.667057 0.809028 0.018490 0.016204
0 0.650651 0.808565 0.018490 0.016204
0 0.650130 0.824769 0.018490 0.016204
0 0.668099 0.824769 0.018490 0.016204
0 0.687891 0.826620 0.018490 0.016204
0 0.705078 0.827083 0.018490 0.016204
0 0.724870 0.827546 0.018490 0.016204
0 0.742578 0.828009 0.018490 0.016204
0 0.743099 0.844213 0.018490 0.016204
0 0.725651 0.844213 0.018490 0.016204
0 0.705339 0.843287 0.018490 0.016204
0 0.688151 0.841898 0.018490 0.016204
0 0.667839 0.841898 0.018490 0.016204
0 0.650391 0.840046 0.018490 0.016204
0 0.650651 0.855787 0.018490 0.016204
0 0.667578 0.857176 0.018490 0.016204
0 0.688151 0.857639 0.018490 0.016204
0 0.705599 0.858102 0.018490 0.016204
0 0.726172 0.859028 0.018490 0.016204
0 0.743620 0.859954 0.018490 0.016204
0 0.743359 0.875694 0.018490 0.016204
0 0.726432 0.875231 0.018490 0.016204
0 0.705859 0.874769 0.018490 0.016204
0 0.687891 0.873843 0.018490 0.016204
0 0.667839 0.872454 0.018490 0.016204
0 0.650651 0.871991 0.018490 0.016204
0 0.650391 0.887731 0.018490 0.016204
0 0.667839 0.888657 0.018490 0.016204
0 0.688932 0.889583 0.018490 0.016204
0 0.706380 0.889120 0.018490 0.016204
0 0.726432 0.890509 0.018490 0.016204
0 0.743620 0.890972 0.018490 0.016204
0 0.745573 0.912963 0.018750 0.017593
0 0.745573 0.930093 0.018750 0.017593
0 0.746875 0.946759 0.018750 0.017593
0 0.728125 0.945833 0.018750 0.017593
0 0.727865 0.928241 0.018750 0.017593
0 0.727604 0.911574 0.018750 0.017593
0 0.706510 0.911574 0.018750 0.017593
0 0.706250 0.927315 0.018750 0.017593
0 0.707031 0.945370 0.018750 0.017593
0 0.688542 0.944444 0.018750 0.017593
0 0.688281 0.926852 0.018750 0.017593
0 0.688281 0.910185 0.018750 0.017593
0 0.669792 0.909722 0.018750 0.017593
0 0.670052 0.926389 0.018750 0.017593
0 0.670052 0.943519 0.018750 0.017593
0 0.652344 0.942130 0.018750 0.017593
0 0.651823 0.925926 0.018750 0.017593
0 0.651823 0.908333 0.018750 0.017593
0 0.633594 0.906944 0.018750 0.017593
0 0.633854 0.924074 0.018750 0.017593
0 0.634115 0.941204 0.018750 0.017593
0 0.615104 0.941204 0.018750 0.017593
0 0.615365 0.923611 0.018750 0.017593
0 0.615365 0.906944 0.018750 0.017593
0 0.597396 0.906019 0.018750 0.017593
0 0.597656 0.923148 0.018750 0.017593
0 0.597656 0.939815 0.018750 0.017593
0 0.578906 0.939352 0.018750 0.017593
0 0.578906 0.921759 0.018750 0.017593
0 0.579167 0.904630 0.018750 0.017593
0 0.560937 0.904630 0.018750 0.017593
0 0.561198 0.921296 0.018750 0.017593
0 0.560677 0.938426 0.018750 0.017593
0 0.542448 0.937963 0.018750 0.017593
0 0.542448 0.919907 0.018750 0.017593
0 0.542188 0.903241 0.018750 0.017593
