0 0.165625 0.469907 0.038021 0.087037
0 0.195573 0.466435 0.036979 0.088426
0 0.225000 0.458333 0.035937 0.089815
0 0.254297 0.452546 0.034115 0.088426
0 0.283333 0.446296 0.033333 0.086111
0 0.311719 0.440972 0.031771 0.087500
0 0.340885 0.436111 0.032813 0.086111
0 0.369531 0.431019 0.030729 0.082407
0 0.398958 0.424537 0.030729 0.082407
0 0.426432 0.417593 0.032552 0.081481
0 0.452995 0.416667 0.032552 0.081481
0 0.481771 0.411343 0.036458 0.081019
0 0.508854 0.407176 0.036458 0.081019
0 0.534896 0.398843 0.036458 0.081019
0 0.563281 0.395139 0.036458 0.081019
0 0.591146 0.390741 0.038021 0.079630
0 0.618490 0.383796 0.039583 0.079630
0 0.646484 0.377546 0.041406 0.078241
0 0.645964 0.376620 0.041406 0.078241
0 0.674870 0.373380 0.041406 0.078241
0 0.700911 0.368750 0.041406 0.078241
0 0.728125 0.362963 0.043229 0.077778
0 0.754297 0.358333 0.044531 0.074074
0 0.159505 0.555093 0.039323 0.096296
0 0.148568 0.642130 0.039844 0.100000
0 0.140885 0.741898 0.042708 0.109722
0 0.130859 0.850463 0.043490 0.118519
0 0.188802 0.545602 0.036979 0.088426
0 0.182682 0.636574 0.039323 0.100926
0 0.174479 0.734722 0.041667 0.110185
0 0.166536 0.840741 0.045052 0.122222
0 0.219531 0.539815 0.035937 0.089815
0 0.214583 0.628009 0.038542 0.099537
0 0.207552 0.727315 0.040104 0.108333
0 0.200781 0.834028 0.042188 0.119907
0 0.249479 0.533796 0.034375 0.093519
0 0.244661 0.621991 0.036198 0.100463
0 0.240885 0.719444 0.038021 0.107407
0 0.235807 0.826389 0.040365 0.121296
0 0.280078 0.527546 0.033073 0.091204
0 0.273958 0.712500 0.036979 0.108333
0 0.270703 0.816204 0.037760 0.119444
0 0.310417 0.520602 0.031771 0.087500
0 0.305599 0.702778 0.034115 0.106481
0 0.304818 0.808796 0.035156 0.117593
0 0.339323 0.514352 0.032813 0.086111
0 0.340625 0.695602 0.033854 0.106019
0 0.339974 0.800463 0.035156 0.117593
0 0.371224 0.510185 0.033073 0.089815
0 0.372526 0.688426 0.035156 0.104630
0 0.373177 0.791667 0.035937 0.116667
0 0.400781 0.503472 0.033333 0.087500
0 0.404687 0.680324 0.035937 0.103241
0 0.407682 0.784259 0.039323 0.117593
0 0.429557 0.498148 0.035677 0.088889
0 0.436458 0.674537 0.038021 0.103704
0 0.439974 0.777315 0.042969 0.114815
0 0.458203 0.492824 0.034635 0.086574
0 0.469531 0.667824 0.038021 0.105093
0 0.474479 0.771296 0.042188 0.115741
0 0.485677 0.486343 0.038021 0.085648
0 0.500521 0.661343 0.041146 0.102315
0 0.507422 0.764352 0.044010 0.113889
0 0.514974 0.480093 0.038281 0.085185
0 0.530469 0.656250 0.044792 0.103241
0 0.539062 0.758333 0.048958 0.114815
0 0.543229 0.474537 0.041146 0.086111
0 0.562891 0.648843 0.044010 0.101389
0 0.574479 0.752546 0.046875 0.112500
0 0.573438 0.470833 0.039583 0.086111
0 0.594792 0.644676 0.045833 0.100463
0 0.607552 0.746296 0.049479 0.111111
0 0.602083 0.463889 0.041146 0.084259
0 0.626563 0.638426 0.047396 0.100926
0 0.640885 0.738426 0.050521 0.112037
0 0.628776 0.457639 0.042969 0.084722
0 0.657552 0.631481 0.047396 0.104630
0 0.673568 0.731713 0.049219 0.110648
0 0.659766 0.454630 0.043490 0.082407
0 0.689453 0.626852 0.049219 0.098148
0 0.706380 0.727083 0.050781 0.109722
0 0.687370 0.447917 0.045573 0.082870
0 0.703906 0.528472 0.046875 0.094907
0 0.720052 0.619907 0.050000 0.100926
0 0.738281 0.718750 0.054167 0.109722
0 0.716406 0.442130 0.046875 0.085185
0 0.733464 0.523380 0.048177 0.093056
0 0.751042 0.613194 0.050521 0.103241
0 0.770312 0.713194 0.053646 0.108796
0 0.744401 0.435648 0.046615 0.084259
0 0.762370 0.518750 0.050260 0.090278
0 0.834505 0.698843 0.055469 0.108796
0 0.803646 0.705093 0.055208 0.109259
0 0.773177 0.433333 0.048438 0.086111
0 0.792448 0.513194 0.047917 0.091204
0 0.812109 0.600463 0.054948 0.097222
0 0.811589 0.599537 0.054948 0.097222
