0 0.340495 0.395370 0.020052 0.015741
0 0.357943 0.400000 0.020052 0.015741
0 0.339453 0.406481 0.020052 0.015741
0 0.337240 0.416667 0.019271 0.016667
0 0.335417 0.428009 0.019271 0.016204
0 0.333333 0.439583 0.019271 0.017130
0 0.356380 0.410648 0.020052 0.015741
0 0.354557 0.422222 0.020052 0.015741
0 0.353255 0.432870 0.020052 0.015741
0 0.351172 0.444444 0.020052 0.015741
0 0.390234 0.388194 0.017969 0.018056
0 0.389974 0.397685 0.020052 0.017593
0 0.387760 0.408796 0.019792 0.013889
0 0.416797 0.393519 0.015365 0.015741
0 0.415885 0.405787 0.017188 0.017130
0 0.414583 0.415972 0.017188 0.017130
0 0.441536 0.353472 0.027344 0.026389
0 0.466536 0.364120 0.027344 0.026389
0 0.492057 0.371065 0.027344 0.026389
0 0.515755 0.379398 0.027344 0.026389
0 0.540495 0.389120 0.027344 0.026389
0 0.440755 0.368750 0.027344 0.026389
0 0.466016 0.377546 0.027344 0.026389
0 0.491016 0.386343 0.027344 0.026389
0 0.514974 0.394676 0.027344 0.026389
0 0.539714 0.403935 0.027344 0.026389
0 0.438672 0.384491 0.027344 0.026389
0 0.464193 0.394676 0.027344 0.026389
0 0.489453 0.402083 0.027344 0.026389
0 0.514974 0.410417 0.027344 0.026389
0 0.540104 0.420139 0.026562 0.027315
0 0.437370 0.401620 0.027344 0.026389
0 0.463281 0.409491 0.027604 0.027315
0 0.488542 0.419213 0.027604 0.027315
0 0.513802 0.428009 0.027604 0.027315
0 0.538932 0.435648 0.026302 0.026852
0 0.436328 0.417361 0.027344 0.026389
0 0.462109 0.426620 0.027344 0.026389
0 0.513411 0.444213 0.027344 0.026389
0 0.538672 0.452083 0.027344 0.026389
0 0.434896 0.435185 0.028125 0.027778
0 0.461198 0.442130 0.028125 0.027778
0 0.512760 0.461111 0.028125 0.027778
0 0.538672 0.468750 0.026823 0.027315
0 0.432943 0.452315 0.029427 0.028704
0 0.459766 0.459722 0.029427 0.028704
0 0.512370 0.477778 0.029427 0.028704
0 0.537370 0.484722 0.029427 0.028704
0 0.430859 0.468519 0.029427 0.028704
0 0.458724 0.477778 0.029427 0.028704
0 0.511328 0.497222 0.029427 0.028704
0 0.537500 0.505787 0.028125 0.029167
0 0.428776 0.487037 0.029427 0.028704
0 0.427995 0.505556 0.029427 0.028704
0 0.425911 0.524537 0.030990 0.029630
0 0.423307 0.543519 0.030990 0.029630
0 0.422005 0.564815 0.032552 0.031481
0 0.419661 0.584722 0.032552 0.031481
0 0.417057 0.606481 0.032552 0.031481
0 0.415234 0.628241 0.032552 0.031481
0 0.413021 0.651157 0.033854 0.033796
0 0.410677 0.671991 0.033854 0.033796
0 0.407813 0.696991 0.033854 0.033796
0 0.405729 0.721065 0.033854 0.033796
0 0.403516 0.746296 0.035677 0.036111
0 0.400391 0.772685 0.035677 0.036111
0 0.457161 0.495833 0.029427 0.028704
0 0.455339 0.514352 0.029427 0.028704
0 0.452995 0.533333 0.029427 0.028704
0 0.452214 0.553241 0.029427 0.028704
0 0.450651 0.573843 0.031510 0.030093
0 0.448568 0.594213 0.031510 0.030093
0 0.447005 0.614815 0.032031 0.031481
0 0.445182 0.636574 0.032031 0.031481
0 0.442578 0.659259 0.032031 0.031481
0 0.441276 0.682639 0.032552 0.031944
0 0.439323 0.706713 0.033333 0.033796
0 0.437891 0.731019 0.034115 0.036111
0 0.435417 0.754861 0.034896 0.037500
0 0.433073 0.781481 0.035937 0.037963
0 0.470833 0.715509 0.033854 0.036574
0 0.469010 0.740509 0.033854 0.036574
0 0.467187 0.764583 0.033854 0.036574
0 0.465885 0.791435 0.033854 0.036574
0 0.511328 0.514352 0.029427 0.028704
0 0.509766 0.533796 0.029427 0.028704
0 0.508984 0.551389 0.029427 0.028704
0 0.507943 0.571065 0.029948 0.031019
0 0.507943 0.590972 0.029948 0.031019
0 0.506641 0.613194 0.029948 0.031019
0 0.504948 0.632870 0.031250 0.030556
0 0.504687 0.654630 0.031250 0.030556
0 0.503385 0.676852 0.031771 0.032407
0 0.502344 0.700000 0.031771 0.032407
0 0.501823 0.724537 0.031771 0.032407
0 0.500260 0.748843 0.032813 0.032870
0 0.499479 0.775231 0.032813 0.036574
0 0.497656 0.802083 0.032813 0.036574
0 0.536979 0.523380 0.028125 0.029167
0 0.536979 0.540972 0.028125 0.029167
0 0.536719 0.559954 0.028125 0.029167
0 0.535417 0.579861 0.028125 0.029167
0 0.535417 0.600231 0.028125 0.029167
0 0.534115 0.620139 0.028125 0.029167
0 0.534115 0.641435 0.028125 0.029167
0 0.533464 0.664120 0.029427 0.032870
0 0.532813 0.687731 0.030208 0.032870
0 0.532031 0.710185 0.030729 0.036111
0 0.531771 0.734259 0.030729 0.036111
0 0.530729 0.760185 0.030729 0.036111
0 0.530339 0.784722 0.032031 0.034259
0 0.529818 0.812037 0.032031 0.034259
