0 0.266146 0.231250 0.026042 0.020833
0 0.264583 0.244213 0.026042 0.020833
0 0.262500 0.255787 0.026042 0.020833
0 0.259115 0.270602 0.026042 0.020833
0 0.256510 0.285417 0.026042 0.020833
0 0.287240 0.236806 0.026042 0.020833
0 0.285677 0.250231 0.026042 0.020833
0 0.283594 0.261343 0.026042 0.020833
0 0.281250 0.277083 0.026042 0.020833
0 0.279167 0.290972 0.026042 0.020833
0 0.327995 0.215046 0.025260 0.019907
0 0.326953 0.228472 0.025260 0.019907
0 0.324089 0.243750 0.025260 0.019907
0 0.382161 0.114815 0.039323 0.034259
0 0.380078 0.135648 0.039323 0.034259
0 0.378255 0.156944 0.039323 0.034259
0 0.375391 0.175926 0.039323 0.034259
0 0.374219 0.198843 0.041667 0.038426
0 0.372135 0.218287 0.041667 0.038426
0 0.370312 0.243750 0.041667 0.038426
0 0.366667 0.267824 0.041667 0.038426
0 0.364063 0.293750 0.041667 0.038426
0 0.361068 0.318519 0.047135 0.041667
0 0.358724 0.345833 0.047135 0.041667
0 0.355078 0.369444 0.047135 0.041667
0 0.351172 0.400926 0.047135 0.041667
0 0.347917 0.429167 0.047917 0.043519
0 0.344531 0.458796 0.050521 0.046296
0 0.340625 0.489352 0.050521 0.046296
0 0.336458 0.520833 0.050521 0.046296
0 0.332813 0.555324 0.052604 0.049537
0 0.328906 0.590972 0.052604 0.049537
0 0.324609 0.627083 0.054948 0.050463
0 0.319401 0.665509 0.054948 0.050463
0 0.315625 0.703935 0.057813 0.051389
0 0.418099 0.127778 0.039323 0.034259
0 0.416016 0.147222 0.039323 0.034259
0 0.414193 0.168519 0.039323 0.034259
0 0.413411 0.190741 0.039323 0.034259
0 0.411849 0.211574 0.039323 0.034259
0 0.410807 0.234259 0.039323 0.034259
0 0.408724 0.258333 0.041406 0.038889
0 0.406120 0.280556 0.041406 0.038889
0 0.404167 0.305324 0.043750 0.038426
0 0.401562 0.330787 0.043750 0.038426
0 0.401042 0.357639 0.043750 0.038426
0 0.397526 0.384722 0.045573 0.041667
0 0.393880 0.411111 0.045573 0.041667
0 0.391927 0.441435 0.047917 0.042130
0 0.389062 0.471991 0.047917 0.042130
0 0.386589 0.502315 0.050781 0.043519
0 0.382943 0.533333 0.051823 0.048148
0 0.380859 0.568519 0.051823 0.048148
0 0.376693 0.603241 0.051823 0.048148
0 0.374089 0.639352 0.051823 0.048148
0 0.370703 0.676620 0.054948 0.053241
0 0.366536 0.715972 0.054948 0.053241
0 0.453776 0.140278 0.039323 0.034259
0 0.451693 0.160185 0.039323 0.034259
0 0.451432 0.180556 0.039323 0.034259
0 0.450651 0.202315 0.039323 0.034259
0 0.426042 0.615741 0.052083 0.052778
0 0.422656 0.650926 0.052083 0.052778
0 0.420312 0.688426 0.052083 0.052778
0 0.417448 0.728241 0.052083 0.052778
0 0.488411 0.153241 0.039323 0.034259
0 0.487630 0.172222 0.039323 0.034259
0 0.487109 0.192130 0.039323 0.034259
0 0.486849 0.214352 0.039323 0.034259
0 0.486849 0.237037 0.039323 0.034259
0 0.485547 0.257870 0.039323 0.034259
0 0.484505 0.281019 0.039323 0.034259
0 0.482682 0.304630 0.039323 0.034259
0 0.483203 0.332176 0.041406 0.042130
0 0.481901 0.357639 0.041406 0.042130
0 0.480339 0.382639 0.041406 0.042130
0 0.479297 0.407639 0.041406 0.042130
0 0.478776 0.435417 0.041406 0.042130
0 0.477474 0.466435 0.044010 0.043981
0 0.476953 0.495139 0.044010 0.043981
0 0.475130 0.522917 0.044010 0.043981
0 0.475260 0.557407 0.046354 0.047222
0 0.473177 0.590278 0.046354 0.047222
0 0.472396 0.626620 0.049479 0.051389
0 0.470313 0.658565 0.049479 0.051389
0 0.469271 0.696528 0.050521 0.052315
0 0.467708 0.737500 0.053125 0.053704
0 0.521484 0.161574 0.037240 0.035185
0 0.522526 0.183333 0.037240 0.035185
0 0.521745 0.205093 0.037240 0.035185
0 0.521484 0.225463 0.037240 0.035185
0 0.522005 0.245833 0.037240 0.035185
0 0.521484 0.268519 0.037240 0.035185
0 0.521484 0.290741 0.037240 0.035185
0 0.521094 0.316667 0.039062 0.035185
0 0.520312 0.340278 0.039062 0.035185
0 0.520703 0.365972 0.041406 0.035648
0 0.519401 0.392361 0.041406 0.035648
0 0.520052 0.419213 0.043229 0.038426
0 0.519792 0.446991 0.043229 0.038426
0 0.519010 0.476157 0.043229 0.038426
0 0.519010 0.506713 0.043229 0.042130
0 0.519141 0.535185 0.045052 0.044444
0 0.517839 0.568519 0.045052 0.044444
0 0.518229 0.601157 0.045833 0.046759
0 0.516406 0.636343 0.045833 0.046759
0 0.516797 0.674306 0.046094 0.051389
0 0.516406 0.711343 0.048958 0.056019
0 0.515625 0.751620 0.048958 0.056019
