0 0.236849 0.251620 0.040885 0.154167
0 0.278906 0.251389 0.040104 0.149074
0 0.321484 0.253009 0.040885 0.154167
0 0.364453 0.255787 0.040885 0.154167
0 0.408203 0.258565 0.040885 0.154167
0 0.447005 0.260417 0.040885 0.154167
0 0.501432 0.263426 0.044010 0.151852
0 0.532682 0.260185 0.045573 0.154630
0 0.576042 0.264815 0.044792 0.151852
0 0.237891 0.401389 0.041406 0.147222
0 0.278776 0.400000 0.041406 0.147222
0 0.320964 0.404167 0.041406 0.147222
0 0.361328 0.406944 0.041406 0.147222
0 0.404297 0.408333 0.041406 0.147222
0 0.445964 0.411111 0.041406 0.147222
0 0.486849 0.414815 0.041406 0.147222
0 0.529167 0.416435 0.042708 0.152315
0 0.572917 0.417824 0.045833 0.152315
