0 0.459635 0.179861 0.038542 0.031944
0 0.495312 0.182176 0.038542 0.031944
0 0.531250 0.184491 0.038542 0.031944
0 0.568229 0.185880 0.040104 0.035648
0 0.604948 0.190741 0.039583 0.033333
0 0.456771 0.206944 0.038021 0.032407
0 0.453125 0.235185 0.038021 0.032407
0 0.448958 0.265278 0.039583 0.033333
0 0.445182 0.294213 0.038281 0.035648
0 0.441016 0.324769 0.038281 0.035648
0 0.437109 0.355324 0.040365 0.037500
0 0.433984 0.385880 0.040365 0.037500
0 0.428776 0.416898 0.040365 0.037500
0 0.425521 0.448148 0.040104 0.038889
0 0.421094 0.478935 0.041667 0.039352
0 0.416927 0.512500 0.042708 0.042593
0 0.410807 0.546528 0.044531 0.043981
0 0.407422 0.580787 0.044531 0.043981
0 0.402995 0.615509 0.044531 0.043981
0 0.398177 0.650926 0.044271 0.046296
0 0.392969 0.688426 0.044271 0.046296
0 0.388411 0.724306 0.045052 0.049537
0 0.384375 0.762269 0.045833 0.050463
0 0.378385 0.800231 0.045833 0.050463
0 0.373437 0.838657 0.044792 0.052315
0 0.368750 0.878935 0.044792 0.052315
0 0.491536 0.210185 0.038802 0.034259
0 0.527344 0.214352 0.039583 0.033333
0 0.565104 0.216204 0.041667 0.033333
0 0.602995 0.219444 0.041927 0.034259
0 0.488672 0.239120 0.038802 0.033796
0 0.524740 0.242130 0.042188 0.033333
0 0.561979 0.246759 0.043750 0.035185
0 0.600781 0.250000 0.043750 0.035185
0 0.484245 0.268519 0.039844 0.036111
0 0.520703 0.271991 0.041927 0.035648
0 0.557682 0.276157 0.041927 0.035648
0 0.596745 0.282176 0.041927 0.035648
0 0.480859 0.297685 0.041406 0.035185
0 0.555078 0.307176 0.041927 0.036574
0 0.593880 0.312963 0.041927 0.035185
0 0.476953 0.328935 0.038281 0.035648
0 0.552083 0.338889 0.041667 0.037037
0 0.590495 0.343750 0.042969 0.037500
0 0.473828 0.359954 0.040365 0.037500
0 0.548828 0.370370 0.041927 0.040741
0 0.548047 0.370833 0.040885 0.037963
0 0.587630 0.375231 0.042969 0.039352
0 0.470182 0.390741 0.041927 0.038889
0 0.545443 0.402315 0.041927 0.038889
0 0.583984 0.408796 0.041927 0.038889
0 0.466276 0.423380 0.040365 0.037500
0 0.541927 0.435648 0.041667 0.041667
0 0.580729 0.443056 0.043229 0.039815
0 0.461979 0.455093 0.040104 0.038889
0 0.537891 0.467824 0.043490 0.042130
0 0.577474 0.476157 0.043490 0.042130
0 0.458594 0.488194 0.041667 0.039352
0 0.535547 0.501620 0.043490 0.041204
0 0.574609 0.509028 0.043490 0.041204
0 0.454427 0.519444 0.042708 0.042593
0 0.531250 0.536111 0.042708 0.042593
0 0.570833 0.544213 0.045312 0.043981
0 0.450651 0.553935 0.044531 0.043981
0 0.527734 0.570602 0.044531 0.043981
0 0.568880 0.579398 0.045573 0.047685
0 0.446745 0.588426 0.045052 0.045370
0 0.524740 0.607176 0.044792 0.045833
0 0.565104 0.615278 0.045312 0.047222
0 0.441927 0.623380 0.044271 0.046759
0 0.520052 0.641435 0.044271 0.047685
0 0.561979 0.652778 0.046354 0.048148
0 0.437500 0.659259 0.044271 0.046296
0 0.516146 0.680324 0.045312 0.048611
0 0.558464 0.691667 0.047656 0.051852
0 0.432292 0.695833 0.044271 0.046296
0 0.513021 0.717824 0.044271 0.048611
0 0.554688 0.729167 0.045833 0.049074
0 0.428255 0.733102 0.045052 0.049537
0 0.509245 0.757176 0.045052 0.049537
0 0.551432 0.769444 0.046615 0.052778
0 0.423958 0.772917 0.045833 0.050463
0 0.463802 0.783565 0.045833 0.050463
0 0.506250 0.796991 0.045833 0.050463
0 0.548958 0.808333 0.047396 0.055556
0 0.419141 0.811111 0.046094 0.052778
0 0.460026 0.823611 0.045573 0.052778
0 0.501693 0.837500 0.045573 0.052778
0 0.545443 0.849306 0.046615 0.055093
0 0.414583 0.850694 0.046354 0.054167
0 0.455469 0.864120 0.046875 0.056019
0 0.498177 0.878009 0.046875 0.056019
0 0.541667 0.891898 0.047917 0.056944
0 0.408724 0.891435 0.045052 0.056019
0 0.451302 0.904630 0.048438 0.056481
0 0.494531 0.918981 0.048438 0.056481
0 0.538281 0.934259 0.048438 0.056481
