0 0.355208 0.183102 0.062500 0.046759
0 0.354427 0.225463 0.060937 0.049074
0 0.353906 0.270833 0.063542 0.050000
0 0.352865 0.318519 0.063542 0.050000
0 0.353516 0.367130 0.065885 0.054630
0 0.353516 0.417130 0.065885 0.054630
0 0.352604 0.469907 0.067187 0.057407
0 0.351953 0.523843 0.069531 0.063426
0 0.436198 0.175463 0.062500 0.046296
0 0.435417 0.219907 0.063542 0.050000
0 0.436979 0.265046 0.062500 0.054167
0 0.438021 0.312269 0.062500 0.054167
0 0.439714 0.361111 0.065365 0.054630
0 0.440495 0.411806 0.066927 0.059722
0 0.441016 0.464120 0.069010 0.061574
0 0.441927 0.518056 0.069792 0.063889
0 0.256380 0.652778 0.047656 0.128704
0 0.295312 0.651620 0.046875 0.128241
0 0.335156 0.648148 0.045312 0.128704
0 0.373958 0.646759 0.043750 0.126852
0 0.412109 0.643519 0.042448 0.126852
0 0.450391 0.637963 0.039323 0.128704
0 0.489714 0.635648 0.039323 0.128704
0 0.528125 0.631944 0.042188 0.128704
0 0.566667 0.630787 0.043750 0.125463
0 0.250391 0.786806 0.050781 0.137500
0 0.297005 0.785417 0.048698 0.138426
0 0.329167 0.780324 0.046875 0.138426
0 0.372786 0.775694 0.045573 0.138426
0 0.410938 0.772222 0.045312 0.140741
0 0.451302 0.771065 0.042708 0.140278
0 0.490885 0.769213 0.042708 0.140278
0 0.531250 0.767361 0.042708 0.140278
0 0.571484 0.764583 0.046094 0.140278
