0 0.162109 0.549074 0.067448 0.046296
0 0.151172 0.590278 0.070052 0.051852
0 0.138411 0.632176 0.072656 0.056019
0 0.125130 0.677778 0.072656 0.055556
0 0.217188 0.553935 0.067708 0.050463
0 0.207031 0.594213 0.069792 0.052315
0 0.196094 0.637731 0.073438 0.055093
0 0.183203 0.684722 0.074219 0.057407
0 0.169141 0.733333 0.074740 0.059259
0 0.273307 0.556944 0.067448 0.049074
0 0.264714 0.599306 0.069531 0.050463
0 0.254688 0.643519 0.070312 0.054630
0 0.237630 0.722917 0.074740 0.059722
0 0.226172 0.772917 0.077344 0.064352
0 0.213281 0.828241 0.079167 0.066667
0 0.331250 0.560880 0.067708 0.051389
0 0.323177 0.603241 0.069792 0.051852
0 0.315755 0.648148 0.071615 0.053704
0 0.300000 0.729167 0.073958 0.060185
0 0.291406 0.780093 0.076042 0.066667
0 0.281380 0.834259 0.077865 0.066667
0 0.389583 0.564352 0.066146 0.050000
0 0.382682 0.607176 0.069531 0.052315
0 0.376042 0.652315 0.070312 0.056481
0 0.364453 0.734259 0.073698 0.059259
0 0.356641 0.787500 0.076302 0.064815
0 0.348438 0.841667 0.078646 0.069444
0 0.448437 0.567824 0.066146 0.050463
0 0.444141 0.612037 0.067969 0.054630
0 0.438802 0.656250 0.070833 0.056944
0 0.428516 0.740046 0.074740 0.060648
0 0.423177 0.794907 0.075521 0.066667
0 0.416797 0.850231 0.077865 0.071759
0 0.508724 0.571528 0.066406 0.051389
0 0.505599 0.615278 0.068490 0.055556
0 0.501823 0.661806 0.069792 0.058796
0 0.495573 0.745833 0.072917 0.063889
0 0.491536 0.799074 0.074740 0.070370
0 0.487240 0.857407 0.077604 0.071296
0 0.570443 0.575463 0.065885 0.056481
0 0.568229 0.620370 0.067187 0.056481
0 0.566536 0.667361 0.070573 0.059722
0 0.563151 0.752315 0.072656 0.066667
0 0.561198 0.806944 0.075000 0.069444
0 0.559505 0.865046 0.077344 0.074537
0 0.632943 0.581019 0.066927 0.054630
0 0.633464 0.624306 0.069010 0.058796
0 0.633073 0.674306 0.070312 0.060648
0 0.632812 0.758565 0.075000 0.065278
0 0.633203 0.815278 0.077344 0.071296
0 0.633724 0.873380 0.078906 0.076389
0 0.713411 0.542593 0.073177 0.053704
0 0.715885 0.589815 0.075521 0.059259
0 0.718099 0.640278 0.078385 0.062037
0 0.721875 0.717593 0.082292 0.068519
0 0.724740 0.776157 0.083854 0.072685
0 0.727995 0.838426 0.087240 0.075926
0 0.782813 0.545833 0.077604 0.053704
0 0.786328 0.592824 0.080990 0.058796
0 0.791016 0.643056 0.083594 0.061111
0 0.798828 0.723843 0.087240 0.068981
0 0.803776 0.782639 0.091927 0.075463
0 0.809635 0.845833 0.093750 0.076852
0 0.853125 0.548611 0.081771 0.054630
0 0.859635 0.596065 0.084896 0.056944
0 0.865495 0.648148 0.086719 0.062037
0 0.877214 0.729167 0.090885 0.070370
0 0.885417 0.790509 0.094271 0.075463
0 0.893620 0.855093 0.095573 0.079630
