0 0.462760 0.154630 0.039583 0.031481
0 0.498698 0.156944 0.039583 0.031481
0 0.536849 0.158333 0.040885 0.032407
0 0.573047 0.159722 0.040885 0.032407
0 0.611719 0.163657 0.040625 0.033796
0 0.459375 0.182407 0.039583 0.031481
0 0.495573 0.184954 0.040625 0.033796
0 0.532552 0.189583 0.040625 0.033796
0 0.569792 0.190972 0.040625 0.033796
0 0.608854 0.194907 0.041667 0.032407
0 0.455729 0.212269 0.041667 0.032870
0 0.452734 0.242130 0.040885 0.035185
0 0.447526 0.272222 0.040885 0.035185
0 0.444271 0.301620 0.040625 0.037500
0 0.439844 0.332639 0.040625 0.037500
0 0.435937 0.363194 0.040625 0.037500
0 0.432031 0.394676 0.040625 0.037500
0 0.427344 0.428009 0.040625 0.037500
0 0.423438 0.459954 0.040625 0.037500
0 0.419141 0.492593 0.042448 0.041667
0 0.414714 0.527315 0.042448 0.041667
0 0.410417 0.562037 0.043229 0.042593
0 0.405208 0.596991 0.043229 0.045833
0 0.400000 0.634491 0.043229 0.045833
0 0.396094 0.670370 0.044271 0.046296
0 0.390365 0.707407 0.043229 0.045370
0 0.386068 0.746065 0.046615 0.051389
0 0.379948 0.785185 0.047396 0.052778
0 0.375521 0.826389 0.047396 0.052778
0 0.369792 0.865278 0.047396 0.052778
0 0.492708 0.215972 0.041667 0.032870
0 0.529427 0.218287 0.041667 0.032870
0 0.567448 0.221296 0.042708 0.033333
0 0.606250 0.225000 0.042708 0.035185
0 0.488411 0.244676 0.040365 0.035648
0 0.525521 0.246759 0.042188 0.034259
0 0.563281 0.251852 0.042188 0.034259
0 0.603516 0.257407 0.042969 0.037037
0 0.484245 0.274537 0.040885 0.035185
0 0.561979 0.285648 0.042188 0.037963
0 0.599479 0.287500 0.042188 0.037963
0 0.480208 0.305787 0.040625 0.037500
0 0.557682 0.314583 0.042969 0.039352
0 0.595964 0.321528 0.042969 0.039352
0 0.476042 0.339120 0.040625 0.037500
0 0.554036 0.347454 0.042969 0.039352
0 0.592839 0.353935 0.042969 0.039352
0 0.472786 0.369213 0.042448 0.036574
0 0.550391 0.380324 0.044531 0.039352
0 0.590495 0.384954 0.044531 0.039352
0 0.469792 0.402546 0.041667 0.040278
0 0.549609 0.413657 0.044010 0.041204
0 0.586849 0.419213 0.044010 0.041204
0 0.464844 0.434028 0.040625 0.037500
0 0.543099 0.447917 0.042969 0.041204
0 0.583724 0.454861 0.042969 0.041204
0 0.460807 0.467361 0.042448 0.041204
0 0.538672 0.482639 0.042448 0.041204
0 0.580729 0.487731 0.044792 0.043056
0 0.457422 0.501389 0.042448 0.041667
0 0.535286 0.515741 0.044010 0.044444
0 0.576693 0.522917 0.044010 0.045833
0 0.452734 0.535648 0.042448 0.041667
0 0.532682 0.551389 0.046615 0.045370
0 0.573568 0.559259 0.046615 0.045370
0 0.448177 0.569444 0.043229 0.042593
0 0.528906 0.587037 0.044271 0.049074
0 0.570312 0.594213 0.046875 0.048611
0 0.444531 0.607639 0.043229 0.045833
0 0.524740 0.625000 0.045833 0.044444
0 0.567448 0.633796 0.046354 0.050000
0 0.439714 0.642593 0.042969 0.045370
0 0.439193 0.641667 0.042969 0.045370
0 0.521615 0.661806 0.045833 0.049537
0 0.563411 0.672454 0.046094 0.052315
0 0.435156 0.679167 0.045312 0.046296
0 0.518099 0.700694 0.047656 0.053241
0 0.561068 0.710417 0.047656 0.053241
0 0.430599 0.718056 0.043490 0.049074
0 0.514974 0.740741 0.048698 0.055556
0 0.557422 0.751852 0.048698 0.055556
0 0.425651 0.756713 0.046615 0.051389
0 0.467839 0.770139 0.046615 0.051389
0 0.510938 0.781481 0.047917 0.054630
0 0.554427 0.792593 0.047917 0.054630
0 0.421875 0.796065 0.046354 0.053241
0 0.463542 0.807176 0.046354 0.053241
0 0.464323 0.810417 0.046354 0.053241
0 0.507161 0.822454 0.047656 0.056944
0 0.506641 0.821528 0.047656 0.056944
0 0.550911 0.835417 0.047656 0.056944
0 0.416406 0.837500 0.048958 0.054630
0 0.459115 0.850463 0.048958 0.054630
0 0.502344 0.863426 0.048958 0.054630
0 0.499219 0.906944 0.048958 0.054630
0 0.548047 0.877315 0.049740 0.056481
0 0.411458 0.878241 0.047917 0.057407
0 0.454948 0.892130 0.047917 0.057407
0 0.498177 0.906944 0.047917 0.057407
0 0.543359 0.922454 0.050260 0.056944
