0 0.287630 0.381944 0.023177 0.018519
0 0.285156 0.392593 0.023958 0.020370
0 0.282292 0.404630 0.023958 0.020370
0 0.279687 0.418981 0.025521 0.019444
0 0.277865 0.431944 0.025521 0.019444
0 0.308464 0.386574 0.023177 0.018519
0 0.305078 0.398611 0.023177 0.018519
0 0.303385 0.410648 0.025000 0.019444
0 0.301563 0.423148 0.025000 0.019444
0 0.299479 0.436574 0.025000 0.019444
0 0.346615 0.367593 0.023438 0.020370
0 0.344792 0.379167 0.023438 0.020370
0 0.342839 0.390278 0.024219 0.012963
0 0.371745 0.373843 0.005469 0.014352
0 0.370312 0.384954 0.005729 0.016204
0 0.368229 0.398843 0.005729 0.016204
0 0.402734 0.275694 0.036719 0.031019
0 0.399870 0.292824 0.036719 0.031019
0 0.397526 0.310880 0.036719 0.031019
0 0.395443 0.329398 0.036719 0.031019
0 0.394141 0.348843 0.036719 0.031019
0 0.392318 0.370833 0.038281 0.034259
0 0.389714 0.389815 0.038281 0.034259
0 0.387370 0.411111 0.039844 0.034259
0 0.384635 0.432870 0.040625 0.036111
0 0.381901 0.454167 0.041406 0.037037
0 0.378255 0.479167 0.041406 0.037037
0 0.376042 0.504167 0.043229 0.037963
0 0.371875 0.530093 0.046354 0.039815
0 0.369531 0.556481 0.045312 0.042593
0 0.365625 0.584259 0.045312 0.042593
0 0.363021 0.612500 0.047917 0.042593
0 0.359375 0.642130 0.047917 0.042593
0 0.350130 0.705093 0.048698 0.045370
0 0.354427 0.673148 0.047917 0.042593
0 0.346615 0.738889 0.051042 0.048148
0 0.341406 0.773611 0.051042 0.048148
0 0.338151 0.810185 0.053906 0.050000
0 0.435026 0.286806 0.036198 0.033796
0 0.433724 0.306713 0.036198 0.033796
0 0.431901 0.324306 0.036198 0.033796
0 0.430078 0.341898 0.036198 0.033796
0 0.428776 0.360185 0.037240 0.036111
0 0.427995 0.380093 0.037240 0.036111
0 0.425130 0.404630 0.037240 0.036111
0 0.423307 0.424074 0.037240 0.036111
0 0.421224 0.445370 0.037240 0.036111
0 0.419792 0.468519 0.041146 0.037963
0 0.416927 0.491204 0.041146 0.037963
0 0.414323 0.516667 0.041146 0.037963
0 0.412240 0.541898 0.042188 0.038426
0 0.410156 0.567593 0.043229 0.038889
0 0.406510 0.594676 0.045312 0.040278
0 0.403646 0.624074 0.047396 0.043519
0 0.401562 0.653935 0.047917 0.048611
0 0.399089 0.685185 0.048698 0.044444
0 0.395964 0.715741 0.048698 0.046296
0 0.392057 0.751389 0.048698 0.046296
0 0.388672 0.787500 0.050781 0.051852
0 0.385026 0.823148 0.052344 0.052778
0 0.467448 0.299306 0.034375 0.031944
0 0.465885 0.315972 0.034375 0.031944
0 0.464844 0.335417 0.034375 0.031944
0 0.464062 0.356250 0.035937 0.033796
0 0.439453 0.730093 0.048698 0.046296
0 0.436979 0.763657 0.048958 0.050463
0 0.435417 0.796528 0.048958 0.050463
0 0.432422 0.835880 0.050260 0.053241
0 0.499479 0.309491 0.034375 0.031944
0 0.498177 0.327546 0.034375 0.031944
0 0.497917 0.345602 0.034375 0.031944
0 0.496875 0.364583 0.034375 0.031944
0 0.496615 0.383102 0.034375 0.031944
0 0.494922 0.405556 0.036198 0.033333
0 0.494922 0.423148 0.036198 0.033333
0 0.494141 0.445833 0.036198 0.033333
0 0.493490 0.467361 0.037500 0.032870
0 0.492708 0.490509 0.037500 0.032870
0 0.491927 0.514120 0.037500 0.032870
0 0.491536 0.538426 0.038802 0.037963
0 0.489453 0.565741 0.040365 0.038889
0 0.489453 0.590741 0.040365 0.038889
0 0.489063 0.618056 0.042708 0.043519
0 0.487500 0.647222 0.042708 0.043519
0 0.486198 0.677315 0.042708 0.043519
0 0.484375 0.708333 0.043750 0.044444
0 0.483203 0.740278 0.046094 0.047222
0 0.481901 0.772685 0.046094 0.047222
0 0.480078 0.808796 0.046094 0.047222
0 0.479818 0.847917 0.048177 0.050463
0 0.530469 0.319213 0.034375 0.031944
0 0.530469 0.337269 0.034375 0.031944
0 0.530990 0.354861 0.034375 0.031944
0 0.529427 0.375231 0.034375 0.031944
0 0.529687 0.395139 0.034375 0.031944
0 0.529687 0.417361 0.034375 0.031944
0 0.529167 0.435417 0.034375 0.031944
0 0.529557 0.456713 0.036719 0.032870
0 0.528516 0.477778 0.036719 0.036111
0 0.528255 0.499537 0.036719 0.036111
0 0.528516 0.525694 0.039844 0.036574
0 0.529297 0.549306 0.039844 0.036574
0 0.527474 0.575231 0.039844 0.036574
0 0.527474 0.602315 0.040885 0.039815
0 0.527995 0.631019 0.040885 0.039815
0 0.526953 0.658796 0.040885 0.039815
0 0.526823 0.688194 0.042188 0.037500
0 0.527083 0.719213 0.043750 0.043981
0 0.526172 0.752083 0.045052 0.046759
0 0.526172 0.786343 0.045052 0.046759
0 0.524870 0.820139 0.045052 0.046759
0 0.525130 0.859954 0.046094 0.047685
