0 0.671875 0.850926 0.077604 0.217593
0 0.604167 0.850000 0.077604 0.217593
0 0.533333 0.846296 0.077604 0.217593
0 0.472135 0.841204 0.077604 0.217593
0 0.410938 0.841667 0.077604 0.217593
0 0.426042 0.640278 0.077604 0.217593
0 0.488021 0.639352 0.077604 0.217593
0 0.538802 0.643056 0.077604 0.217593
0 0.600781 0.646759 0.077604 0.217593
0 0.659635 0.651852 0.077604 0.217593
0 0.545443 0.489815 0.067969 0.183333
0 0.494661 0.484259 0.067969 0.183333
0 0.440885 0.477315 0.065104 0.167593
0 0.450911 0.334491 0.051823 0.141204
0 0.501172 0.342824 0.051823 0.141204
0 0.548047 0.345139 0.051823 0.141204
