0 0.475651 0.822685 0.074219 0.176852
0 0.522786 0.828704 0.074219 0.176852
0 0.574870 0.835648 0.074219 0.176852
0 0.623828 0.843056 0.074219 0.176852
0 0.673568 0.843056 0.074219 0.176852
0 0.675651 0.683796 0.074219 0.176852
0 0.628255 0.678241 0.074219 0.176852
0 0.582682 0.666667 0.074219 0.176852
0 0.537370 0.665741 0.074219 0.176852
0 0.491276 0.652315 0.074219 0.176852
0 0.493880 0.508796 0.074219 0.176852
0 0.536328 0.512500 0.074219 0.176852
0 0.574349 0.506019 0.074219 0.176852
0 0.580339 0.387037 0.074219 0.176852
0 0.547266 0.386111 0.074219 0.176852
0 0.502995 0.372685 0.074219 0.176852
