0 0.579036 0.691204 0.112760 0.101852
0 0.575911 0.610185 0.112760 0.101852
0 0.570182 0.552315 0.112760 0.101852
0 0.568880 0.492593 0.112760 0.101852
0 0.566536 0.433796 0.112760 0.101852
0 0.472786 0.421296 0.112760 0.101852
0 0.467839 0.468981 0.112760 0.101852
0 0.469141 0.532870 0.112760 0.101852
0 0.468620 0.594444 0.112760 0.101852
0 0.470182 0.665278 0.112760 0.101852
0 0.360286 0.660648 0.112760 0.101852
0 0.247786 0.651852 0.112760 0.101852
0 0.258724 0.577778 0.112760 0.101852
0 0.264714 0.512037 0.112760 0.101852
0 0.363672 0.580556 0.112760 0.101852
0 0.367057 0.519444 0.112760 0.101852
