0 0.575130 0.787037 0.069531 0.157407
0 0.515234 0.781481 0.069531 0.157407
0 0.460547 0.790741 0.069531 0.157407
0 0.470573 0.644907 0.067708 0.143519
0 0.514844 0.647222 0.067708 0.143519
0 0.571094 0.650926 0.067708 0.143519
0 0.563281 0.537269 0.060937 0.123611
0 0.516667 0.535417 0.060937 0.123611
0 0.473177 0.535417 0.060937 0.123611
0 0.425781 0.535880 0.060937 0.123611
0 0.381510 0.532639 0.060937 0.123611
0 0.392057 0.443519 0.055990 0.101852
0 0.431901 0.435648 0.055990 0.101852
0 0.471745 0.439352 0.055990 0.101852
0 0.518099 0.439815 0.055990 0.101852
0 0.556901 0.438194 0.053906 0.103241
