0 0.458594 0.643750 0.130729 0.094907
0 0.470313 0.559028 0.130729 0.094907
0 0.476823 0.492361 0.130729 0.094907
0 0.485938 0.431713 0.130729 0.094907
0 0.489063 0.373843 0.130729 0.094907
0 0.586719 0.371528 0.130729 0.094907
0 0.578385 0.429861 0.130729 0.094907
0 0.577344 0.496065 0.130729 0.094907
0 0.576823 0.563194 0.130729 0.094907
0 0.578125 0.637731 0.130729 0.094907
0 0.686979 0.475694 0.130729 0.094907
0 0.684635 0.420139 0.130729 0.094907
0 0.688542 0.356713 0.130729 0.094907
0 0.786198 0.337269 0.130729 0.094907
0 0.794271 0.404398 0.130729 0.094907
0 0.808073 0.477546 0.130729 0.094907
