0 0.422135 0.894444 0.055208 0.185185
0 0.417708 0.737500 0.055208 0.185185
0 0.417187 0.595370 0.055208 0.185185
0 0.415365 0.456481 0.055208 0.185185
0 0.453125 0.450926 0.055208 0.185185
0 0.461719 0.570370 0.055208 0.185185
0 0.466406 0.725926 0.055208 0.185185
0 0.469792 0.887037 0.055208 0.185185
0 0.517448 0.881481 0.055208 0.185185
0 0.511719 0.710185 0.055208 0.185185
0 0.500781 0.569444 0.055208 0.185185
0 0.500260 0.441204 0.055208 0.185185
0 0.557813 0.712500 0.055208 0.185185
0 0.565625 0.876852 0.055208 0.185185
0 0.615365 0.871296 0.055208 0.185185
0 0.602344 0.716667 0.055208 0.185185
