0 0.817187 0.598843 0.056771 0.036574
0 0.810937 0.565046 0.056771 0.036574
0 0.804688 0.534954 0.056771 0.036574
0 0.798958 0.504398 0.056771 0.036574
0 0.793750 0.478009 0.056771 0.036574
0 0.791927 0.450694 0.056771 0.036574
0 0.738542 0.451157 0.056771 0.036574
0 0.743229 0.480787 0.056771 0.036574
0 0.745313 0.506250 0.056771 0.036574
0 0.747135 0.533565 0.056771 0.036574
0 0.752604 0.565046 0.056771 0.036574
0 0.756771 0.596065 0.056771 0.036574
0 0.709115 0.595139 0.056771 0.036574
0 0.705469 0.563657 0.056771 0.036574
0 0.703906 0.530324 0.056771 0.036574
0 0.700000 0.502083 0.056771 0.036574
0 0.696875 0.475694 0.056771 0.036574
0 0.695573 0.447454 0.056771 0.036574
0 0.646094 0.446528 0.056771 0.036574
0 0.643750 0.474769 0.056771 0.036574
0 0.647656 0.505324 0.056771 0.036574
0 0.649479 0.531250 0.056771 0.036574
0 0.650521 0.564583 0.056771 0.036574
0 0.653906 0.594213 0.056771 0.036574
0 0.585938 0.581019 0.047917 0.034259
0 0.586979 0.553241 0.047917 0.034259
0 0.585156 0.528241 0.047917 0.034259
0 0.585417 0.501389 0.047917 0.034259
0 0.586198 0.477778 0.047917 0.034259
0 0.585938 0.453704 0.047917 0.034259
0 0.585417 0.429630 0.047917 0.034259
0 0.585417 0.407407 0.047917 0.034259
0 0.544010 0.388889 0.042188 0.031481
0 0.542708 0.410648 0.042188 0.031481
0 0.542188 0.429630 0.042188 0.031481
0 0.541146 0.450926 0.042188 0.031481
0 0.541146 0.474537 0.042188 0.031481
0 0.540625 0.495370 0.042188 0.031481
0 0.541927 0.520370 0.042188 0.031481
0 0.540625 0.548148 0.042188 0.031481
0 0.495052 0.542593 0.042188 0.031481
0 0.496615 0.516667 0.042188 0.031481
0 0.498698 0.494444 0.042188 0.031481
0 0.500260 0.471759 0.042188 0.031481
0 0.501042 0.449074 0.042188 0.031481
0 0.500521 0.432870 0.042188 0.031481
0 0.504167 0.406019 0.042188 0.031481
0 0.503906 0.387500 0.042188 0.031481
