0 0.750000 0.498611 0.071354 0.052778
0 0.742969 0.455093 0.071354 0.052778
0 0.735938 0.416667 0.071354 0.052778
0 0.735677 0.381944 0.071354 0.052778
0 0.732031 0.348611 0.071354 0.052778
0 0.727083 0.311574 0.071354 0.052778
0 0.665885 0.311111 0.071354 0.052778
0 0.664583 0.342130 0.071354 0.052778
0 0.668490 0.379630 0.071354 0.052778
0 0.666927 0.419444 0.071354 0.052778
0 0.671875 0.453704 0.071354 0.052778
0 0.678125 0.493981 0.071354 0.052778
0 0.616927 0.492130 0.071354 0.052778
0 0.614844 0.455556 0.071354 0.052778
0 0.614062 0.417593 0.071354 0.052778
0 0.612240 0.381019 0.071354 0.052778
0 0.610417 0.345833 0.071354 0.052778
0 0.608073 0.309722 0.071354 0.052778
0 0.552083 0.306944 0.071354 0.052778
0 0.548177 0.340741 0.071354 0.052778
0 0.550521 0.379167 0.071354 0.052778
0 0.549740 0.420370 0.071354 0.052778
0 0.550260 0.454630 0.071354 0.052778
0 0.551562 0.487500 0.071354 0.052778
0 0.476562 0.471296 0.056771 0.049074
0 0.477865 0.437037 0.056771 0.049074
0 0.480208 0.404167 0.056771 0.049074
0 0.482812 0.375000 0.056771 0.049074
0 0.484896 0.342593 0.056771 0.049074
0 0.487240 0.313889 0.056771 0.049074
0 0.487240 0.284259 0.056771 0.049074
0 0.488932 0.259028 0.053385 0.038426
0 0.441536 0.231250 0.053385 0.038426
0 0.438672 0.259028 0.053385 0.038426
0 0.434505 0.283102 0.053385 0.038426
0 0.433203 0.312731 0.053385 0.038426
0 0.431380 0.339583 0.053385 0.038426
0 0.427474 0.369676 0.053385 0.038426
0 0.424349 0.396528 0.053385 0.038426
0 0.421224 0.434028 0.053385 0.038426
0 0.368880 0.423380 0.053385 0.038426
0 0.372786 0.392361 0.053385 0.038426
0 0.375911 0.364120 0.053385 0.038426
0 0.381380 0.335417 0.053385 0.038426
0 0.383984 0.308102 0.053385 0.038426
0 0.386849 0.282176 0.053385 0.038426
0 0.390495 0.258102 0.053385 0.038426
0 0.392839 0.230787 0.053385 0.038426
