0 0.809375 0.407639 0.019792 0.041204
0 0.821875 0.405324 0.019792 0.041204
0 0.834896 0.403472 0.019792 0.041204
0 0.848698 0.403009 0.019792 0.041204
0 0.860677 0.401157 0.019792 0.041204
0 0.815104 0.446991 0.019271 0.043056
0 0.828906 0.444907 0.020833 0.042593
0 0.841406 0.443981 0.020833 0.042593
0 0.855208 0.441667 0.020833 0.042593
0 0.868229 0.440741 0.020833 0.042593
0 0.858724 0.496296 0.020573 0.046296
0 0.873307 0.494907 0.022656 0.046296
0 0.887109 0.491667 0.022656 0.046296
0 0.871745 0.567361 0.022656 0.049537
0 0.886458 0.565741 0.022396 0.048148
0 0.901042 0.563426 0.022396 0.048148
0 0.283984 0.495370 0.026823 0.077778
0 0.307422 0.493750 0.026823 0.079167
0 0.330339 0.489120 0.026823 0.079167
0 0.354557 0.486343 0.026823 0.079167
0 0.375651 0.485417 0.026823 0.079167
0 0.400651 0.482639 0.026823 0.079167
0 0.422786 0.477083 0.026823 0.079167
0 0.445964 0.476620 0.026823 0.079167
0 0.468880 0.474769 0.026823 0.079167
0 0.491276 0.471065 0.026823 0.079167
0 0.513151 0.467824 0.026823 0.079167
0 0.536068 0.465046 0.026823 0.079167
0 0.559375 0.461806 0.028646 0.077315
0 0.582031 0.458102 0.028646 0.077315
0 0.604948 0.455324 0.028646 0.077315
0 0.627865 0.453009 0.030208 0.079167
0 0.650521 0.449769 0.030208 0.079167
0 0.673698 0.446759 0.032292 0.078704
0 0.696615 0.442130 0.034375 0.075926
0 0.719401 0.440278 0.032552 0.075000
0 0.742448 0.437500 0.031250 0.078704
0 0.765234 0.433565 0.032552 0.077315
0 0.281901 0.570139 0.027865 0.081944
0 0.305078 0.567361 0.027865 0.081944
0 0.330339 0.563657 0.027865 0.081944
0 0.353516 0.562269 0.027865 0.081944
0 0.377734 0.558102 0.027865 0.081944
0 0.401432 0.555324 0.027865 0.081944
0 0.424870 0.552546 0.027865 0.081944
0 0.446745 0.550231 0.027865 0.081944
0 0.470964 0.546528 0.027865 0.081944
0 0.494010 0.543519 0.027083 0.078704
0 0.516536 0.540972 0.027865 0.080093
0 0.539453 0.537731 0.027865 0.080093
0 0.564193 0.534954 0.027865 0.080093
0 0.587109 0.530556 0.028906 0.079630
0 0.610026 0.530093 0.028906 0.079630
0 0.633333 0.527546 0.030729 0.081019
0 0.657943 0.523611 0.030990 0.078704
0 0.680599 0.520833 0.032031 0.078704
0 0.703255 0.515972 0.033073 0.081019
0 0.726953 0.514583 0.033073 0.081019
0 0.750911 0.510880 0.033073 0.081019
0 0.774349 0.508102 0.033073 0.081019
0 0.279557 0.650000 0.028906 0.086111
0 0.303255 0.647222 0.028906 0.086111
0 0.327734 0.643981 0.028906 0.086111
0 0.353255 0.640278 0.028906 0.086111
0 0.711849 0.592824 0.033594 0.083796
0 0.735938 0.590046 0.032813 0.081944
0 0.759245 0.586343 0.034115 0.082870
0 0.783724 0.584028 0.034115 0.082870
0 0.277734 0.734028 0.029427 0.091204
0 0.303516 0.729398 0.029427 0.091204
0 0.327734 0.728009 0.029427 0.091204
0 0.351432 0.723380 0.029427 0.091204
0 0.377474 0.721528 0.029427 0.091204
0 0.401953 0.716435 0.029427 0.091204
0 0.427734 0.713194 0.029427 0.091204
0 0.450651 0.709954 0.029427 0.091204
0 0.476693 0.706250 0.029427 0.091204
0 0.499870 0.702546 0.029427 0.091204
0 0.524609 0.699306 0.029427 0.091204
0 0.548568 0.696528 0.029427 0.091204
0 0.572917 0.693750 0.032292 0.089352
0 0.597917 0.689583 0.032292 0.089352
0 0.623177 0.687269 0.032292 0.089352
0 0.646354 0.683102 0.033854 0.087500
0 0.671875 0.680324 0.033854 0.087500
0 0.695052 0.678009 0.033854 0.087500
0 0.720313 0.674306 0.033854 0.087500
0 0.745052 0.670602 0.033854 0.087500
0 0.768490 0.666898 0.033854 0.087500
0 0.793620 0.663889 0.035677 0.086111
0 0.276953 0.820139 0.029427 0.091204
0 0.302995 0.815972 0.029427 0.091204
0 0.327734 0.813657 0.029427 0.091204
0 0.353255 0.809491 0.029427 0.091204
0 0.377995 0.805787 0.029427 0.091204
0 0.402734 0.801620 0.029427 0.091204
0 0.428776 0.799306 0.029427 0.091204
0 0.452995 0.796991 0.029427 0.091204
0 0.478255 0.790972 0.029427 0.091204
0 0.503385 0.788194 0.031250 0.094907
0 0.528906 0.785417 0.031250 0.094907
0 0.553646 0.783102 0.031250 0.094907
0 0.579167 0.778009 0.032292 0.093056
0 0.604427 0.776157 0.032292 0.093056
0 0.628906 0.772454 0.034896 0.092130
0 0.655469 0.769676 0.034896 0.092130
0 0.678385 0.765046 0.034896 0.092130
0 0.704688 0.762731 0.034896 0.092130
0 0.729297 0.758796 0.036198 0.087963
0 0.754818 0.754630 0.036198 0.087963
0 0.779818 0.751852 0.036719 0.089815
0 0.803776 0.748611 0.036719 0.089815
