0 0.142839 0.532407 0.026823 0.080556
0 0.165495 0.527778 0.026823 0.080556
0 0.188932 0.522685 0.026823 0.080556
0 0.212370 0.517593 0.026823 0.080556
0 0.235286 0.515278 0.026823 0.080556
0 0.257161 0.509722 0.026823 0.080556
0 0.280339 0.502778 0.026823 0.080556
0 0.303516 0.498611 0.026823 0.080556
0 0.326432 0.495833 0.026823 0.080556
0 0.348047 0.490278 0.026823 0.080556
0 0.371224 0.484259 0.026823 0.080556
0 0.392839 0.481944 0.026823 0.080556
0 0.415495 0.475000 0.026823 0.080556
0 0.437109 0.472222 0.026823 0.080556
0 0.459245 0.465741 0.026823 0.080556
0 0.480599 0.462500 0.026823 0.080556
0 0.502474 0.457870 0.026823 0.080556
0 0.524089 0.452546 0.028385 0.079167
0 0.545964 0.446065 0.028385 0.079167
0 0.567187 0.443287 0.030208 0.079167
0 0.588802 0.437269 0.030208 0.079167
0 0.610417 0.431250 0.030208 0.079167
0 0.142839 0.608796 0.026823 0.084259
0 0.165755 0.603704 0.026823 0.084259
0 0.190234 0.599537 0.026823 0.084259
0 0.212370 0.593056 0.026823 0.084259
0 0.236849 0.589815 0.026823 0.084259
0 0.258984 0.581944 0.026823 0.084259
0 0.281901 0.578704 0.026823 0.084259
0 0.305339 0.573611 0.026823 0.084259
0 0.328516 0.569444 0.026823 0.084259
0 0.351693 0.564352 0.026823 0.084259
0 0.374089 0.560185 0.026823 0.084259
0 0.396745 0.554167 0.026823 0.084259
0 0.419922 0.550926 0.026823 0.084259
0 0.441536 0.543981 0.026823 0.084259
0 0.464193 0.539352 0.026823 0.084259
0 0.485807 0.536574 0.026823 0.084259
0 0.508854 0.530556 0.028125 0.081481
0 0.529687 0.524537 0.029687 0.082407
0 0.551302 0.518981 0.029687 0.082407
0 0.573177 0.513889 0.031771 0.082407
0 0.595573 0.509259 0.031771 0.082407
0 0.617708 0.506019 0.031771 0.082407
0 0.143490 0.689583 0.028125 0.091204
0 0.166927 0.684954 0.028125 0.091204
0 0.190625 0.679861 0.028125 0.091204
0 0.213281 0.674306 0.028125 0.091204
0 0.558464 0.593981 0.030990 0.083333
0 0.580078 0.588889 0.030990 0.083333
0 0.602995 0.583333 0.030990 0.083333
0 0.625391 0.578704 0.030990 0.083333
0 0.143490 0.771528 0.028125 0.091204
0 0.166667 0.766898 0.028125 0.091204
0 0.192188 0.760880 0.028125 0.091204
0 0.215365 0.755787 0.028125 0.091204
0 0.239323 0.751620 0.028125 0.091204
0 0.263281 0.746065 0.028125 0.091204
0 0.287500 0.738194 0.028125 0.091204
0 0.310417 0.732639 0.028125 0.091204
0 0.335677 0.727083 0.028125 0.091204
0 0.358073 0.723843 0.028125 0.091204
0 0.382031 0.716898 0.028125 0.091204
0 0.405469 0.709028 0.030729 0.090278
0 0.427865 0.703935 0.030729 0.090278
0 0.451042 0.699306 0.030729 0.090278
0 0.474219 0.693287 0.030729 0.090278
0 0.497135 0.688657 0.030729 0.090278
0 0.520833 0.681713 0.030729 0.090278
0 0.543229 0.677546 0.030729 0.090278
0 0.565365 0.673380 0.030729 0.090278
0 0.587891 0.668981 0.033073 0.090741
0 0.610807 0.663426 0.033073 0.090741
0 0.633724 0.657870 0.033073 0.090741
0 0.143229 0.858102 0.028646 0.094907
0 0.168229 0.852083 0.028646 0.094907
0 0.192969 0.845139 0.028646 0.094907
0 0.217708 0.842824 0.028646 0.094907
0 0.241667 0.834954 0.028646 0.094907
0 0.264583 0.828935 0.028646 0.094907
0 0.288802 0.823380 0.028646 0.094907
0 0.314063 0.818287 0.028646 0.094907
0 0.362500 0.808102 0.028646 0.094907
0 0.337760 0.812731 0.028646 0.094907
0 0.385677 0.798843 0.028646 0.094907
0 0.409635 0.793287 0.028646 0.094907
0 0.433594 0.785880 0.028646 0.094907
0 0.456771 0.782639 0.028646 0.094907
0 0.480469 0.774306 0.028646 0.094907
0 0.504427 0.769676 0.030208 0.093056
0 0.526693 0.763889 0.032552 0.092593
0 0.551172 0.759028 0.033073 0.089352
0 0.574219 0.752546 0.031250 0.089352
0 0.596224 0.746759 0.032552 0.088889
0 0.620182 0.742593 0.032552 0.088889
0 0.642318 0.736574 0.032552 0.088889
0 0.694792 0.340046 0.019792 0.043981
0 0.707292 0.336806 0.019792 0.043981
0 0.719271 0.334954 0.019792 0.043981
0 0.733073 0.331250 0.019792 0.043981
0 0.744531 0.328472 0.019792 0.043981
0 0.699740 0.378472 0.019792 0.043981
0 0.713542 0.376620 0.019792 0.043981
0 0.725260 0.372917 0.019792 0.043981
0 0.738542 0.370139 0.019792 0.043981
0 0.750260 0.367361 0.019792 0.043981
0 0.751432 0.428009 0.020052 0.047685
0 0.737109 0.429398 0.020052 0.047685
0 0.763151 0.425231 0.020052 0.047685
0 0.748568 0.499306 0.020052 0.047685
0 0.761849 0.496065 0.020052 0.047685
0 0.775651 0.493287 0.020052 0.047685
