0 0.814974 0.493750 0.023177 0.042130
0 0.828776 0.492824 0.023177 0.042130
0 0.842448 0.489815 0.024479 0.042593
0 0.856771 0.488426 0.024479 0.042593
0 0.870182 0.487037 0.023698 0.041667
0 0.823958 0.532870 0.023438 0.044444
0 0.837760 0.531481 0.023438 0.044444
0 0.852344 0.530556 0.023438 0.044444
0 0.865885 0.529630 0.023438 0.044444
0 0.880469 0.526389 0.023438 0.044444
0 0.874609 0.573843 0.024740 0.047685
0 0.888932 0.572454 0.024740 0.047685
0 0.904297 0.569676 0.025260 0.046759
0 0.892578 0.646991 0.027344 0.050463
0 0.907943 0.644213 0.027344 0.050463
0 0.923307 0.643287 0.027344 0.050463
0 0.237109 0.471991 0.033594 0.079167
0 0.262630 0.469676 0.033594 0.079167
0 0.290234 0.466435 0.033594 0.079167
0 0.315495 0.465046 0.033594 0.079167
0 0.343099 0.461806 0.033594 0.079167
0 0.367578 0.458102 0.033594 0.079167
0 0.394401 0.455787 0.033594 0.079167
0 0.420703 0.453472 0.033594 0.079167
0 0.447266 0.449306 0.033594 0.079167
0 0.471484 0.446991 0.033594 0.079167
0 0.498568 0.444676 0.033594 0.079167
0 0.523307 0.442361 0.033594 0.079167
0 0.549609 0.438194 0.033594 0.079167
0 0.576693 0.434954 0.033594 0.079167
0 0.599609 0.432176 0.033594 0.079167
0 0.626172 0.428472 0.033594 0.079167
0 0.651953 0.425231 0.035677 0.079167
0 0.677474 0.421528 0.035677 0.079167
0 0.702474 0.418287 0.037240 0.078241
0 0.728516 0.415046 0.037240 0.078241
0 0.752995 0.411574 0.037760 0.075926
0 0.777734 0.408333 0.037760 0.075926
0 0.230599 0.550231 0.036198 0.086574
0 0.259505 0.549306 0.036198 0.086574
0 0.284766 0.545139 0.036198 0.086574
0 0.311849 0.542361 0.036198 0.086574
0 0.340755 0.537500 0.033594 0.087037
0 0.367839 0.534954 0.033073 0.087500
0 0.394141 0.531250 0.030469 0.085648
0 0.421224 0.528009 0.030469 0.085648
0 0.449089 0.526157 0.030469 0.085648
0 0.475651 0.521065 0.033073 0.081944
0 0.501953 0.517824 0.033073 0.081944
0 0.527995 0.514583 0.033073 0.081944
0 0.554036 0.512269 0.033073 0.081944
0 0.581771 0.510648 0.034896 0.082407
0 0.607552 0.506481 0.034896 0.082407
0 0.635547 0.502778 0.037760 0.084259
0 0.660547 0.499537 0.037760 0.084259
0 0.686849 0.496296 0.037760 0.084259
0 0.713932 0.496759 0.037760 0.084259
0 0.739583 0.491204 0.040625 0.085185
0 0.766146 0.487037 0.040625 0.085185
0 0.791667 0.485185 0.040625 0.085185
0 0.223698 0.635880 0.037500 0.092130
0 0.254036 0.631944 0.037760 0.095370
0 0.280990 0.628009 0.034896 0.092130
0 0.308854 0.625694 0.034896 0.092130
0 0.726693 0.572685 0.039844 0.087963
0 0.751693 0.568981 0.039844 0.087963
0 0.779687 0.565509 0.042188 0.086574
0 0.806510 0.562731 0.042188 0.086574
0 0.218620 0.727778 0.038281 0.100926
0 0.248047 0.723611 0.038281 0.100926
0 0.276693 0.718519 0.038281 0.100926
0 0.307292 0.715046 0.035937 0.101389
0 0.335417 0.711806 0.035937 0.101389
0 0.365625 0.709028 0.035937 0.101389
0 0.394792 0.704861 0.035937 0.101389
0 0.424219 0.700231 0.035937 0.101389
0 0.453125 0.694213 0.035937 0.101389
0 0.481771 0.690509 0.035937 0.101389
0 0.509896 0.688657 0.035937 0.101389
0 0.538542 0.683565 0.035937 0.101389
0 0.568099 0.680324 0.037760 0.096759
0 0.595703 0.677546 0.040365 0.096759
0 0.624870 0.673380 0.040365 0.096759
0 0.653776 0.670139 0.040365 0.096759
0 0.681771 0.665972 0.041667 0.096759
0 0.709896 0.663194 0.041667 0.096759
0 0.737500 0.659954 0.041667 0.096759
0 0.767188 0.656713 0.041667 0.096759
0 0.794531 0.650694 0.044271 0.095833
0 0.823047 0.648148 0.047135 0.095370
0 0.212500 0.826157 0.040104 0.110648
0 0.242448 0.822917 0.040104 0.110648
0 0.273177 0.817361 0.040104 0.110648
0 0.303776 0.814583 0.037760 0.109722
0 0.333203 0.809954 0.037760 0.109722
0 0.365234 0.805787 0.037760 0.109722
0 0.394661 0.801620 0.037760 0.109722
0 0.424349 0.796065 0.037760 0.109722
0 0.456120 0.792824 0.037760 0.109722
0 0.485026 0.787269 0.037760 0.109722
0 0.515495 0.783102 0.037760 0.109722
0 0.545443 0.779398 0.037760 0.109722
0 0.576042 0.775694 0.039062 0.106944
0 0.605599 0.772222 0.041406 0.105556
0 0.634505 0.769444 0.041406 0.105556
0 0.663932 0.766204 0.041406 0.105556
0 0.694792 0.760648 0.043750 0.103704
0 0.722917 0.756019 0.043750 0.103704
0 0.752995 0.752778 0.046094 0.102778
0 0.780859 0.748148 0.046094 0.102778
0 0.810807 0.744907 0.046094 0.102778
0 0.839974 0.741667 0.046094 0.102778
