0 0.255208 0.406019 0.029167 0.082407
0 0.814974 0.351157 0.021094 0.042130
0 0.829036 0.348843 0.021094 0.042130
0 0.842839 0.346991 0.021094 0.042130
0 0.856380 0.344676 0.021094 0.042130
0 0.869401 0.343287 0.021094 0.042130
0 0.822005 0.390972 0.021094 0.042130
0 0.836068 0.388657 0.021094 0.042130
0 0.850130 0.386806 0.021094 0.042130
0 0.863151 0.384491 0.021094 0.042130
0 0.877214 0.383565 0.021094 0.042130
0 0.868229 0.439120 0.021875 0.046759
0 0.883073 0.437269 0.021875 0.046759
0 0.898177 0.434954 0.021875 0.046759
0 0.882031 0.511343 0.024479 0.051389
0 0.897135 0.509491 0.024479 0.050463
0 0.912240 0.507176 0.023958 0.049537
0 0.279687 0.403241 0.029167 0.082407
0 0.305469 0.399537 0.029167 0.082407
0 0.330208 0.395833 0.029167 0.082407
0 0.355469 0.392593 0.029167 0.082407
0 0.379948 0.391667 0.029167 0.082407
0 0.404687 0.386574 0.029167 0.082407
0 0.429688 0.385648 0.029167 0.082407
0 0.454427 0.383796 0.029167 0.082407
0 0.478906 0.378704 0.029167 0.082407
0 0.503385 0.376389 0.029167 0.082407
0 0.527083 0.373148 0.029167 0.082407
0 0.552344 0.369444 0.029167 0.082407
0 0.576953 0.366898 0.030990 0.081944
0 0.601693 0.363194 0.030990 0.081944
0 0.625911 0.359954 0.030990 0.081944
0 0.650130 0.354861 0.030990 0.081944
0 0.675260 0.353704 0.033854 0.080556
0 0.700521 0.348611 0.033854 0.080556
0 0.724740 0.344907 0.033854 0.080556
0 0.748958 0.342593 0.033854 0.080556
0 0.772656 0.339815 0.033854 0.080556
0 0.252865 0.483796 0.029167 0.082407
0 0.278125 0.483333 0.029167 0.082407
0 0.303516 0.479630 0.028906 0.086111
0 0.329297 0.476389 0.028906 0.086111
0 0.355078 0.472685 0.028906 0.086111
0 0.380599 0.469444 0.028906 0.086111
0 0.406641 0.465741 0.028906 0.086111
0 0.432422 0.463426 0.028906 0.086111
0 0.456641 0.463426 0.028906 0.086111
0 0.481641 0.456481 0.028906 0.086111
0 0.505859 0.455556 0.028906 0.086111
0 0.531510 0.449769 0.030729 0.084722
0 0.556250 0.446991 0.030729 0.084722
0 0.581510 0.443287 0.030729 0.084722
0 0.607812 0.440046 0.030729 0.084722
0 0.632031 0.437500 0.032813 0.084259
0 0.657813 0.435185 0.032813 0.084259
0 0.682943 0.429398 0.035156 0.083796
0 0.709505 0.427546 0.035156 0.083796
0 0.732682 0.423380 0.035156 0.083796
0 0.757943 0.419213 0.035156 0.083796
0 0.783464 0.415972 0.035156 0.083796
0 0.249609 0.569676 0.030990 0.091204
0 0.276432 0.565509 0.030990 0.091204
0 0.302734 0.563657 0.030990 0.091204
0 0.327474 0.560417 0.030990 0.091204
0 0.717578 0.506481 0.036719 0.088889
0 0.743099 0.503704 0.036719 0.088889
0 0.767057 0.500463 0.036719 0.088889
0 0.793880 0.497222 0.036719 0.088889
0 0.247135 0.657407 0.031250 0.095370
0 0.274740 0.653241 0.031250 0.095370
0 0.301302 0.645833 0.031250 0.095370
0 0.329948 0.644907 0.031250 0.095370
0 0.356250 0.642130 0.031250 0.095370
0 0.381510 0.637037 0.031250 0.095370
0 0.408594 0.635648 0.031250 0.095370
0 0.435417 0.631019 0.031250 0.095370
0 0.461979 0.627778 0.031250 0.095370
0 0.488802 0.623611 0.031250 0.095370
0 0.514323 0.618981 0.031250 0.095370
0 0.541406 0.617593 0.031250 0.095370
0 0.567708 0.612963 0.031250 0.095370
0 0.594792 0.607407 0.031250 0.095370
0 0.620964 0.605556 0.035156 0.090741
0 0.646484 0.601852 0.035156 0.090741
0 0.673698 0.599769 0.036979 0.091204
0 0.700781 0.596528 0.036979 0.091204
0 0.727344 0.591435 0.036979 0.091204
0 0.753906 0.588657 0.036979 0.091204
0 0.779167 0.585417 0.036979 0.091204
0 0.804427 0.582176 0.036979 0.091204
0 0.245052 0.749074 0.032292 0.098148
0 0.272917 0.746759 0.032292 0.098148
0 0.300000 0.742593 0.032292 0.098148
0 0.326302 0.737500 0.032292 0.098148
0 0.353906 0.733796 0.032292 0.098148
0 0.381510 0.728704 0.032292 0.098148
0 0.411458 0.724537 0.032292 0.098148
0 0.437240 0.723148 0.032292 0.098148
0 0.464323 0.717593 0.032292 0.098148
0 0.491146 0.713889 0.032292 0.098148
0 0.520052 0.710648 0.032292 0.098148
0 0.546615 0.706019 0.032292 0.098148
0 0.574479 0.701852 0.032292 0.098148
0 0.600521 0.699306 0.035417 0.098611
0 0.627865 0.696991 0.035417 0.098611
0 0.654427 0.695139 0.035417 0.098611
0 0.682813 0.688657 0.035417 0.098611
0 0.709635 0.685880 0.038021 0.096759
0 0.737760 0.681250 0.038021 0.096759
0 0.764323 0.677546 0.038021 0.096759
0 0.791927 0.673843 0.038021 0.096759
0 0.816927 0.670139 0.038021 0.096759
