0 0.803776 0.443287 0.018490 0.041204
0 0.816016 0.440509 0.018490 0.041204
0 0.828516 0.437731 0.018490 0.041204
0 0.842578 0.436343 0.018490 0.041204
0 0.854818 0.435417 0.018490 0.041204
0 0.810547 0.479398 0.018490 0.041204
0 0.822786 0.479398 0.018490 0.041204
0 0.835807 0.478009 0.018490 0.041204
0 0.849349 0.475231 0.018490 0.041204
0 0.862109 0.474769 0.018490 0.041204
0 0.852083 0.532176 0.021354 0.045833
0 0.865365 0.529861 0.021354 0.045833
0 0.880469 0.529398 0.021354 0.045833
0 0.865495 0.603241 0.023698 0.050000
0 0.878385 0.600694 0.023438 0.047685
0 0.892708 0.598843 0.022396 0.048611
0 0.288281 0.543519 0.026562 0.079630
0 0.310677 0.540278 0.026562 0.079630
0 0.331250 0.537963 0.026562 0.079630
0 0.355208 0.535185 0.026562 0.079630
0 0.378385 0.534259 0.026562 0.079630
0 0.400000 0.529630 0.026562 0.079630
0 0.423438 0.528704 0.026562 0.079630
0 0.445573 0.525463 0.026562 0.079630
0 0.466146 0.525000 0.026562 0.079630
0 0.489453 0.519676 0.025781 0.077315
0 0.511198 0.517593 0.026562 0.076852
0 0.533594 0.514815 0.026562 0.076852
0 0.555208 0.512037 0.026562 0.076852
0 0.578255 0.509954 0.028385 0.077315
0 0.600391 0.506250 0.028385 0.077315
0 0.621484 0.505324 0.028385 0.077315
0 0.644401 0.500694 0.028385 0.077315
0 0.667188 0.499074 0.030729 0.077778
0 0.689323 0.494907 0.030729 0.077778
0 0.711719 0.492130 0.030729 0.077778
0 0.733854 0.490278 0.030729 0.077778
0 0.757161 0.487500 0.031510 0.076852
0 0.285677 0.617824 0.025521 0.082870
0 0.309115 0.614583 0.025521 0.082870
0 0.333333 0.611343 0.025521 0.082870
0 0.355729 0.609491 0.025521 0.082870
0 0.378646 0.605324 0.025521 0.082870
0 0.401562 0.603009 0.025521 0.082870
0 0.424479 0.600231 0.025521 0.082870
0 0.447396 0.596528 0.025521 0.082870
0 0.468750 0.593750 0.025521 0.082870
0 0.491667 0.593287 0.025521 0.082870
0 0.513802 0.591435 0.025521 0.082870
0 0.537760 0.589120 0.025521 0.082870
0 0.559896 0.583565 0.025521 0.082870
0 0.582292 0.580787 0.025521 0.082870
0 0.605208 0.579861 0.029167 0.080093
0 0.627734 0.577546 0.029948 0.078241
0 0.650391 0.575000 0.031510 0.078704
0 0.673047 0.570370 0.031510 0.078704
0 0.696745 0.567593 0.031510 0.079630
0 0.718359 0.563889 0.031510 0.079630
0 0.742578 0.563426 0.031510 0.079630
0 0.764974 0.559722 0.031510 0.079630
0 0.283073 0.696991 0.027083 0.088426
0 0.308073 0.693750 0.027083 0.088426
0 0.331250 0.692824 0.027083 0.088426
0 0.354297 0.687963 0.026823 0.087963
0 0.704427 0.644444 0.031250 0.084259
0 0.726823 0.640741 0.031250 0.084259
0 0.749740 0.639352 0.031250 0.084259
0 0.773177 0.634722 0.032813 0.082407
0 0.282292 0.776620 0.027083 0.088426
0 0.305990 0.773380 0.027083 0.088426
0 0.330469 0.771065 0.027083 0.088426
0 0.352604 0.771528 0.027083 0.088426
0 0.378646 0.766435 0.027083 0.088426
0 0.402083 0.765509 0.027083 0.088426
0 0.426823 0.759954 0.027083 0.088426
0 0.450000 0.756713 0.027083 0.088426
0 0.473698 0.753935 0.028646 0.088426
0 0.497266 0.749537 0.029948 0.088889
0 0.521484 0.747222 0.029948 0.088889
0 0.544661 0.743056 0.029948 0.088889
0 0.568359 0.742130 0.029948 0.088889
0 0.592839 0.737500 0.029948 0.088889
0 0.616797 0.735185 0.029948 0.088889
0 0.640495 0.732870 0.032552 0.087963
0 0.664193 0.730556 0.032552 0.087963
0 0.687370 0.726852 0.032552 0.087963
0 0.711328 0.723611 0.032552 0.087963
0 0.735417 0.721296 0.033854 0.088889
0 0.759505 0.718750 0.035156 0.087500
0 0.782161 0.714583 0.035156 0.087500
0 0.280208 0.863426 0.028125 0.092593
0 0.305469 0.860185 0.028125 0.092593
0 0.328906 0.857407 0.028125 0.092593
0 0.353646 0.854630 0.028125 0.092593
0 0.378906 0.849074 0.028125 0.092593
0 0.401823 0.848148 0.028125 0.092593
0 0.427344 0.845833 0.028125 0.092593
0 0.451302 0.842130 0.028125 0.092593
0 0.476302 0.839352 0.028125 0.092593
0 0.500260 0.834722 0.028125 0.092593
0 0.525521 0.831944 0.030208 0.090741
0 0.548698 0.829167 0.030208 0.090741
0 0.574219 0.825463 0.030208 0.090741
0 0.598828 0.822222 0.032031 0.092593
0 0.622656 0.819676 0.033854 0.093056
0 0.647135 0.818287 0.033854 0.093056
0 0.671615 0.814583 0.034375 0.091204
0 0.696354 0.811806 0.034375 0.091204
0 0.721094 0.808565 0.034896 0.092130
0 0.745313 0.805787 0.034896 0.092130
0 0.768229 0.801620 0.034896 0.092130
0 0.792448 0.797454 0.034896 0.092130
