0 0.310417 0.382870 0.022917 0.016667
0 0.308594 0.391667 0.022917 0.016667
0 0.306250 0.402315 0.022917 0.016667
0 0.303906 0.412963 0.022917 0.016667
0 0.301563 0.424537 0.022917 0.016667
0 0.330469 0.385648 0.022917 0.016667
0 0.328385 0.395833 0.022917 0.016667
0 0.326302 0.406481 0.022917 0.016667
0 0.323698 0.417593 0.022917 0.016667
0 0.321615 0.429167 0.022917 0.016667
0 0.366406 0.367361 0.021875 0.017130
0 0.364063 0.378009 0.021875 0.017130
0 0.363802 0.387500 0.022917 0.012963
0 0.389453 0.373380 0.006510 0.013426
0 0.387240 0.384491 0.005729 0.012500
0 0.386719 0.392824 0.005729 0.012500
0 0.422005 0.254398 0.032031 0.026389
0 0.419141 0.269676 0.032031 0.026389
0 0.417839 0.282639 0.032031 0.026389
0 0.416146 0.299306 0.032292 0.026389
0 0.414844 0.315741 0.033333 0.027778
0 0.413021 0.330556 0.033333 0.027778
0 0.411458 0.347222 0.033333 0.027778
0 0.408984 0.363657 0.035156 0.029167
0 0.406901 0.381250 0.035156 0.029167
0 0.404818 0.399074 0.036198 0.029630
0 0.402604 0.417593 0.036458 0.030556
0 0.399740 0.438194 0.038021 0.031019
0 0.397917 0.458565 0.038021 0.031019
0 0.394531 0.479398 0.038021 0.031019
0 0.391797 0.501852 0.039844 0.036111
0 0.388411 0.522685 0.039844 0.036111
0 0.386198 0.545602 0.042188 0.038426
0 0.382552 0.570139 0.042188 0.038426
0 0.379948 0.593981 0.042708 0.039815
0 0.376172 0.619676 0.044531 0.041204
0 0.373047 0.646528 0.045052 0.039352
0 0.369141 0.674769 0.046615 0.042130
0 0.451172 0.266435 0.032031 0.026389
0 0.449349 0.281250 0.032031 0.026389
0 0.448047 0.294676 0.032031 0.026389
0 0.446745 0.309491 0.032031 0.026389
0 0.444922 0.326157 0.032031 0.026389
0 0.443880 0.341435 0.032031 0.026389
0 0.443490 0.359259 0.033854 0.030556
0 0.441146 0.375926 0.033854 0.030556
0 0.438932 0.393287 0.035156 0.030093
0 0.438672 0.410417 0.035677 0.031019
0 0.436068 0.429861 0.035677 0.031019
0 0.434115 0.450231 0.037500 0.031944
0 0.432292 0.469213 0.037500 0.031944
0 0.430078 0.490509 0.038281 0.034722
0 0.427734 0.512269 0.038281 0.034722
0 0.425651 0.534491 0.039323 0.035648
0 0.423307 0.556944 0.041406 0.037963
0 0.421224 0.581019 0.041406 0.037963
0 0.417839 0.605556 0.041406 0.037963
0 0.416016 0.632176 0.043490 0.040278
0 0.413411 0.657639 0.044531 0.041204
0 0.410156 0.686574 0.045312 0.042593
0 0.479557 0.275231 0.032031 0.026389
0 0.477995 0.290509 0.032031 0.026389
0 0.477995 0.306250 0.032031 0.026389
0 0.476693 0.320139 0.032031 0.026389
0 0.457161 0.616898 0.039844 0.039352
0 0.454818 0.643519 0.041406 0.040741
0 0.452734 0.669907 0.041406 0.040741
0 0.451302 0.698380 0.043750 0.042130
0 0.508073 0.286574 0.030208 0.025926
0 0.507292 0.302546 0.030729 0.028241
0 0.506771 0.315509 0.030729 0.028241
0 0.506250 0.331713 0.030729 0.028241
0 0.505729 0.347917 0.030729 0.028241
0 0.504948 0.364583 0.032292 0.029167
0 0.504427 0.379861 0.032292 0.029167
0 0.503906 0.396065 0.032292 0.029167
0 0.503125 0.414583 0.032292 0.029167
0 0.502474 0.432639 0.033594 0.031019
0 0.501432 0.453472 0.033594 0.031019
0 0.500391 0.471528 0.033594 0.031019
0 0.499870 0.491204 0.035677 0.030556
0 0.500130 0.512037 0.037240 0.033333
0 0.498958 0.534491 0.036458 0.031944
0 0.498437 0.557639 0.037500 0.033796
0 0.496875 0.578472 0.037500 0.033796
0 0.496354 0.603472 0.038542 0.036574
0 0.495052 0.628935 0.038542 0.036574
0 0.493880 0.654630 0.040365 0.039815
0 0.492839 0.680556 0.041927 0.040741
0 0.491797 0.710648 0.041927 0.040741
0 0.536198 0.296759 0.030208 0.025926
0 0.536719 0.311111 0.030208 0.025926
0 0.535937 0.325926 0.030208 0.025926
0 0.535937 0.342130 0.030208 0.025926
0 0.535677 0.358796 0.030208 0.025926
0 0.535156 0.373148 0.030208 0.025926
0 0.535156 0.390509 0.031250 0.027315
0 0.534635 0.407639 0.031250 0.027315
0 0.534635 0.425000 0.031771 0.028704
0 0.534896 0.443750 0.033854 0.030093
0 0.534375 0.463194 0.033854 0.030093
0 0.533854 0.482639 0.033854 0.030093
0 0.533594 0.503472 0.033854 0.030093
0 0.533724 0.524537 0.034635 0.032407
0 0.533203 0.544907 0.034635 0.032407
0 0.533464 0.567130 0.035677 0.034259
0 0.531901 0.590741 0.035677 0.034259
0 0.533073 0.615278 0.037500 0.035185
0 0.532682 0.640972 0.039323 0.038426
0 0.532682 0.665509 0.039323 0.038426
0 0.531901 0.694676 0.040365 0.043056
0 0.531380 0.723843 0.040365 0.043056
