0 0.308854 0.170602 0.027604 0.028241
0 0.307812 0.193287 0.027604 0.028241
0 0.307031 0.214583 0.027604 0.028241
0 0.306510 0.238194 0.027604 0.028241
0 0.305990 0.260880 0.027604 0.028241
0 0.304427 0.284491 0.027604 0.028241
0 0.304167 0.307639 0.027604 0.028241
0 0.303646 0.331250 0.027604 0.028241
0 0.302474 0.355556 0.028906 0.031481
0 0.301953 0.382870 0.028906 0.031481
0 0.302083 0.409028 0.030208 0.031944
0 0.300781 0.435648 0.032292 0.032407
0 0.334896 0.434259 0.031250 0.032407
0 0.335547 0.407870 0.033594 0.033333
0 0.336198 0.381944 0.033333 0.033333
0 0.336719 0.356481 0.032292 0.032407
0 0.337109 0.331250 0.030990 0.031944
0 0.337370 0.308102 0.030990 0.031944
0 0.337630 0.282176 0.030990 0.031944
0 0.338151 0.260417 0.030990 0.031944
0 0.338281 0.237037 0.030208 0.032407
0 0.338802 0.213889 0.030208 0.032407
0 0.339323 0.193519 0.030208 0.032407
0 0.339583 0.171991 0.029687 0.030093
0 0.364063 0.170602 0.029687 0.030093
0 0.364063 0.193750 0.029687 0.030093
0 0.363802 0.215972 0.029687 0.030093
0 0.363802 0.239120 0.029687 0.030093
0 0.364063 0.261806 0.029687 0.030093
0 0.363281 0.283565 0.029687 0.030093
0 0.363802 0.307639 0.029687 0.030093
0 0.363802 0.331713 0.029687 0.030093
0 0.362760 0.357639 0.029687 0.030093
0 0.363281 0.384028 0.029687 0.030093
0 0.362240 0.408102 0.029687 0.030093
0 0.363021 0.434954 0.029687 0.030093
0 0.500781 0.317130 0.019271 0.046296
0 0.516927 0.312500 0.019271 0.046296
0 0.533073 0.307870 0.019271 0.046296
0 0.548958 0.303241 0.019271 0.046296
0 0.565365 0.299537 0.019271 0.046296
0 0.582812 0.293519 0.019271 0.046296
0 0.502865 0.365278 0.019271 0.046296
0 0.519010 0.361574 0.019271 0.046296
0 0.535937 0.356019 0.019271 0.046296
0 0.551823 0.351389 0.019271 0.046296
0 0.568229 0.347685 0.019271 0.046296
0 0.584896 0.341667 0.019271 0.046296
0 0.504687 0.405556 0.019271 0.046296
0 0.521094 0.401389 0.019271 0.046296
0 0.538021 0.396759 0.019271 0.046296
0 0.553646 0.393056 0.019271 0.046296
0 0.570833 0.387037 0.019271 0.046296
0 0.587500 0.382870 0.019271 0.046296
0 0.506771 0.456481 0.019271 0.046296
0 0.523698 0.453241 0.019271 0.046296
0 0.539844 0.448148 0.019271 0.046296
0 0.556771 0.443519 0.019271 0.046296
0 0.574740 0.438426 0.019271 0.046296
0 0.591667 0.434722 0.019271 0.046296
0 0.595052 0.478704 0.022396 0.050000
0 0.576823 0.481481 0.022396 0.050000
0 0.559375 0.486111 0.022396 0.050000
0 0.541667 0.491667 0.022396 0.050000
0 0.525521 0.495833 0.022396 0.050000
0 0.507812 0.497685 0.022396 0.050000
0 0.510417 0.553241 0.022396 0.050000
0 0.527083 0.550926 0.022396 0.050000
0 0.544271 0.545833 0.022396 0.050000
0 0.562760 0.541667 0.022396 0.050000
0 0.580990 0.538426 0.022396 0.050000
0 0.599219 0.533796 0.022396 0.050000
0 0.602995 0.579861 0.023177 0.051389
0 0.584505 0.583102 0.023177 0.051389
0 0.565495 0.587731 0.023177 0.051389
0 0.547526 0.591898 0.023177 0.051389
0 0.530599 0.596528 0.023177 0.051389
0 0.512109 0.598380 0.023177 0.051389
0 0.514974 0.658565 0.023177 0.051389
0 0.533724 0.654861 0.023177 0.051389
0 0.550130 0.651389 0.022135 0.056481
0 0.569661 0.647222 0.022135 0.056481
0 0.588411 0.642593 0.022135 0.056481
0 0.607422 0.639352 0.022135 0.056481
0 0.333724 0.630324 0.022135 0.059722
0 0.352214 0.628935 0.022135 0.059722
0 0.371484 0.626620 0.022135 0.059722
0 0.391016 0.626620 0.022135 0.059722
0 0.409245 0.625694 0.022135 0.059722
0 0.427995 0.622917 0.022135 0.059722
0 0.428255 0.673843 0.022135 0.059722
0 0.409245 0.675231 0.022135 0.059722
0 0.390234 0.678472 0.022135 0.059722
0 0.372266 0.679398 0.022135 0.059722
0 0.352734 0.682639 0.022135 0.059722
0 0.333464 0.683102 0.022135 0.059722
0 0.332943 0.737731 0.022656 0.062500
0 0.352474 0.737269 0.022656 0.062500
0 0.371484 0.734491 0.022656 0.062500
0 0.390495 0.734028 0.022656 0.062500
0 0.410026 0.730787 0.022656 0.062500
0 0.429297 0.728472 0.022656 0.062500
0 0.631901 0.772454 0.026823 0.065278
0 0.610026 0.774769 0.026823 0.065278
0 0.589714 0.776157 0.026823 0.065278
0 0.569401 0.777546 0.026823 0.065278
0 0.547266 0.780324 0.026823 0.065278
0 0.527474 0.782639 0.026823 0.065278
0 0.424089 0.901389 0.038281 0.048148
0 0.423177 0.860648 0.039062 0.047222
0 0.422917 0.824074 0.039062 0.047222
0 0.422396 0.787500 0.039062 0.047222
0 0.456250 0.782870 0.039062 0.047222
0 0.456771 0.818981 0.039062 0.047222
0 0.457813 0.859259 0.039062 0.047222
0 0.459115 0.896759 0.039062 0.047222
0 0.494010 0.892593 0.039062 0.047222
0 0.491927 0.854167 0.039062 0.047222
0 0.490885 0.816667 0.039062 0.047222
0 0.489583 0.780093 0.039062 0.047222
0 0.725651 0.640509 0.024219 0.053241
0 0.707422 0.640972 0.024219 0.053241
0 0.690234 0.638657 0.024219 0.053241
0 0.672266 0.638194 0.024219 0.053241
0 0.654297 0.636343 0.024219 0.053241
0 0.636589 0.635417 0.024219 0.053241
0 0.631641 0.577083 0.024219 0.053241
0 0.649349 0.578009 0.024219 0.053241
0 0.667318 0.576620 0.024219 0.053241
0 0.683984 0.579398 0.024219 0.053241
0 0.701432 0.578935 0.024219 0.053241
0 0.718099 0.580787 0.024219 0.053241
0 0.713672 0.534491 0.024219 0.053241
0 0.696484 0.534491 0.024219 0.053241
0 0.679557 0.534028 0.024219 0.053241
0 0.660807 0.533565 0.024219 0.053241
0 0.645443 0.532639 0.024219 0.053241
0 0.628516 0.529861 0.024219 0.053241
0 0.624089 0.475231 0.024219 0.053241
0 0.639974 0.474306 0.024219 0.053241
0 0.656641 0.475231 0.024219 0.053241
0 0.673828 0.478472 0.024219 0.053241
0 0.689714 0.478009 0.024219 0.053241
0 0.707161 0.480324 0.024219 0.053241
0 0.700781 0.439352 0.022917 0.050000
0 0.685417 0.437037 0.022917 0.050000
0 0.669271 0.436574 0.022917 0.050000
0 0.653125 0.434259 0.022917 0.050000
0 0.636198 0.432870 0.022917 0.050000
0 0.619792 0.431481 0.022917 0.050000
0 0.694792 0.387963 0.022917 0.050000
0 0.678906 0.384722 0.022917 0.050000
0 0.662760 0.384722 0.022917 0.050000
0 0.648438 0.382870 0.022917 0.050000
0 0.631250 0.380556 0.022917 0.050000
0 0.615625 0.378704 0.022917 0.050000
0 0.612500 0.338889 0.022917 0.050000
0 0.627214 0.340046 0.021094 0.049537
0 0.643750 0.340741 0.022917 0.050000
0 0.658594 0.344444 0.020313 0.045370
0 0.675130 0.345602 0.024219 0.048611
0 0.691146 0.347685 0.022396 0.046296
0 0.685417 0.300000 0.022396 0.046296
0 0.670573 0.299074 0.022396 0.046296
0 0.654948 0.297222 0.022396 0.046296
0 0.639062 0.294444 0.022396 0.046296
0 0.623177 0.292593 0.022396 0.046296
0 0.609115 0.290741 0.022396 0.046296
