0 0.382943 0.091204 0.046615 0.075000
0 0.382292 0.118519 0.047396 0.078704
0 0.381120 0.150000 0.049219 0.078704
0 0.379688 0.182407 0.050521 0.081481
0 0.333594 0.145370 0.046354 0.077778
0 0.331510 0.172685 0.046354 0.077778
0 0.329557 0.203704 0.047656 0.079630
0 0.326172 0.236574 0.049219 0.080556
0 0.267839 0.578704 0.047135 0.157407
0 0.315234 0.571528 0.049740 0.159722
0 0.363151 0.568750 0.049740 0.162500
0 0.410286 0.565741 0.049740 0.164815
0 0.457552 0.560185 0.052083 0.160185
0 0.503125 0.557407 0.053125 0.159259
0 0.548828 0.552778 0.054427 0.156481
0 0.594141 0.548611 0.053385 0.154630
0 0.195052 0.890046 0.052604 0.176389
0 0.244401 0.884028 0.051823 0.178241
0 0.293359 0.880324 0.051823 0.178241
0 0.341797 0.871759 0.048698 0.174074
0 0.389844 0.868056 0.050521 0.175000
0 0.438281 0.862500 0.051562 0.176852
0 0.485156 0.857176 0.054167 0.176389
0 0.531250 0.851852 0.056250 0.175000
0 0.579948 0.846528 0.057813 0.170833
0 0.626042 0.840972 0.057813 0.170833
0 0.673698 0.836806 0.057813 0.170833
