0 0.440365 0.161574 0.041667 0.065741
0 0.439323 0.190046 0.043229 0.068056
0 0.438021 0.220370 0.044271 0.068519
0 0.436979 0.248148 0.045833 0.067593
0 0.394922 0.205556 0.041927 0.064815
0 0.393229 0.233102 0.042708 0.067130
0 0.391016 0.262731 0.042969 0.068056
0 0.388932 0.291667 0.045052 0.066667
0 0.346094 0.608102 0.039062 0.131944
0 0.385677 0.609028 0.039062 0.131944
0 0.424219 0.607176 0.039062 0.131944
0 0.463281 0.607176 0.039062 0.131944
0 0.502083 0.605787 0.039062 0.131944
0 0.540104 0.605324 0.039062 0.131944
0 0.578646 0.604398 0.039062 0.131944
0 0.616797 0.604167 0.040365 0.133333
0 0.282943 0.859028 0.041406 0.142130
0 0.323177 0.859028 0.042708 0.140278
0 0.362760 0.857176 0.042708 0.140278
0 0.402083 0.855787 0.042708 0.140278
0 0.441667 0.854861 0.042708 0.140278
0 0.441146 0.853935 0.042708 0.140278
0 0.479687 0.853009 0.042708 0.140278
0 0.520573 0.854398 0.042708 0.140278
0 0.559115 0.852546 0.042708 0.140278
0 0.598177 0.850694 0.042708 0.140278
0 0.637240 0.851389 0.043750 0.138889
0 0.675781 0.850463 0.043750 0.138889
