0 0.459896 0.134722 0.038021 0.032407
0 0.494792 0.137500 0.038021 0.032407
0 0.529167 0.139352 0.038021 0.032407
0 0.564063 0.141204 0.040625 0.035185
0 0.600391 0.143287 0.039323 0.033796
0 0.456901 0.161574 0.037240 0.029630
0 0.453125 0.189120 0.036458 0.029167
0 0.449479 0.217361 0.036979 0.031019
0 0.445052 0.245370 0.036979 0.035185
0 0.441927 0.272917 0.039062 0.034722
0 0.438802 0.302546 0.039062 0.034722
0 0.434245 0.331944 0.039323 0.034259
0 0.430599 0.361343 0.039323 0.037500
0 0.426432 0.391435 0.039323 0.037500
0 0.422526 0.422917 0.039323 0.037500
0 0.417969 0.451620 0.039583 0.038426
0 0.413672 0.484954 0.040365 0.038426
0 0.408464 0.517593 0.042448 0.040741
0 0.405599 0.549306 0.042448 0.043981
0 0.399349 0.583102 0.042448 0.043981
0 0.394661 0.616898 0.042448 0.043981
0 0.390495 0.652083 0.042448 0.043981
0 0.385026 0.687731 0.042448 0.043981
0 0.380469 0.723380 0.043229 0.045833
0 0.374479 0.759491 0.043750 0.046759
0 0.370052 0.797685 0.044792 0.049074
0 0.490495 0.163194 0.038281 0.031944
0 0.526172 0.167130 0.038281 0.030556
0 0.561979 0.169907 0.039583 0.032407
0 0.597526 0.173843 0.040365 0.033796
0 0.487760 0.191667 0.039583 0.033333
0 0.521745 0.195602 0.039844 0.031944
0 0.557943 0.198380 0.039844 0.031944
0 0.594401 0.201620 0.040885 0.033796
0 0.483984 0.220139 0.039323 0.033796
0 0.518229 0.223380 0.040104 0.035648
0 0.555469 0.228704 0.041146 0.035185
0 0.591146 0.231019 0.041146 0.035185
0 0.476823 0.248380 0.036979 0.033796
0 0.552214 0.257870 0.040365 0.034259
0 0.588802 0.261111 0.041146 0.036111
0 0.476042 0.277083 0.039062 0.034722
0 0.548438 0.287269 0.039062 0.034722
0 0.586198 0.290509 0.041667 0.038426
0 0.472917 0.307870 0.039062 0.035185
0 0.546484 0.318750 0.040365 0.036574
0 0.582943 0.321065 0.040365 0.036574
0 0.468490 0.337731 0.040104 0.037500
0 0.541667 0.347917 0.040625 0.037500
0 0.579688 0.353472 0.042708 0.038426
0 0.464974 0.367824 0.039323 0.037500
0 0.539193 0.379167 0.042448 0.037963
0 0.576432 0.385185 0.042969 0.040741
0 0.461328 0.398148 0.040365 0.036111
0 0.535286 0.410185 0.040885 0.037963
0 0.573568 0.416204 0.041927 0.040741
0 0.458333 0.428472 0.041146 0.040278
0 0.531901 0.441667 0.041927 0.040741
0 0.568490 0.449306 0.040104 0.043056
0 0.454427 0.461343 0.039583 0.038426
0 0.528125 0.473611 0.041146 0.041667
0 0.566536 0.480556 0.042969 0.042593
0 0.450260 0.490509 0.042188 0.043056
0 0.524740 0.507176 0.043229 0.042130
0 0.563281 0.514583 0.043229 0.042130
0 0.445964 0.524537 0.041406 0.041667
0 0.520964 0.541667 0.041406 0.041667
0 0.559766 0.549074 0.044010 0.044444
0 0.441797 0.558102 0.042448 0.043981
0 0.517057 0.574074 0.042969 0.043519
0 0.556120 0.583333 0.043490 0.044444
0 0.437109 0.591435 0.042448 0.043981
0 0.513151 0.609028 0.042969 0.044907
0 0.553516 0.618519 0.044010 0.047222
0 0.433724 0.625463 0.042448 0.047222
0 0.510286 0.644907 0.042448 0.047222
0 0.549870 0.655556 0.042969 0.048148
0 0.428255 0.660880 0.042969 0.046759
0 0.505729 0.680787 0.042708 0.047685
0 0.547135 0.691435 0.044792 0.049537
0 0.425000 0.696296 0.044271 0.049074
0 0.463542 0.706944 0.044271 0.049074
0 0.503646 0.718287 0.045312 0.052315
0 0.543750 0.730324 0.045312 0.052315
0 0.418880 0.733796 0.044531 0.048148
0 0.458984 0.743981 0.045573 0.049074
0 0.497396 0.756250 0.048958 0.052315
0 0.538411 0.768750 0.051823 0.052315
0 0.413542 0.770370 0.046354 0.049074
0 0.455078 0.782639 0.047135 0.051389
0 0.494141 0.795370 0.047135 0.051852
0 0.537630 0.808102 0.046615 0.052315
0 0.409766 0.808565 0.045052 0.051389
0 0.449219 0.821296 0.047396 0.053704
0 0.491667 0.834259 0.047396 0.053704
0 0.533333 0.846759 0.047396 0.053704
