0 0.141146 0.419676 0.040625 0.093056
0 0.173568 0.412037 0.039844 0.093519
0 0.205469 0.405787 0.039062 0.090278
0 0.237891 0.400926 0.037760 0.089815
0 0.268620 0.393750 0.035677 0.090278
0 0.299349 0.388194 0.035677 0.090278
0 0.331120 0.382870 0.034635 0.087963
0 0.363411 0.376389 0.034635 0.087963
0 0.393490 0.370602 0.035417 0.087500
0 0.422396 0.367361 0.035417 0.087500
0 0.454167 0.362269 0.035417 0.087500
0 0.484635 0.354167 0.038021 0.085185
0 0.513281 0.350000 0.038021 0.085185
0 0.542969 0.344444 0.038021 0.085185
0 0.573958 0.337269 0.039583 0.084722
0 0.602604 0.330324 0.039583 0.084722
0 0.633594 0.326620 0.043229 0.084722
0 0.661979 0.319676 0.043229 0.084722
0 0.693490 0.315046 0.046354 0.082870
0 0.721875 0.310417 0.046354 0.082870
0 0.751693 0.306713 0.047656 0.084722
0 0.780339 0.300000 0.049219 0.082407
0 0.132812 0.506713 0.042708 0.099537
0 0.122005 0.602315 0.047135 0.108333
0 0.110677 0.709259 0.050521 0.121296
0 0.097526 0.828704 0.053906 0.131481
0 0.165104 0.500231 0.041146 0.095833
0 0.157161 0.595139 0.045052 0.108796
0 0.146875 0.702778 0.045833 0.118519
0 0.136068 0.820139 0.049740 0.132870
0 0.199349 0.493519 0.039844 0.096296
0 0.192318 0.590509 0.042969 0.106944
0 0.183984 0.693519 0.044531 0.118519
0 0.174479 0.811806 0.047917 0.132870
0 0.231901 0.486806 0.037240 0.097685
0 0.226693 0.581250 0.040365 0.106944
0 0.220443 0.685880 0.042969 0.118056
0 0.213411 0.803009 0.046094 0.131944
0 0.264323 0.479861 0.036979 0.096759
0 0.256771 0.675926 0.040625 0.119444
0 0.252083 0.791898 0.043750 0.130093
0 0.297526 0.473843 0.035156 0.095833
0 0.293099 0.667593 0.039323 0.118519
0 0.290755 0.782870 0.041927 0.128704
0 0.331250 0.465972 0.035417 0.098611
0 0.329427 0.659259 0.036979 0.117593
0 0.328125 0.771528 0.039583 0.129167
0 0.364193 0.459722 0.033594 0.095370
0 0.364974 0.652778 0.036198 0.116667
0 0.367578 0.763889 0.040365 0.126852
0 0.395443 0.454398 0.035677 0.093981
0 0.401172 0.643056 0.036719 0.111111
0 0.404818 0.755556 0.039844 0.125000
0 0.428255 0.447222 0.037240 0.089815
0 0.436719 0.637037 0.040104 0.112963
0 0.440495 0.748148 0.041406 0.124074
0 0.459115 0.440741 0.039062 0.089815
0 0.471224 0.629398 0.043490 0.110648
0 0.478255 0.740972 0.045573 0.121759
0 0.490885 0.435880 0.040104 0.089352
0 0.506380 0.623380 0.045052 0.109722
0 0.514583 0.733565 0.048958 0.123611
0 0.522656 0.430787 0.043750 0.093056
0 0.540495 0.617130 0.047135 0.113889
0 0.549740 0.725463 0.052083 0.124074
0 0.553776 0.425694 0.041927 0.091204
0 0.574349 0.609028 0.049219 0.111574
0 0.586719 0.719444 0.052604 0.123148
0 0.584635 0.418519 0.043229 0.091667
0 0.610156 0.603472 0.049479 0.114352
0 0.623698 0.713657 0.053646 0.122685
0 0.615755 0.412269 0.045573 0.091204
0 0.643490 0.597685 0.051562 0.109259
0 0.660286 0.707639 0.055990 0.121759
0 0.647135 0.404167 0.046354 0.090741
0 0.678385 0.591435 0.053646 0.114352
0 0.696615 0.697917 0.056771 0.122685
0 0.678385 0.400231 0.047917 0.092130
0 0.713281 0.584491 0.053646 0.108796
0 0.731901 0.691898 0.058073 0.122685
0 0.709245 0.393056 0.050260 0.087963
0 0.727865 0.481250 0.051042 0.099537
0 0.746875 0.577083 0.055208 0.107870
0 0.768229 0.682870 0.059375 0.118519
0 0.739844 0.387500 0.051042 0.088889
0 0.757292 0.473148 0.057813 0.096296
0 0.781901 0.568981 0.057552 0.108333
0 0.803516 0.675463 0.061198 0.117593
0 0.769922 0.382639 0.052344 0.089352
0 0.792057 0.468750 0.055469 0.097685
0 0.813542 0.561806 0.059896 0.107870
0 0.838932 0.668056 0.063281 0.120370
0 0.800260 0.378935 0.054688 0.090278
0 0.822786 0.461111 0.056510 0.097222
0 0.848047 0.557407 0.062240 0.107407
0 0.873828 0.661806 0.064844 0.119907
