0 0.468359 0.198148 0.038802 0.026852
0 0.502734 0.197685 0.038802 0.026852
0 0.538932 0.198611 0.038802 0.026852
0 0.575651 0.200000 0.038802 0.026852
0 0.613281 0.200000 0.039583 0.027778
0 0.464453 0.223611 0.038802 0.026852
0 0.460026 0.250000 0.038802 0.026852
0 0.456120 0.277315 0.038802 0.026852
0 0.451562 0.303472 0.039583 0.028241
0 0.446875 0.331481 0.040104 0.029630
0 0.443359 0.359259 0.040365 0.029630
0 0.438281 0.387963 0.040625 0.030556
0 0.433854 0.417824 0.040625 0.033796
0 0.429557 0.447454 0.041927 0.033796
0 0.425911 0.478704 0.045052 0.035185
0 0.419401 0.508333 0.044531 0.037037
0 0.414844 0.541898 0.044271 0.039352
0 0.409245 0.574074 0.045052 0.039815
0 0.402995 0.608796 0.046615 0.040741
0 0.398828 0.644444 0.048177 0.043519
0 0.392708 0.679630 0.046354 0.048148
0 0.387109 0.717824 0.048177 0.048611
0 0.380208 0.757176 0.048958 0.048611
0 0.374219 0.795602 0.048958 0.048611
0 0.367708 0.835648 0.050521 0.051852
0 0.361328 0.878472 0.049219 0.055093
0 0.499089 0.224074 0.038802 0.026852
0 0.498568 0.223148 0.038802 0.026852
0 0.535286 0.225000 0.038802 0.026852
0 0.572786 0.225694 0.040885 0.028241
0 0.610547 0.226852 0.041406 0.027778
0 0.495703 0.250463 0.038802 0.026852
0 0.531901 0.252315 0.040365 0.026852
0 0.569141 0.253704 0.040365 0.026852
0 0.607552 0.255324 0.041146 0.027315
0 0.491276 0.278009 0.039844 0.026389
0 0.528776 0.279398 0.042448 0.027315
0 0.565365 0.281713 0.041667 0.029167
0 0.604688 0.282639 0.041667 0.029167
0 0.487500 0.306250 0.039583 0.028241
0 0.563151 0.309954 0.041927 0.029167
0 0.602083 0.312037 0.042188 0.031481
0 0.483724 0.333333 0.041927 0.029630
0 0.559766 0.339352 0.041927 0.029630
0 0.598828 0.341667 0.042969 0.030556
0 0.478776 0.362500 0.040365 0.029630
0 0.556250 0.368056 0.043750 0.031481
0 0.595703 0.371528 0.044010 0.033796
0 0.475391 0.390278 0.041927 0.032407
0 0.552865 0.398611 0.042188 0.034259
0 0.592969 0.402315 0.043750 0.035185
0 0.471875 0.421065 0.042188 0.036574
0 0.548047 0.428704 0.044010 0.037037
0 0.589583 0.432870 0.044271 0.037963
0 0.466667 0.452083 0.044271 0.033796
0 0.545443 0.459954 0.044010 0.037500
0 0.586589 0.466898 0.045052 0.040278
0 0.462370 0.483796 0.045573 0.037963
0 0.541797 0.492130 0.045573 0.039815
0 0.582943 0.498611 0.046094 0.040741
0 0.457292 0.513657 0.044792 0.040278
0 0.537500 0.526389 0.044271 0.040741
0 0.579818 0.532176 0.045052 0.041204
0 0.452214 0.547917 0.044010 0.042130
0 0.534115 0.559028 0.046354 0.042130
0 0.575781 0.565046 0.047396 0.043056
0 0.448177 0.581250 0.045833 0.039352
0 0.529687 0.594213 0.046875 0.043981
0 0.573438 0.600926 0.047396 0.047222
0 0.443229 0.614815 0.046354 0.042593
0 0.526302 0.630093 0.045833 0.044444
0 0.569271 0.638194 0.047917 0.046759
0 0.437760 0.652315 0.047396 0.044444
0 0.523568 0.668981 0.049219 0.049074
0 0.566797 0.676852 0.049219 0.049074
0 0.433464 0.688657 0.046094 0.043981
0 0.518490 0.706713 0.047396 0.049537
0 0.562760 0.716898 0.047396 0.049537
0 0.426953 0.725231 0.048177 0.048611
0 0.514453 0.745602 0.049219 0.054167
0 0.559505 0.757407 0.051302 0.054630
0 0.421875 0.766898 0.048958 0.051389
0 0.465625 0.776157 0.048958 0.051389
0 0.509896 0.787037 0.049479 0.053704
0 0.556901 0.799769 0.051823 0.054167
0 0.415755 0.806250 0.049740 0.055093
0 0.460547 0.816435 0.049740 0.055093
0 0.505990 0.829630 0.051042 0.056481
0 0.551693 0.842361 0.056510 0.056019
0 0.410417 0.848148 0.051042 0.050926
0 0.454688 0.860185 0.053125 0.055556
0 0.500391 0.873380 0.054948 0.058796
0 0.548828 0.886343 0.054948 0.058796
0 0.404297 0.890046 0.049219 0.055093
0 0.450260 0.902546 0.050521 0.056944
0 0.496745 0.917361 0.051823 0.060648
0 0.544401 0.931250 0.051823 0.061574
