0 0.265625 0.241435 0.042708 0.081944
0 0.250130 0.316204 0.045573 0.092593
0 0.234375 0.402546 0.047396 0.091204
0 0.215625 0.489120 0.048438 0.098611
0 0.195964 0.589583 0.054427 0.106944
0 0.294141 0.245833 0.042448 0.080556
0 0.322005 0.251157 0.041406 0.082870
0 0.349870 0.255787 0.041406 0.082870
0 0.378255 0.260880 0.041406 0.082870
0 0.405208 0.266204 0.038021 0.082407
0 0.433594 0.270370 0.038021 0.082407
0 0.461589 0.274074 0.038281 0.084259
0 0.490885 0.281481 0.037500 0.082407
0 0.517969 0.285417 0.036458 0.085648
0 0.546875 0.289583 0.034896 0.086574
0 0.574479 0.298148 0.034896 0.082407
0 0.603906 0.301157 0.032292 0.083796
0 0.631901 0.303009 0.033594 0.086574
0 0.661198 0.310880 0.031250 0.082870
0 0.690234 0.314583 0.030990 0.083796
0 0.719922 0.319907 0.032552 0.087037
0 0.748828 0.324306 0.032031 0.089352
0 0.777214 0.331481 0.033594 0.087963
0 0.806250 0.337731 0.034896 0.087500
0 0.836198 0.342130 0.036458 0.087037
0 0.864453 0.349074 0.038281 0.087963
0 0.308333 0.328009 0.041667 0.083796
0 0.294141 0.412500 0.046615 0.092593
0 0.278776 0.503704 0.048698 0.100926
0 0.261849 0.602083 0.052865 0.110648
0 0.337500 0.332639 0.044792 0.088426
0 0.324870 0.417361 0.045052 0.093056
0 0.310547 0.508333 0.047135 0.100926
0 0.293880 0.606481 0.049219 0.109259
0 0.367188 0.338426 0.041146 0.090741
0 0.342187 0.512731 0.047917 0.104167
0 0.326432 0.611806 0.050781 0.106019
0 0.394922 0.344907 0.038802 0.088889
0 0.373698 0.517593 0.045833 0.104630
0 0.359245 0.614815 0.046094 0.109259
0 0.425521 0.350463 0.040625 0.089815
0 0.404687 0.523611 0.043750 0.104630
0 0.392448 0.621991 0.046354 0.107870
0 0.455599 0.354398 0.038802 0.090278
0 0.436719 0.527083 0.043229 0.103241
0 0.426042 0.627546 0.044792 0.108796
0 0.483984 0.359722 0.038802 0.089815
0 0.467448 0.534028 0.042188 0.102315
0 0.459766 0.634954 0.046094 0.115278
0 0.512500 0.365509 0.037500 0.090278
0 0.498828 0.540278 0.039844 0.101852
0 0.491667 0.639120 0.042708 0.109722
0 0.541276 0.369213 0.035156 0.089352
0 0.530599 0.546991 0.038802 0.101389
0 0.524609 0.648148 0.040885 0.114815
0 0.572526 0.375694 0.036719 0.092130
0 0.563281 0.553704 0.038542 0.102778
0 0.559505 0.655324 0.040885 0.116204
0 0.572526 0.374769 0.037240 0.087500
0 0.563281 0.554167 0.038021 0.104630
0 0.558333 0.655093 0.040104 0.112037
0 0.600651 0.382407 0.033594 0.088889
0 0.594010 0.558796 0.034896 0.103704
0 0.591536 0.661111 0.040885 0.115741
0 0.630729 0.386343 0.033333 0.090278
0 0.627604 0.566204 0.034375 0.105556
0 0.624870 0.668750 0.037240 0.116204
0 0.662109 0.392824 0.032552 0.089352
0 0.660417 0.574537 0.034896 0.106481
0 0.658984 0.677083 0.036198 0.118056
0 0.691406 0.396759 0.033854 0.091667
0 0.692057 0.580787 0.036719 0.109722
0 0.692708 0.682870 0.037500 0.117593
0 0.720573 0.399537 0.034375 0.095370
0 0.725130 0.586574 0.036198 0.111111
0 0.727995 0.690509 0.037240 0.117130
0 0.751432 0.406019 0.035156 0.093519
0 0.758984 0.593750 0.036198 0.106944
0 0.762109 0.697222 0.038802 0.118519
0 0.782422 0.413194 0.035677 0.093056
0 0.786719 0.502778 0.036458 0.103704
0 0.791536 0.598148 0.037240 0.107407
0 0.795443 0.704167 0.039323 0.117593
0 0.811979 0.419444 0.035937 0.092593
0 0.818359 0.509259 0.037240 0.099074
0 0.823958 0.606250 0.040104 0.108796
0 0.830599 0.711343 0.040365 0.119907
0 0.842839 0.425926 0.038281 0.093519
0 0.849609 0.515509 0.039844 0.099537
0 0.857552 0.612269 0.040625 0.106944
0 0.864062 0.717593 0.043229 0.117593
0 0.872786 0.431944 0.040365 0.091667
0 0.881510 0.521065 0.041146 0.098611
0 0.890625 0.617824 0.041667 0.109722
0 0.899609 0.724769 0.043490 0.118981
