0 0.135547 0.334259 0.041927 0.076852
0 0.168880 0.328241 0.041927 0.076852
0 0.200911 0.319907 0.041927 0.076852
0 0.231510 0.311806 0.039062 0.078241
0 0.264323 0.307176 0.039062 0.078241
0 0.293750 0.298843 0.039062 0.078241
0 0.325130 0.291898 0.038802 0.078241
0 0.357161 0.284954 0.037760 0.079167
0 0.386458 0.276852 0.037500 0.075926
0 0.416667 0.272222 0.037500 0.075926
0 0.447135 0.265741 0.037500 0.075926
0 0.476302 0.258333 0.039062 0.075000
0 0.506120 0.250231 0.041927 0.074537
0 0.536328 0.252083 0.041927 0.074537
0 0.563672 0.239583 0.041927 0.074537
0 0.593099 0.231713 0.041927 0.074537
0 0.622656 0.224074 0.045833 0.075000
0 0.651172 0.216667 0.048177 0.071296
0 0.679818 0.211111 0.048177 0.071296
0 0.708333 0.205324 0.049479 0.070833
0 0.735677 0.199306 0.051042 0.069907
0 0.762500 0.192130 0.051042 0.065741
0 0.125130 0.407870 0.045573 0.087963
0 0.114714 0.487269 0.048177 0.098611
0 0.101823 0.580787 0.052083 0.109722
0 0.087760 0.683333 0.056250 0.122222
0 0.159375 0.399306 0.042708 0.086574
0 0.150391 0.480787 0.046094 0.096759
0 0.139714 0.571759 0.051302 0.108333
0 0.129297 0.675231 0.053385 0.120833
0 0.192839 0.390509 0.040885 0.085648
0 0.186849 0.470833 0.044531 0.095370
0 0.178255 0.561806 0.047135 0.106019
0 0.169922 0.662963 0.050260 0.119444
0 0.227344 0.382407 0.037500 0.083333
0 0.222005 0.462500 0.040885 0.096296
0 0.216276 0.551620 0.043490 0.104167
0 0.209896 0.652083 0.045833 0.119907
0 0.259766 0.374769 0.036719 0.082870
0 0.253516 0.539120 0.041406 0.105093
0 0.249740 0.638426 0.043750 0.118519
0 0.293750 0.365972 0.034896 0.083796
0 0.291016 0.528241 0.039323 0.100000
0 0.289062 0.628009 0.041146 0.117130
0 0.326302 0.357870 0.035417 0.082407
0 0.328516 0.518981 0.038802 0.101852
0 0.330339 0.614583 0.040365 0.117130
0 0.359375 0.351620 0.036979 0.082870
0 0.366146 0.510648 0.041146 0.100000
0 0.369401 0.604861 0.041406 0.113426
0 0.391276 0.341204 0.037240 0.081481
0 0.400651 0.501620 0.042969 0.097685
0 0.406771 0.596296 0.044792 0.112037
0 0.423828 0.335880 0.039844 0.079167
0 0.436979 0.493056 0.045312 0.098148
0 0.444141 0.586343 0.047135 0.108796
0 0.454297 0.318981 0.040365 0.077778
0 0.471354 0.484491 0.046875 0.094907
0 0.480469 0.575000 0.052083 0.110185
0 0.485417 0.322917 0.042188 0.077315
0 0.505990 0.477083 0.048438 0.094907
0 0.516146 0.565972 0.056250 0.107870
0 0.516016 0.315278 0.043490 0.076852
0 0.539323 0.469907 0.051562 0.098148
0 0.553125 0.559722 0.057292 0.109259
0 0.546615 0.309491 0.046875 0.082870
0 0.574609 0.459491 0.052865 0.093981
0 0.589193 0.549537 0.058594 0.108333
0 0.576953 0.295370 0.045573 0.075926
0 0.610156 0.451852 0.055208 0.097222
0 0.626693 0.540741 0.059115 0.108333
0 0.607943 0.293287 0.048177 0.077315
0 0.644792 0.442130 0.056771 0.092593
0 0.664323 0.530093 0.064583 0.104630
0 0.638802 0.285880 0.050521 0.077315
0 0.674609 0.433102 0.062760 0.091204
0 0.697396 0.520833 0.068750 0.101852
0 0.669141 0.276852 0.054427 0.075000
0 0.709766 0.424537 0.060677 0.093519
0 0.735417 0.512731 0.066146 0.105093
0 0.700130 0.270370 0.050260 0.074074
0 0.720964 0.340509 0.058073 0.081944
0 0.743099 0.416204 0.062240 0.091667
0 0.771875 0.503704 0.065625 0.103704
0 0.727734 0.265509 0.056510 0.073611
0 0.752344 0.331713 0.056771 0.080093
0 0.777604 0.409954 0.060937 0.088426
0 0.806250 0.494213 0.069271 0.103241
0 0.758594 0.257870 0.055208 0.072222
0 0.780729 0.324306 0.064062 0.079167
0 0.808594 0.400463 0.067708 0.090741
0 0.837500 0.483796 0.077083 0.101852
0 0.786068 0.251389 0.060156 0.071296
0 0.812891 0.318287 0.062240 0.079167
0 0.841667 0.393287 0.068229 0.092130
0 0.871484 0.475000 0.075260 0.100926
