0 0.116406 0.384259 0.050521 0.098148
0 0.152474 0.377315 0.048177 0.093519
0 0.188932 0.371296 0.046094 0.099074
0 0.222656 0.364352 0.044271 0.098148
0 0.257552 0.356250 0.042708 0.095833
0 0.290755 0.351157 0.039844 0.092130
0 0.328385 0.344213 0.042188 0.094907
0 0.360286 0.337037 0.041406 0.090741
0 0.395313 0.331250 0.041667 0.090278
0 0.426302 0.327778 0.042708 0.090741
0 0.461458 0.319444 0.042708 0.090741
0 0.494271 0.312731 0.046875 0.090278
0 0.527083 0.309954 0.046875 0.090278
0 0.560417 0.301157 0.046875 0.090278
0 0.594271 0.294676 0.046875 0.090278
0 0.625781 0.290046 0.046875 0.090278
0 0.659115 0.283333 0.048958 0.089815
0 0.691536 0.277315 0.051302 0.091667
0 0.724609 0.271528 0.053385 0.087500
0 0.755859 0.265972 0.053385 0.087500
0 0.787370 0.258796 0.055990 0.083333
0 0.819141 0.253704 0.055990 0.083333
0 0.104036 0.474306 0.050260 0.106019
0 0.089844 0.577546 0.054688 0.117130
0 0.073047 0.695139 0.059115 0.134722
0 0.055729 0.828241 0.064583 0.152778
0 0.141406 0.467593 0.047917 0.105556
0 0.130078 0.568519 0.051823 0.117593
0 0.116276 0.686806 0.057031 0.132870
0 0.099740 0.818287 0.061458 0.152315
0 0.179167 0.460880 0.044792 0.104167
0 0.169271 0.563426 0.049479 0.113889
0 0.157552 0.677546 0.053646 0.130093
0 0.145443 0.807870 0.058073 0.150000
0 0.215885 0.455556 0.042708 0.104630
0 0.207943 0.553935 0.047135 0.116204
0 0.199479 0.668519 0.049479 0.130556
0 0.189062 0.796528 0.054167 0.149537
0 0.251953 0.445833 0.042969 0.101852
0 0.240104 0.658796 0.047917 0.129630
0 0.233203 0.784954 0.051302 0.143981
0 0.288021 0.439352 0.039062 0.100926
0 0.281510 0.647222 0.044271 0.124074
0 0.276953 0.773611 0.047656 0.145370
0 0.325651 0.432176 0.037760 0.100463
0 0.322135 0.639815 0.042188 0.126852
0 0.319922 0.764120 0.044531 0.140278
0 0.362891 0.423611 0.036719 0.096296
0 0.362891 0.629861 0.041406 0.125463
0 0.364844 0.753009 0.043750 0.137500
0 0.398307 0.419213 0.041406 0.102315
0 0.404818 0.619444 0.043490 0.127778
0 0.407292 0.743519 0.046875 0.138889
0 0.433854 0.411574 0.043229 0.098148
0 0.442578 0.610880 0.048698 0.129167
0 0.449219 0.736111 0.051562 0.141667
0 0.468620 0.404630 0.042448 0.099074
0 0.482943 0.603241 0.047135 0.120370
0 0.492188 0.726620 0.052083 0.140278
0 0.499609 0.372222 0.047135 0.098148
0 0.520833 0.596759 0.052604 0.121296
0 0.532943 0.717130 0.056510 0.135185
0 0.536458 0.390741 0.046875 0.097222
0 0.559896 0.590741 0.055208 0.122222
0 0.575130 0.712963 0.058073 0.139815
0 0.572135 0.380324 0.048958 0.094907
0 0.599870 0.581944 0.055990 0.119444
0 0.613672 0.702778 0.064323 0.137037
0 0.605990 0.378472 0.051562 0.095833
0 0.638411 0.577083 0.059115 0.119907
0 0.656641 0.693981 0.064323 0.135185
0 0.639714 0.366204 0.051302 0.098148
0 0.676042 0.567361 0.061979 0.119907
0 0.698568 0.687037 0.064323 0.130556
0 0.698438 0.686343 0.066146 0.134722
0 0.675130 0.360417 0.052865 0.095833
0 0.714453 0.559954 0.065365 0.116204
0 0.739193 0.676620 0.066406 0.131944
0 0.710286 0.356019 0.053385 0.089815
0 0.754818 0.553009 0.064323 0.120833
0 0.779687 0.666667 0.067187 0.133333
0 0.742318 0.351620 0.057031 0.093056
0 0.766406 0.440972 0.061458 0.104167
0 0.792448 0.545370 0.065104 0.117593
0 0.820573 0.661574 0.071875 0.133333
0 0.777734 0.345370 0.056510 0.092593
0 0.802344 0.436111 0.061979 0.102778
0 0.830729 0.537037 0.067187 0.119444
0 0.858073 0.651157 0.078125 0.132870
0 0.810677 0.339583 0.060937 0.092130
0 0.836849 0.428472 0.065365 0.101389
0 0.866406 0.529167 0.071875 0.115741
0 0.899870 0.644676 0.075260 0.126389
0 0.843620 0.331713 0.060677 0.090278
0 0.872786 0.422222 0.066927 0.100000
0 0.903516 0.521065 0.071094 0.113426
0 0.938542 0.635185 0.078125 0.130556
