0 0.470182 0.143519 0.039323 0.029630
0 0.505339 0.142593 0.039323 0.029630
0 0.541927 0.142824 0.040104 0.028241
0 0.578385 0.143750 0.040104 0.028241
0 0.616146 0.145602 0.040104 0.028241
0 0.467578 0.168981 0.039323 0.029630
0 0.463151 0.195833 0.039323 0.029630
0 0.458203 0.223611 0.039323 0.029630
0 0.454036 0.250926 0.039323 0.029630
0 0.450130 0.280093 0.039323 0.029630
0 0.447005 0.309028 0.040365 0.031019
0 0.442318 0.339120 0.040365 0.032870
0 0.438672 0.369213 0.040365 0.032870
0 0.433854 0.399306 0.041667 0.035648
0 0.429948 0.430324 0.041667 0.035648
0 0.425521 0.462037 0.043750 0.037037
0 0.420703 0.495139 0.043490 0.040278
0 0.415495 0.526620 0.043490 0.040278
0 0.410026 0.561806 0.044531 0.042130
0 0.406380 0.595833 0.045573 0.043519
0 0.401172 0.631481 0.045573 0.043519
0 0.395052 0.668287 0.046875 0.046759
0 0.389974 0.706019 0.047656 0.048148
0 0.384635 0.744676 0.048438 0.050463
0 0.379427 0.785880 0.048438 0.050463
0 0.373307 0.826157 0.048698 0.053241
0 0.502474 0.170370 0.039323 0.029630
0 0.537891 0.170370 0.039323 0.029630
0 0.575521 0.172917 0.040625 0.029167
0 0.613802 0.173148 0.042708 0.029630
0 0.498047 0.198611 0.039323 0.029630
0 0.534505 0.197685 0.041927 0.031481
0 0.572786 0.201852 0.041927 0.031481
0 0.611068 0.203704 0.041927 0.031481
0 0.494922 0.225463 0.039323 0.029630
0 0.530859 0.225926 0.039323 0.029630
0 0.569010 0.228704 0.041146 0.030556
0 0.608333 0.231019 0.041146 0.030556
0 0.490234 0.254167 0.039323 0.029630
0 0.566667 0.259028 0.040625 0.031944
0 0.605859 0.260417 0.042448 0.031944
0 0.486328 0.281481 0.039323 0.031481
0 0.563802 0.287500 0.041667 0.031481
0 0.602995 0.289583 0.042969 0.031019
0 0.482943 0.312269 0.041406 0.033796
0 0.560417 0.317824 0.044792 0.034722
0 0.600391 0.319907 0.045052 0.036111
0 0.479167 0.342361 0.042188 0.034722
0 0.556771 0.346991 0.042188 0.037500
0 0.596875 0.349769 0.043750 0.040278
0 0.475391 0.373380 0.040365 0.032870
0 0.553385 0.378935 0.045312 0.036574
0 0.594141 0.385417 0.046094 0.037500
0 0.471875 0.402546 0.042708 0.037500
0 0.548958 0.412037 0.043750 0.037963
0 0.590234 0.416204 0.045573 0.038889
0 0.467187 0.435417 0.041667 0.035648
0 0.546094 0.445602 0.043229 0.036574
0 0.587370 0.449769 0.046094 0.038426
0 0.463021 0.465972 0.044271 0.039352
0 0.542969 0.476620 0.044271 0.039352
0 0.585286 0.482639 0.046615 0.041204
0 0.459245 0.500231 0.043490 0.040278
0 0.538672 0.510185 0.043490 0.044444
0 0.581510 0.516898 0.046354 0.045833
0 0.454297 0.532176 0.043490 0.040278
0 0.539974 0.545139 0.045052 0.043056
0 0.577865 0.552083 0.046354 0.047685
0 0.449609 0.567361 0.044531 0.042130
0 0.531901 0.581481 0.046615 0.046296
0 0.575000 0.590509 0.047396 0.044907
0 0.445703 0.604167 0.046094 0.045370
0 0.527734 0.618981 0.046094 0.045370
0 0.571484 0.626852 0.048177 0.046296
0 0.441016 0.637731 0.045573 0.043981
0 0.524740 0.656713 0.047396 0.048611
0 0.567969 0.665509 0.049479 0.049537
0 0.435937 0.676620 0.046875 0.046759
0 0.520443 0.696065 0.047656 0.052315
0 0.565755 0.705324 0.047656 0.052315
0 0.431771 0.715972 0.047917 0.050463
0 0.473958 0.725694 0.047917 0.050463
0 0.517188 0.737037 0.047917 0.050926
0 0.562370 0.746991 0.048177 0.054167
0 0.426953 0.755324 0.048698 0.054167
0 0.469661 0.764583 0.048698 0.054167
0 0.512891 0.776157 0.048698 0.054167
0 0.559115 0.788657 0.049479 0.055093
0 0.421484 0.796759 0.051302 0.052778
0 0.465234 0.805556 0.051302 0.052778
0 0.509375 0.817130 0.049479 0.055556
0 0.554557 0.832870 0.052344 0.056481
0 0.415885 0.836111 0.052083 0.053704
0 0.459375 0.847685 0.049479 0.055556
0 0.504948 0.860648 0.049479 0.055556
0 0.551953 0.874769 0.051823 0.057870
