0 0.471615 0.165278 0.036979 0.025926
0 0.505729 0.164352 0.036979 0.025926
0 0.539844 0.166204 0.036979 0.025926
0 0.574479 0.167130 0.036979 0.025926
0 0.610286 0.167130 0.037240 0.025926
0 0.468359 0.191204 0.037240 0.027778
0 0.465234 0.215046 0.037240 0.025463
0 0.461328 0.241204 0.038281 0.026852
0 0.457943 0.267824 0.037760 0.028241
0 0.453906 0.295602 0.038021 0.031019
0 0.450260 0.321991 0.038021 0.031019
0 0.446094 0.350231 0.038021 0.031019
0 0.442969 0.378935 0.038021 0.031019
0 0.438932 0.407407 0.039844 0.033333
0 0.433984 0.435880 0.039844 0.035648
0 0.430078 0.466898 0.039844 0.035648
0 0.426172 0.497917 0.040365 0.039352
0 0.421875 0.528704 0.041667 0.039815
0 0.452865 0.565278 0.041667 0.039815
0 0.412240 0.593056 0.041667 0.039815
0 0.407422 0.627315 0.042448 0.041667
0 0.402474 0.662037 0.042448 0.041667
0 0.397786 0.698148 0.044531 0.046296
0 0.392839 0.733565 0.044010 0.044907
0 0.388021 0.770370 0.045312 0.046296
0 0.382552 0.808796 0.046354 0.050000
0 0.501693 0.190741 0.037240 0.027778
0 0.536589 0.191204 0.037240 0.027778
0 0.571745 0.191667 0.037240 0.027778
0 0.608724 0.193750 0.040885 0.030093
0 0.499349 0.217361 0.037240 0.029167
0 0.532682 0.216898 0.037240 0.029167
0 0.568750 0.219676 0.040104 0.027315
0 0.606120 0.219907 0.039844 0.029630
0 0.495573 0.243519 0.038021 0.028704
0 0.529297 0.244907 0.040365 0.026852
0 0.565365 0.245833 0.040625 0.030556
0 0.603385 0.249074 0.040625 0.030556
0 0.491536 0.269213 0.038802 0.029167
0 0.563802 0.273611 0.040625 0.029630
0 0.600651 0.275694 0.042448 0.031944
0 0.487760 0.296991 0.038021 0.031019
0 0.560026 0.302083 0.041406 0.031019
0 0.598568 0.304861 0.041406 0.031019
0 0.484896 0.325231 0.038021 0.031019
0 0.557813 0.331019 0.040625 0.031481
0 0.595833 0.334259 0.041667 0.034259
0 0.481510 0.353472 0.039062 0.031944
0 0.554427 0.361343 0.042188 0.032870
0 0.591927 0.362731 0.042188 0.032870
0 0.477083 0.382176 0.038021 0.031019
0 0.550521 0.390741 0.039583 0.033333
0 0.589193 0.393750 0.041406 0.035648
0 0.474479 0.410648 0.039583 0.035185
0 0.547786 0.419213 0.041927 0.035648
0 0.586589 0.423843 0.041406 0.035648
0 0.469661 0.441898 0.039844 0.035648
0 0.544401 0.450231 0.041927 0.036574
0 0.583464 0.455787 0.041927 0.036574
0 0.466276 0.471528 0.039844 0.035648
0 0.541406 0.482639 0.041667 0.035648
0 0.580990 0.488426 0.043229 0.037963
0 0.461849 0.501620 0.040365 0.039352
0 0.538802 0.514583 0.042708 0.038426
0 0.576953 0.517824 0.045052 0.039352
0 0.457552 0.533796 0.041667 0.039815
0 0.534635 0.545833 0.041667 0.039815
0 0.574349 0.551157 0.042969 0.043056
0 0.416016 0.560185 0.042448 0.039815
0 0.531901 0.579630 0.044531 0.043519
0 0.570964 0.586111 0.044531 0.043519
0 0.450000 0.600926 0.041667 0.039815
0 0.527734 0.613194 0.042448 0.043056
0 0.568229 0.621991 0.042708 0.041204
0 0.445182 0.633565 0.042448 0.043981
0 0.524219 0.647917 0.043750 0.047685
0 0.566146 0.658796 0.045312 0.044444
0 0.441536 0.668981 0.044010 0.045370
0 0.520703 0.686111 0.044010 0.045370
0 0.563151 0.694213 0.046615 0.050463
0 0.437630 0.706019 0.044531 0.046296
0 0.476953 0.713426 0.044531 0.046296
0 0.517057 0.722685 0.046094 0.048148
0 0.560807 0.732176 0.046615 0.048611
0 0.432031 0.742130 0.045833 0.049074
0 0.473698 0.750694 0.045833 0.050463
0 0.514062 0.760880 0.045833 0.050463
0 0.510677 0.800694 0.045833 0.050463
0 0.558073 0.771991 0.045833 0.050463
0 0.426563 0.780556 0.045312 0.046296
0 0.468229 0.790278 0.045312 0.046296
0 0.553385 0.811343 0.047396 0.053241
0 0.422656 0.819213 0.045833 0.050463
0 0.463802 0.828472 0.045833 0.050463
0 0.506641 0.840278 0.047135 0.050926
0 0.548958 0.852778 0.051042 0.053704
