0 0.103125 0.318981 0.050521 0.101852
0 0.139583 0.311111 0.048438 0.100000
0 0.176302 0.302546 0.046354 0.095833
0 0.211849 0.299306 0.045573 0.099537
0 0.246615 0.291204 0.040625 0.096296
0 0.283203 0.284954 0.039844 0.096759
0 0.319141 0.277315 0.038802 0.098148
0 0.353776 0.271296 0.038802 0.098148
0 0.388411 0.265278 0.038802 0.098148
0 0.423177 0.258796 0.041667 0.091667
0 0.457031 0.253241 0.041667 0.095370
0 0.490885 0.248611 0.041667 0.095370
0 0.526172 0.242361 0.044010 0.093981
0 0.558984 0.236806 0.044010 0.093981
0 0.592969 0.228704 0.047917 0.089815
0 0.626823 0.222222 0.047917 0.089815
0 0.661198 0.216435 0.051562 0.088426
0 0.694010 0.209491 0.051562 0.088426
0 0.727734 0.201852 0.052865 0.087037
0 0.760286 0.197222 0.052865 0.087037
0 0.792839 0.193056 0.052865 0.087037
0 0.826042 0.187500 0.059375 0.087037
0 0.092188 0.411343 0.052083 0.110648
0 0.077083 0.518056 0.055729 0.122222
0 0.061328 0.629630 0.061719 0.134259
0 0.042839 0.771991 0.065365 0.151389
0 0.129688 0.405093 0.052083 0.110185
0 0.114453 0.511111 0.054948 0.121296
0 0.103385 0.627546 0.058333 0.138426
0 0.088151 0.761574 0.062760 0.150926
0 0.166927 0.398380 0.046354 0.104167
0 0.157031 0.507639 0.050000 0.115278
0 0.146094 0.619676 0.054167 0.132870
0 0.133464 0.753009 0.058594 0.150463
0 0.204687 0.391667 0.045833 0.109259
0 0.197266 0.493981 0.048698 0.119444
0 0.188802 0.611806 0.051562 0.132870
0 0.178776 0.741435 0.057552 0.150463
0 0.242839 0.382639 0.043490 0.105093
0 0.230599 0.598843 0.049219 0.133796
0 0.225000 0.723148 0.051562 0.148148
0 0.280990 0.367824 0.042708 0.105093
0 0.272135 0.591898 0.046875 0.131019
0 0.269141 0.711574 0.049740 0.146296
0 0.317188 0.367361 0.038021 0.103241
0 0.313672 0.580556 0.044010 0.131481
0 0.312891 0.707870 0.045573 0.147222
0 0.354167 0.362269 0.040625 0.105093
0 0.357292 0.571991 0.042708 0.128241
0 0.357682 0.694444 0.044531 0.143519
0 0.391536 0.356481 0.043490 0.104630
0 0.397656 0.561806 0.046354 0.129167
0 0.400000 0.685880 0.051042 0.141204
0 0.426432 0.349537 0.045573 0.103704
0 0.435807 0.556481 0.050781 0.121296
0 0.440365 0.678704 0.055729 0.141667
0 0.462630 0.340972 0.043490 0.102315
0 0.478906 0.545370 0.050000 0.122222
0 0.486849 0.671065 0.053906 0.138426
0 0.499219 0.335185 0.045833 0.100000
0 0.518620 0.540278 0.051302 0.122222
0 0.528776 0.661111 0.058594 0.138889
0 0.535677 0.328704 0.048438 0.101852
0 0.557422 0.531481 0.055990 0.118519
0 0.573047 0.653935 0.059115 0.140278
0 0.570443 0.320370 0.049219 0.100926
0 0.597266 0.523843 0.055990 0.119907
0 0.613932 0.646991 0.059115 0.137500
0 0.606120 0.314583 0.051302 0.098611
0 0.637891 0.518056 0.058073 0.119444
0 0.656771 0.638426 0.063021 0.133333
0 0.641536 0.308565 0.053385 0.098611
0 0.677604 0.509491 0.061458 0.120833
0 0.697135 0.629861 0.067187 0.138426
0 0.676562 0.299306 0.056250 0.096759
0 0.716536 0.502778 0.063802 0.118519
0 0.740755 0.622454 0.067448 0.135648
0 0.712760 0.294213 0.055729 0.096759
0 0.756771 0.495370 0.066667 0.123148
0 0.780990 0.612963 0.070833 0.133333
0 0.747917 0.286343 0.058333 0.093981
0 0.771354 0.382176 0.060417 0.106944
0 0.795964 0.485185 0.067448 0.118519
0 0.823698 0.605787 0.070833 0.135648
0 0.781771 0.282870 0.061458 0.094444
0 0.807292 0.374537 0.063021 0.103704
0 0.833984 0.478935 0.067969 0.118981
0 0.864062 0.595602 0.073958 0.131019
0 0.815755 0.276389 0.063802 0.094444
0 0.845052 0.368056 0.067708 0.105556
0 0.873568 0.470370 0.072135 0.115741
0 0.906120 0.587500 0.077865 0.128704
0 0.850781 0.268750 0.063542 0.092130
0 0.880078 0.359722 0.067448 0.100926
0 0.912240 0.463657 0.075521 0.115278
0 0.945052 0.578009 0.078125 0.131944
