0 0.260677 0.304630 0.043229 0.076852
0 0.244271 0.381944 0.045833 0.085185
0 0.227995 0.466667 0.048177 0.093519
0 0.209896 0.556019 0.050000 0.101852
0 0.190234 0.653935 0.052344 0.109722
0 0.287240 0.309491 0.042188 0.076389
0 0.314844 0.312037 0.043229 0.079630
0 0.342708 0.315509 0.040625 0.082870
0 0.369271 0.321991 0.040625 0.082870
0 0.398307 0.324074 0.040885 0.081481
0 0.427865 0.327315 0.036979 0.081481
0 0.453906 0.332407 0.036979 0.082407
0 0.482682 0.341204 0.035677 0.080556
0 0.509766 0.342130 0.035677 0.082407
0 0.537500 0.346528 0.034896 0.081019
0 0.566146 0.350463 0.033333 0.077778
0 0.595573 0.352546 0.032292 0.079167
0 0.623437 0.356250 0.032813 0.084722
0 0.652734 0.361343 0.031510 0.081944
0 0.682161 0.364352 0.032031 0.083333
0 0.710807 0.368287 0.032552 0.085648
0 0.739844 0.372454 0.034375 0.085648
0 0.768229 0.377546 0.035937 0.081019
0 0.797135 0.382639 0.035937 0.081019
0 0.826562 0.387269 0.037500 0.082870
0 0.855859 0.391204 0.038802 0.087037
0 0.273307 0.385880 0.043490 0.084722
0 0.258203 0.469907 0.047656 0.090741
0 0.241797 0.561343 0.050781 0.099537
0 0.222917 0.660417 0.053125 0.111574
0 0.301953 0.389815 0.043490 0.085185
0 0.287760 0.473148 0.047917 0.093519
0 0.272266 0.565972 0.050260 0.097685
0 0.254948 0.663657 0.051042 0.111574
0 0.332031 0.393056 0.041667 0.085185
0 0.318359 0.478241 0.045052 0.092593
0 0.302865 0.568287 0.048438 0.103241
0 0.287891 0.668750 0.051302 0.108796
0 0.360286 0.398843 0.040885 0.088426
0 0.335807 0.572685 0.045573 0.098148
0 0.322396 0.671759 0.051042 0.112037
0 0.389974 0.403009 0.039844 0.088426
0 0.368229 0.576620 0.044792 0.100463
0 0.354818 0.676620 0.049219 0.110648
0 0.418229 0.409028 0.036458 0.087500
0 0.398698 0.579398 0.042708 0.103241
0 0.388802 0.680556 0.046875 0.107407
0 0.448958 0.411806 0.040104 0.087500
0 0.430990 0.586111 0.042708 0.101852
0 0.421484 0.686806 0.045573 0.110648
0 0.476693 0.416435 0.036719 0.084722
0 0.464062 0.590509 0.042708 0.102315
0 0.455208 0.689815 0.045833 0.112037
0 0.505990 0.420833 0.036979 0.086111
0 0.494661 0.594213 0.040365 0.104167
0 0.488281 0.695833 0.043229 0.113889
0 0.534375 0.422222 0.035417 0.088889
0 0.525521 0.600463 0.036979 0.103704
0 0.520703 0.701389 0.038802 0.117593
0 0.564974 0.428241 0.034635 0.086111
0 0.558464 0.606944 0.039323 0.101852
0 0.555990 0.706944 0.040625 0.114815
0 0.594141 0.431944 0.033594 0.087963
0 0.590495 0.611806 0.036198 0.104167
0 0.587760 0.713194 0.038021 0.118056
0 0.623307 0.438194 0.033073 0.089352
0 0.622786 0.618519 0.035156 0.106481
0 0.622135 0.720139 0.037500 0.117130
0 0.653385 0.442130 0.032813 0.087037
0 0.655729 0.624074 0.034375 0.105556
0 0.656641 0.728241 0.036198 0.114815
0 0.685026 0.448380 0.033594 0.088426
0 0.688542 0.630787 0.037500 0.105093
0 0.690104 0.733565 0.038542 0.117130
0 0.714193 0.450000 0.034635 0.092593
0 0.720964 0.635417 0.038281 0.107870
0 0.725651 0.738426 0.038802 0.117593
0 0.743750 0.453472 0.036979 0.090278
0 0.754167 0.640278 0.040625 0.107407
0 0.760026 0.744676 0.041406 0.119907
0 0.775391 0.458796 0.037240 0.091667
0 0.781380 0.551852 0.040365 0.101852
0 0.787109 0.643981 0.040365 0.110185
0 0.794141 0.750694 0.041927 0.122685
0 0.805469 0.465278 0.038542 0.095370
0 0.811328 0.551620 0.040885 0.102315
0 0.819661 0.650926 0.042448 0.105556
0 0.827734 0.757407 0.043490 0.115741
0 0.834896 0.469444 0.039062 0.089815
0 0.843880 0.559028 0.042448 0.100463
0 0.852865 0.655093 0.043229 0.105556
0 0.863021 0.762500 0.045312 0.117593
0 0.864974 0.472685 0.041406 0.090741
0 0.875521 0.559491 0.042708 0.098611
0 0.886068 0.659954 0.044010 0.111574
0 0.896615 0.767593 0.047396 0.116667
