0 0.337891 0.214815 0.015885 0.009259
0 0.337370 0.223611 0.015885 0.009259
0 0.335677 0.231713 0.015625 0.009722
0 0.334896 0.240509 0.015625 0.009722
0 0.334245 0.249306 0.015885 0.010648
0 0.332943 0.257870 0.016406 0.010185
0 0.332161 0.266667 0.016406 0.010185
0 0.331120 0.275463 0.016406 0.010185
0 0.329818 0.284722 0.016406 0.010185
0 0.329297 0.293519 0.016406 0.010185
0 0.355339 0.212500 0.015885 0.009259
0 0.354818 0.220139 0.016406 0.009722
0 0.353776 0.229398 0.016406 0.009722
0 0.352995 0.237500 0.016406 0.010185
0 0.352214 0.246296 0.016406 0.010185
0 0.351302 0.255787 0.016667 0.010648
0 0.349219 0.275694 0.016667 0.010648
0 0.348177 0.284491 0.016667 0.010648
0 0.347656 0.293981 0.016667 0.011111
0 0.369792 0.212269 0.016667 0.009722
0 0.369792 0.220602 0.016667 0.009722
0 0.369010 0.228472 0.016667 0.009722
0 0.368490 0.236343 0.016667 0.009722
0 0.367188 0.246065 0.016667 0.009722
0 0.366406 0.253935 0.016667 0.009722
0 0.364844 0.275463 0.016667 0.011111
0 0.364063 0.284259 0.016667 0.011111
0 0.363281 0.293056 0.016667 0.011111
0 0.384766 0.214352 0.015885 0.011111
0 0.384245 0.222222 0.015885 0.011111
0 0.383464 0.231019 0.015885 0.011111
0 0.382943 0.239352 0.015885 0.011111
0 0.382161 0.247685 0.015885 0.011111
0 0.381641 0.256481 0.015885 0.011111
0 0.381380 0.265278 0.015885 0.011111
0 0.379557 0.274074 0.015885 0.011111
0 0.379818 0.284259 0.015885 0.011111
0 0.378906 0.292593 0.016146 0.011111
0 0.401693 0.214352 0.015885 0.011111
0 0.400911 0.221759 0.015885 0.011111
0 0.400391 0.231019 0.015885 0.011111
0 0.399870 0.238889 0.015885 0.011111
0 0.399609 0.247685 0.015885 0.011111
0 0.399089 0.256481 0.015885 0.011111
0 0.398568 0.265741 0.015885 0.011111
0 0.397786 0.274537 0.015885 0.011111
0 0.397266 0.283796 0.015885 0.011111
0 0.397135 0.292361 0.016667 0.011574
0 0.416536 0.212963 0.015885 0.011111
0 0.416536 0.220370 0.015885 0.011111
0 0.416016 0.228704 0.015885 0.011111
0 0.415495 0.237963 0.015885 0.011111
0 0.414974 0.247222 0.015885 0.011111
0 0.414453 0.255556 0.015885 0.011111
0 0.413542 0.274074 0.016667 0.011111
0 0.413021 0.283333 0.016667 0.011111
0 0.412760 0.293056 0.016667 0.011111
0 0.431901 0.213889 0.015885 0.011111
0 0.431641 0.222222 0.015885 0.011111
0 0.431380 0.230093 0.015885 0.011111
0 0.430859 0.239352 0.015885 0.011111
0 0.430859 0.246759 0.015885 0.011111
0 0.430859 0.256944 0.015885 0.011111
0 0.429818 0.274537 0.015885 0.011111
0 0.429297 0.281944 0.015885 0.011111
0 0.428776 0.292593 0.015885 0.011111
0 0.446745 0.213426 0.015885 0.011111
0 0.446484 0.220833 0.015885 0.011111
0 0.446484 0.230093 0.015885 0.011111
0 0.445703 0.237963 0.015885 0.011111
0 0.445964 0.247222 0.015885 0.011111
0 0.445443 0.256481 0.015885 0.011111
0 0.445443 0.264815 0.015885 0.011111
0 0.445182 0.274074 0.015885 0.011111
0 0.444922 0.282870 0.015885 0.011111
0 0.444661 0.291667 0.015885 0.011111
0 0.462891 0.211574 0.015885 0.011111
0 0.462370 0.220370 0.015885 0.011111
0 0.462370 0.227778 0.015885 0.011111
0 0.462630 0.237037 0.015885 0.011111
0 0.462630 0.245370 0.015885 0.011111
0 0.462109 0.253241 0.015885 0.011111
0 0.462109 0.273148 0.015885 0.011111
0 0.461589 0.282407 0.015885 0.011111
0 0.461589 0.291204 0.015885 0.011111
0 0.477214 0.211111 0.015885 0.011111
0 0.477214 0.218519 0.015885 0.011111
0 0.477474 0.227778 0.015885 0.011111
0 0.477474 0.236574 0.015885 0.011111
0 0.477214 0.244444 0.015885 0.011111
0 0.477214 0.253704 0.015885 0.011111
0 0.476953 0.271759 0.015885 0.011111
0 0.476953 0.281019 0.015885 0.011111
0 0.476953 0.290741 0.015885 0.011111
0 0.493229 0.211806 0.016146 0.009722
0 0.492708 0.220602 0.016146 0.009722
0 0.492969 0.228009 0.016146 0.009722
0 0.492708 0.236806 0.016146 0.009722
0 0.493229 0.246065 0.016146 0.009722
0 0.492969 0.253935 0.016146 0.009722
0 0.492969 0.263194 0.016146 0.009722
0 0.492969 0.271528 0.016146 0.009722
0 0.492969 0.282176 0.016146 0.009722
0 0.493229 0.290972 0.016146 0.009722
0 0.507292 0.211343 0.016146 0.009722
0 0.507552 0.220602 0.016146 0.009722
0 0.508333 0.228472 0.016146 0.009722
0 0.508073 0.237731 0.016146 0.009722
0 0.508073 0.245602 0.016146 0.009722
0 0.508854 0.263194 0.016146 0.009722
0 0.508854 0.271991 0.016146 0.009722
0 0.508854 0.280787 0.016146 0.009722
0 0.509115 0.290046 0.016146 0.009722
0 0.524219 0.217824 0.016146 0.009722
0 0.523438 0.209028 0.016146 0.009722
0 0.523698 0.226620 0.016146 0.009722
0 0.524219 0.234491 0.016146 0.009722
0 0.524740 0.244213 0.016146 0.009722
0 0.525000 0.253009 0.016146 0.009722
0 0.525260 0.271528 0.016146 0.009722
0 0.525781 0.280787 0.016146 0.009722
0 0.526302 0.289120 0.016146 0.009722
0 0.539062 0.209491 0.016146 0.009722
0 0.538802 0.219676 0.016146 0.009722
0 0.539323 0.227546 0.016146 0.009722
0 0.539844 0.235417 0.016146 0.009722
0 0.540365 0.243750 0.016146 0.009722
0 0.540885 0.253009 0.016146 0.009722
0 0.540365 0.261806 0.016146 0.009722
0 0.541146 0.271296 0.016667 0.011111
0 0.541406 0.279630 0.016667 0.011111
0 0.541536 0.289352 0.017448 0.010185
0 0.555729 0.210417 0.016146 0.009722
0 0.555469 0.218287 0.016146 0.009722
0 0.555990 0.226620 0.016146 0.009722
0 0.556250 0.235417 0.016146 0.009722
0 0.556771 0.243750 0.016146 0.009722
0 0.557031 0.252546 0.016146 0.009722
0 0.557031 0.261806 0.016146 0.009722
0 0.557813 0.270833 0.016146 0.011111
0 0.558073 0.279630 0.016146 0.011111
0 0.558854 0.287963 0.016146 0.011111
0 0.569271 0.208102 0.016146 0.009722
0 0.570312 0.216435 0.016146 0.009722
0 0.571354 0.223843 0.016146 0.009722
0 0.571615 0.232639 0.016146 0.009722
0 0.571615 0.240972 0.016146 0.009722
0 0.572135 0.249769 0.016146 0.009722
0 0.573438 0.269676 0.016146 0.009722
0 0.574349 0.278704 0.016406 0.010185
0 0.574219 0.288194 0.017188 0.010648
0 0.585547 0.206250 0.015365 0.009722
0 0.585807 0.215046 0.015365 0.009722
0 0.586589 0.223380 0.015365 0.009722
0 0.587500 0.231481 0.016146 0.010185
0 0.587760 0.240741 0.016146 0.010185
0 0.588542 0.249537 0.016146 0.010185
0 0.589974 0.269907 0.016406 0.010185
0 0.590755 0.278704 0.016406 0.010185
0 0.591536 0.287500 0.016406 0.010185
0 0.601042 0.209028 0.015625 0.010648
0 0.601302 0.217361 0.015625 0.010648
0 0.602083 0.224306 0.015625 0.010648
0 0.602604 0.234954 0.015625 0.010648
0 0.603125 0.241898 0.015625 0.010648
0 0.604427 0.250694 0.015625 0.010648
0 0.604427 0.259954 0.015625 0.010648
0 0.605469 0.268750 0.015625 0.010648
0 0.606510 0.278472 0.015625 0.010648
0 0.606771 0.287269 0.015625 0.010648
0 0.616276 0.210648 0.016406 0.010185
0 0.617318 0.219907 0.016406 0.010185
0 0.618359 0.228241 0.016406 0.010185
0 0.619141 0.237037 0.016406 0.010185
0 0.620182 0.245370 0.016406 0.010185
0 0.622396 0.267824 0.017188 0.011574
0 0.623698 0.276157 0.017188 0.011574
0 0.623958 0.285880 0.017188 0.011574
0 0.631641 0.210185 0.016406 0.010185
0 0.632422 0.218519 0.016406 0.010185
0 0.633464 0.227315 0.016406 0.010185
0 0.634505 0.235185 0.016406 0.010185
0 0.635547 0.244444 0.016406 0.010185
0 0.637630 0.265741 0.016406 0.010185
0 0.639062 0.276157 0.017708 0.010648
0 0.640104 0.284954 0.017708 0.010648
0 0.648307 0.214352 0.016406 0.010185
0 0.648828 0.222685 0.016406 0.010185
0 0.650911 0.231019 0.016406 0.010185
0 0.651693 0.239352 0.016406 0.010185
0 0.652214 0.247685 0.016406 0.010185
0 0.653776 0.257407 0.016406 0.010185
0 0.654818 0.266204 0.016406 0.010185
0 0.656250 0.275926 0.017188 0.010185
0 0.657292 0.285185 0.017188 0.010185
0 0.661849 0.206019 0.016406 0.010185
0 0.663151 0.213889 0.016406 0.010185
0 0.664193 0.221759 0.016406 0.010185
0 0.665495 0.230556 0.016406 0.010185
0 0.666536 0.239352 0.016406 0.010185
0 0.667839 0.248148 0.016406 0.010185
0 0.669141 0.256944 0.016406 0.010185
0 0.670443 0.265278 0.016406 0.010185
0 0.671745 0.274074 0.016406 0.010185
0 0.672526 0.284259 0.016406 0.010185
0 0.328646 0.309954 0.016667 0.014352
0 0.328125 0.322917 0.016667 0.014352
0 0.327604 0.335880 0.016667 0.014352
0 0.327604 0.349306 0.016667 0.014352
0 0.326042 0.395602 0.016667 0.014352
0 0.326042 0.409491 0.016667 0.014352
0 0.325521 0.423380 0.016667 0.014352
0 0.325260 0.437269 0.016667 0.014352
0 0.346354 0.309491 0.016667 0.014352
0 0.346094 0.322917 0.016667 0.014352
0 0.345833 0.336343 0.016667 0.014352
0 0.345313 0.368750 0.017188 0.015278
0 0.345313 0.383102 0.017188 0.015278
0 0.344792 0.395602 0.017188 0.015278
0 0.344531 0.409491 0.017188 0.015278
0 0.344531 0.423380 0.017188 0.015278
0 0.344010 0.435880 0.017188 0.015278
0 0.362240 0.309491 0.016667 0.014352
0 0.361458 0.322454 0.016667 0.014352
0 0.361979 0.336343 0.016667 0.014352
0 0.361589 0.368750 0.016927 0.015278
0 0.361589 0.382639 0.016927 0.015278
0 0.361068 0.395139 0.016927 0.015278
0 0.360807 0.409028 0.016927 0.015278
0 0.360807 0.422454 0.016927 0.015278
0 0.360547 0.437269 0.016927 0.015278
0 0.378385 0.309028 0.016667 0.014352
0 0.378385 0.322454 0.016667 0.014352
0 0.377865 0.335880 0.016667 0.014352
0 0.377865 0.348380 0.016667 0.014352
0 0.377865 0.362731 0.016667 0.014352
0 0.377604 0.376157 0.016667 0.014352
0 0.377344 0.389120 0.016667 0.016204
0 0.377214 0.403241 0.016927 0.015741
0 0.377214 0.416204 0.016927 0.015741
0 0.376953 0.430556 0.016927 0.015741
0 0.395573 0.308565 0.016667 0.014352
0 0.395573 0.321528 0.016667 0.014352
0 0.395313 0.334491 0.016667 0.014352
0 0.395573 0.348843 0.016667 0.014352
0 0.394792 0.362269 0.016667 0.014352
0 0.394271 0.375694 0.016667 0.014352
0 0.395052 0.389583 0.016667 0.014352
0 0.395052 0.403009 0.016667 0.014352
0 0.394531 0.416435 0.016667 0.014352
0 0.394271 0.429861 0.016667 0.014352
0 0.411198 0.308565 0.016667 0.014352
0 0.411198 0.321528 0.016667 0.014352
0 0.411458 0.334954 0.016667 0.014352
0 0.410938 0.366898 0.016667 0.014352
0 0.411458 0.379398 0.016667 0.014352
0 0.411198 0.393750 0.016667 0.014352
0 0.411198 0.407176 0.016667 0.014352
0 0.410938 0.421991 0.016667 0.014352
0 0.410417 0.433565 0.016667 0.014352
0 0.428385 0.309028 0.016667 0.014352
0 0.427865 0.334954 0.016667 0.014352
0 0.427604 0.320139 0.016667 0.014352
0 0.427604 0.366435 0.016667 0.014352
0 0.427604 0.378935 0.016667 0.014352
0 0.427604 0.393287 0.016667 0.014352
0 0.427344 0.407176 0.016667 0.014352
0 0.427604 0.420139 0.016667 0.014352
0 0.427083 0.434491 0.016667 0.014352
0 0.443750 0.308102 0.016667 0.014352
0 0.443750 0.334491 0.016667 0.014352
0 0.443750 0.322454 0.016667 0.014352
0 0.443750 0.347917 0.016667 0.014352
0 0.443750 0.360880 0.016667 0.014352
0 0.444010 0.374306 0.016667 0.014352
0 0.444271 0.387731 0.016667 0.014352
0 0.443750 0.401157 0.016667 0.014352
0 0.444010 0.415046 0.016667 0.014352
0 0.443750 0.428935 0.016667 0.014352
0 0.461458 0.307176 0.016667 0.014352
0 0.461458 0.320602 0.016667 0.014352
0 0.460938 0.332639 0.016667 0.014352
0 0.461979 0.365046 0.016667 0.014352
0 0.461979 0.378472 0.016667 0.014352
0 0.461979 0.391898 0.016667 0.014352
0 0.461719 0.405787 0.016667 0.014352
0 0.461719 0.419213 0.016667 0.014352
0 0.461719 0.432639 0.016667 0.014352
0 0.477604 0.307639 0.016667 0.014352
0 0.477344 0.320602 0.016667 0.014352
0 0.477344 0.333102 0.016667 0.014352
0 0.477604 0.365509 0.016667 0.014352
0 0.477604 0.378935 0.016667 0.014352
0 0.477865 0.391435 0.016667 0.014352
0 0.477865 0.405324 0.016667 0.014352
0 0.477604 0.418287 0.016667 0.014352
0 0.478385 0.432176 0.016667 0.014352
0 0.492969 0.307176 0.016667 0.014352
0 0.492969 0.320602 0.016667 0.014352
0 0.493229 0.333565 0.016667 0.014352
0 0.493490 0.346991 0.016667 0.014352
0 0.493750 0.359491 0.016667 0.014352
0 0.493490 0.371991 0.016667 0.014352
0 0.493750 0.386806 0.016667 0.014352
0 0.493750 0.400231 0.016667 0.014352
0 0.494271 0.414120 0.016667 0.014352
0 0.494010 0.428009 0.016667 0.014352
0 0.508594 0.306713 0.016667 0.014352
0 0.509115 0.318750 0.016667 0.014352
0 0.508854 0.332639 0.016667 0.014352
0 0.509375 0.345139 0.016667 0.014352
0 0.509375 0.372917 0.016667 0.014352
0 0.509635 0.386343 0.016667 0.014352
0 0.509635 0.399306 0.016667 0.014352
0 0.509375 0.414583 0.016667 0.014352
0 0.510677 0.427083 0.016667 0.014352
0 0.527083 0.306250 0.016667 0.014352
0 0.526823 0.318287 0.016667 0.014352
0 0.527344 0.331713 0.016667 0.014352
0 0.527344 0.364583 0.016667 0.014352
0 0.527604 0.378009 0.016667 0.014352
0 0.527995 0.391435 0.016927 0.015278
0 0.527995 0.404398 0.016927 0.015278
0 0.528255 0.419213 0.016927 0.015278
0 0.528255 0.432176 0.016927 0.015278
0 0.542188 0.305787 0.016667 0.014352
0 0.542448 0.318750 0.016667 0.014352
0 0.542708 0.331250 0.016667 0.014352
0 0.542448 0.345602 0.016667 0.014352
0 0.543229 0.372454 0.016667 0.014352
0 0.542188 0.357176 0.016667 0.014352
0 0.544010 0.384954 0.016667 0.014352
0 0.544010 0.400231 0.016667 0.014352
0 0.544531 0.412269 0.016667 0.014352
0 0.544531 0.426157 0.016667 0.014352
0 0.559375 0.305787 0.016667 0.014352
0 0.559635 0.317361 0.016667 0.014352
0 0.559115 0.330324 0.016667 0.014352
0 0.558854 0.342824 0.016667 0.014352
0 0.559896 0.358102 0.016667 0.014352
0 0.560156 0.371065 0.016667 0.014352
0 0.560156 0.385417 0.016667 0.014352
0 0.560677 0.397917 0.016667 0.014352
0 0.560937 0.412269 0.016667 0.014352
0 0.561458 0.425694 0.016667 0.014352
0 0.575260 0.303472 0.016667 0.014352
0 0.575521 0.316898 0.016667 0.014352
0 0.575521 0.329861 0.016667 0.014352
0 0.576302 0.362269 0.016667 0.014352
0 0.576302 0.377083 0.016667 0.014352
0 0.576562 0.389120 0.016667 0.014352
0 0.577083 0.403009 0.016667 0.014352
0 0.577214 0.417130 0.016927 0.015741
0 0.577474 0.430556 0.016927 0.015741
0 0.592187 0.303472 0.016667 0.014352
0 0.592448 0.316435 0.016667 0.014352
0 0.592969 0.330324 0.016667 0.014352
0 0.593750 0.359954 0.016667 0.014352
0 0.593490 0.373843 0.016667 0.014352
0 0.594531 0.386806 0.016667 0.014352
0 0.594792 0.400463 0.017708 0.015741
0 0.595313 0.414352 0.017708 0.015741
0 0.595573 0.426852 0.017708 0.015741
0 0.608333 0.303472 0.016667 0.014352
0 0.608594 0.316435 0.016667 0.014352
0 0.608854 0.328935 0.016667 0.014352
0 0.609375 0.342361 0.016667 0.014352
0 0.610156 0.356713 0.016667 0.014352
0 0.610156 0.369676 0.016667 0.014352
0 0.610417 0.383565 0.016667 0.014352
0 0.610938 0.397222 0.017188 0.015741
0 0.611458 0.411111 0.017188 0.015741
0 0.611719 0.423611 0.017188 0.015741
0 0.625000 0.303009 0.016667 0.014352
0 0.625521 0.315509 0.016667 0.014352
0 0.625521 0.328009 0.016667 0.014352
0 0.626823 0.357639 0.016667 0.014352
0 0.627344 0.371065 0.016667 0.014352
0 0.627865 0.384028 0.016667 0.014352
0 0.628255 0.398843 0.016927 0.015278
0 0.628776 0.412269 0.016927 0.015278
0 0.628776 0.425231 0.016927 0.015278
0 0.640885 0.301620 0.016667 0.014352
0 0.641146 0.314583 0.016667 0.014352
0 0.641927 0.327546 0.016667 0.014352
0 0.643229 0.359954 0.016667 0.014352
0 0.642969 0.372917 0.016667 0.014352
0 0.644010 0.386343 0.016667 0.014352
0 0.644010 0.400231 0.016667 0.014352
0 0.644922 0.414352 0.017448 0.015741
0 0.645703 0.427315 0.017448 0.015741
0 0.658073 0.301157 0.016667 0.014352
0 0.658854 0.313194 0.016667 0.014352
0 0.659115 0.327083 0.016667 0.014352
0 0.659635 0.341435 0.016667 0.014352
0 0.660417 0.353935 0.016667 0.014352
0 0.661198 0.367361 0.016667 0.014352
0 0.661458 0.380787 0.016667 0.014352
0 0.662240 0.394213 0.016667 0.014352
0 0.663021 0.407639 0.016667 0.014352
0 0.673958 0.299769 0.016667 0.014352
0 0.674740 0.313657 0.016667 0.014352
0 0.675781 0.326620 0.016667 0.014352
0 0.675781 0.340509 0.016667 0.014352
0 0.676302 0.353935 0.016667 0.014352
0 0.676823 0.367361 0.016667 0.014352
0 0.677865 0.380324 0.017188 0.015278
0 0.678125 0.393750 0.017708 0.015278
0 0.679167 0.408102 0.017708 0.015278
0 0.679688 0.421065 0.017708 0.015278
0 0.325651 0.459028 0.018490 0.012500
0 0.324089 0.469213 0.018490 0.012500
0 0.323828 0.481250 0.018490 0.012500
0 0.322526 0.493287 0.018490 0.012500
0 0.321224 0.504861 0.018490 0.012500
0 0.319922 0.515509 0.018490 0.012500
0 0.319401 0.528472 0.018490 0.012500
0 0.318359 0.540509 0.018490 0.012500
0 0.317057 0.553009 0.018490 0.012500
0 0.315755 0.565509 0.018490 0.012500
0 0.314453 0.578472 0.018490 0.012500
0 0.313542 0.590509 0.019271 0.013426
0 0.312500 0.603472 0.019271 0.013426
0 0.341276 0.458102 0.018490 0.012500
0 0.340755 0.470139 0.018490 0.012500
0 0.340234 0.480324 0.018490 0.012500
0 0.339453 0.492824 0.018490 0.012500
0 0.338672 0.504398 0.018490 0.012500
0 0.337630 0.515509 0.018490 0.012500
0 0.336589 0.528009 0.018490 0.012500
0 0.335026 0.539815 0.018490 0.013889
0 0.334245 0.552315 0.018490 0.013889
0 0.333464 0.564583 0.018490 0.015278
0 0.332422 0.578472 0.018490 0.015278
0 0.331120 0.590509 0.019010 0.015278
0 0.330339 0.603009 0.018490 0.015278
0 0.360026 0.457176 0.018490 0.012500
0 0.358984 0.468287 0.018490 0.012500
0 0.358464 0.479398 0.018490 0.012500
0 0.357682 0.491435 0.018490 0.012500
0 0.356380 0.503472 0.018490 0.012500
0 0.355599 0.514583 0.018490 0.012500
0 0.354557 0.526620 0.018490 0.012500
0 0.353516 0.538657 0.018490 0.012500
0 0.352865 0.551157 0.018229 0.014352
0 0.352083 0.563657 0.018229 0.014352
0 0.351302 0.575694 0.018229 0.014352
0 0.350391 0.589352 0.019531 0.013889
0 0.349870 0.602315 0.019531 0.013889
0 0.375911 0.457639 0.018490 0.012500
0 0.375651 0.468750 0.018490 0.012500
0 0.374870 0.479398 0.018490 0.012500
0 0.373568 0.491435 0.018490 0.012500
0 0.372266 0.525694 0.018490 0.012500
0 0.372266 0.514120 0.018490 0.012500
0 0.371745 0.513194 0.018490 0.012500
0 0.371484 0.537731 0.018490 0.012500
0 0.370703 0.550694 0.018490 0.012500
0 0.369661 0.562731 0.018490 0.013426
0 0.368880 0.575694 0.018490 0.013426
0 0.367839 0.588657 0.018490 0.013426
0 0.367057 0.600694 0.018490 0.013426
0 0.394401 0.456250 0.018490 0.012500
0 0.393359 0.467361 0.018490 0.012500
0 0.392578 0.478935 0.018490 0.012500
0 0.392578 0.490509 0.018490 0.012500
0 0.391797 0.502546 0.018490 0.012500
0 0.391276 0.514583 0.018490 0.012500
0 0.390495 0.526157 0.018490 0.014352
0 0.389974 0.537731 0.018490 0.014352
0 0.388932 0.549769 0.018490 0.014352
0 0.388411 0.561343 0.018490 0.014352
0 0.387370 0.575231 0.018490 0.014352
0 0.387370 0.587731 0.018490 0.014352
0 0.386328 0.600231 0.018490 0.014352
0 0.410026 0.456250 0.018490 0.012500
0 0.410286 0.467361 0.018490 0.012500
0 0.408984 0.478472 0.018490 0.012500
0 0.408724 0.490046 0.018490 0.012500
0 0.408464 0.501620 0.018490 0.012500
0 0.407682 0.513194 0.018490 0.012500
0 0.407422 0.525231 0.018490 0.012500
0 0.406901 0.536806 0.018490 0.012500
0 0.406380 0.548843 0.018490 0.012500
0 0.405078 0.561343 0.018490 0.012500
0 0.405078 0.573843 0.018490 0.012500
0 0.404557 0.586806 0.018490 0.012500
0 0.404036 0.600231 0.019010 0.015278
0 0.443620 0.454630 0.017448 0.013889
0 0.427214 0.467361 0.018490 0.012500
0 0.427474 0.477546 0.018490 0.012500
0 0.426432 0.488657 0.018490 0.012500
0 0.426432 0.499769 0.018490 0.012500
0 0.425651 0.512269 0.018490 0.012500
0 0.425651 0.524769 0.018490 0.012500
0 0.425391 0.535880 0.018490 0.012500
0 0.424870 0.548380 0.018490 0.012500
0 0.424870 0.560880 0.018490 0.012500
0 0.424089 0.572917 0.018490 0.013426
0 0.423828 0.585880 0.018490 0.013426
0 0.423047 0.599306 0.018490 0.013426
0 0.427214 0.454398 0.018490 0.012500
0 0.443099 0.465741 0.017448 0.013889
0 0.443099 0.477315 0.017448 0.013889
0 0.443359 0.487963 0.017448 0.013889
0 0.442839 0.500000 0.017448 0.013889
0 0.442578 0.512037 0.017448 0.013889
0 0.442057 0.523611 0.017448 0.013889
0 0.442318 0.536111 0.017448 0.013889
0 0.442057 0.547222 0.017448 0.013889
0 0.441536 0.560648 0.017448 0.013889
0 0.441276 0.572685 0.017448 0.013889
0 0.441536 0.585648 0.017448 0.013889
0 0.441276 0.598611 0.017448 0.013889
0 0.462109 0.454167 0.017448 0.013889
0 0.462109 0.464352 0.017448 0.013889
0 0.461589 0.476389 0.017448 0.013889
0 0.461068 0.487500 0.017448 0.013889
0 0.461328 0.499537 0.017448 0.013889
0 0.461068 0.510185 0.017448 0.013889
0 0.460807 0.523148 0.017448 0.013889
0 0.461328 0.534722 0.017448 0.013889
0 0.460807 0.546759 0.017448 0.013889
0 0.460677 0.559954 0.017708 0.013426
0 0.460547 0.571528 0.018490 0.014352
0 0.460547 0.584491 0.018490 0.014352
0 0.460547 0.597222 0.018490 0.013889
0 0.478255 0.453472 0.016927 0.014352
0 0.478255 0.463889 0.017448 0.013889
0 0.478255 0.476389 0.017448 0.013889
0 0.477995 0.487500 0.017448 0.013889
0 0.477995 0.499074 0.017448 0.013889
0 0.477474 0.510185 0.017448 0.013889
0 0.477474 0.520833 0.017448 0.013889
0 0.477734 0.534259 0.017448 0.013889
0 0.477734 0.546759 0.017448 0.013889
0 0.477734 0.559259 0.017448 0.013889
0 0.477995 0.570833 0.017448 0.013889
0 0.477995 0.584722 0.017448 0.013889
0 0.477995 0.596759 0.017448 0.013889
0 0.495964 0.453009 0.016927 0.014352
0 0.496224 0.464583 0.016927 0.014352
0 0.495703 0.475231 0.016927 0.014352
0 0.495703 0.486343 0.016927 0.014352
0 0.495964 0.497454 0.016927 0.014352
0 0.496484 0.508565 0.016927 0.014352
0 0.495964 0.521528 0.016927 0.014352
0 0.496484 0.534028 0.016927 0.014352
0 0.496745 0.545602 0.017969 0.014352
0 0.496224 0.557639 0.017969 0.014352
0 0.496745 0.570139 0.017969 0.014352
0 0.497266 0.583102 0.017969 0.014352
0 0.497266 0.595139 0.017969 0.014352
0 0.511849 0.453009 0.016927 0.014352
0 0.512109 0.464120 0.016927 0.014352
0 0.511849 0.473843 0.016927 0.014352
0 0.512370 0.485417 0.016927 0.014352
0 0.512500 0.496991 0.017188 0.015278
0 0.512760 0.509954 0.017188 0.015278
0 0.512760 0.520602 0.017188 0.015278
0 0.513281 0.533102 0.018229 0.015278
0 0.513802 0.543750 0.018229 0.015278
0 0.514323 0.557176 0.018229 0.015278
0 0.514323 0.570139 0.018229 0.015278
0 0.514583 0.581250 0.018229 0.015278
0 0.514062 0.594213 0.018229 0.015278
0 0.529948 0.451620 0.016667 0.011574
0 0.529687 0.462731 0.016667 0.011574
0 0.530208 0.473843 0.016667 0.011574
0 0.530469 0.485648 0.018750 0.012963
0 0.531510 0.496759 0.018750 0.012963
0 0.531250 0.508796 0.018750 0.012963
0 0.531510 0.519444 0.018750 0.012963
0 0.532292 0.531481 0.018750 0.012963
0 0.533073 0.543981 0.018750 0.012963
0 0.533333 0.556019 0.018750 0.012963
0 0.533073 0.568981 0.018750 0.012963
0 0.534375 0.581944 0.018750 0.014815
0 0.534896 0.593519 0.018750 0.014815
0 0.545573 0.451620 0.016667 0.011574
0 0.545573 0.462269 0.016667 0.011574
0 0.546354 0.472685 0.017708 0.014815
0 0.547396 0.485185 0.017708 0.014815
0 0.547656 0.496296 0.017708 0.014815
0 0.547917 0.507870 0.017708 0.014815
0 0.548698 0.519444 0.017708 0.014815
0 0.548958 0.531944 0.017708 0.014815
0 0.549479 0.543056 0.017708 0.014815
0 0.550260 0.555556 0.017708 0.014815
0 0.551302 0.568519 0.017708 0.014815
0 0.551042 0.581019 0.017708 0.014815
0 0.552083 0.593519 0.017708 0.014815
0 0.563672 0.450231 0.017448 0.012500
0 0.563672 0.460880 0.017448 0.012500
0 0.563932 0.472454 0.017448 0.012500
0 0.565234 0.484491 0.018490 0.016204
0 0.565495 0.495139 0.018490 0.016204
0 0.566016 0.508102 0.018490 0.016204
0 0.566536 0.519676 0.018490 0.016204
0 0.567057 0.531019 0.018490 0.015741
0 0.568099 0.543519 0.018490 0.015741
0 0.568359 0.554630 0.018490 0.015741
0 0.569401 0.568056 0.018490 0.015741
0 0.569401 0.581481 0.018490 0.015741
0 0.569922 0.592130 0.018490 0.015741
0 0.579036 0.449769 0.017448 0.012500
0 0.579557 0.461806 0.017448 0.012500
0 0.580339 0.471991 0.017448 0.012500
0 0.582161 0.496065 0.017448 0.012500
0 0.581901 0.483565 0.017448 0.012500
0 0.582422 0.506250 0.017448 0.012500
0 0.583724 0.518287 0.017448 0.012500
0 0.584505 0.529861 0.017448 0.012500
0 0.585156 0.542824 0.018229 0.014352
0 0.585938 0.553935 0.018229 0.014352
0 0.586979 0.566898 0.018229 0.014352
0 0.587240 0.580324 0.018229 0.014352
0 0.587760 0.593750 0.018229 0.014352
0 0.596745 0.448843 0.017448 0.012500
0 0.597786 0.459954 0.017448 0.012500
0 0.598047 0.471065 0.017448 0.012500
0 0.598568 0.482870 0.017969 0.012037
0 0.599609 0.493981 0.017969 0.012037
0 0.599870 0.505556 0.017969 0.012037
0 0.601172 0.518287 0.019010 0.013426
0 0.602734 0.529398 0.019010 0.013426
0 0.603255 0.541898 0.019010 0.013426
0 0.603516 0.553472 0.019010 0.013426
0 0.605078 0.566435 0.019010 0.013426
0 0.606120 0.579398 0.019010 0.013426
0 0.606641 0.592361 0.019010 0.013426
0 0.612891 0.448843 0.017448 0.012500
0 0.613411 0.459491 0.017448 0.012500
0 0.614453 0.471528 0.017448 0.012500
0 0.615234 0.482639 0.017448 0.012500
0 0.616276 0.493750 0.017448 0.012500
0 0.617057 0.505787 0.017448 0.012500
0 0.619010 0.517593 0.019271 0.012963
0 0.619531 0.529167 0.018750 0.013889
0 0.620573 0.541204 0.018750 0.013889
0 0.621875 0.554167 0.019271 0.014815
0 0.622135 0.566667 0.019271 0.014815
0 0.623437 0.578704 0.019271 0.014815
0 0.624740 0.592593 0.019271 0.014815
0 0.631120 0.447917 0.017448 0.012500
0 0.631901 0.459028 0.017448 0.012500
0 0.632943 0.470139 0.017448 0.012500
0 0.633984 0.481250 0.017448 0.012500
0 0.634766 0.491435 0.017448 0.012500
0 0.635547 0.505324 0.017448 0.012500
0 0.637109 0.516435 0.017448 0.012500
0 0.638411 0.528009 0.019531 0.013426
0 0.639193 0.540509 0.019531 0.013426
0 0.640495 0.554167 0.020573 0.015741
0 0.641797 0.565741 0.020573 0.015741
0 0.642057 0.578241 0.020573 0.015741
0 0.644531 0.591898 0.020313 0.014352
0 0.647396 0.446759 0.018229 0.012963
0 0.648958 0.458333 0.018229 0.012963
0 0.650260 0.470370 0.018750 0.015741
0 0.651042 0.480556 0.018750 0.015741
0 0.651823 0.492593 0.018750 0.015741
0 0.653385 0.505093 0.018750 0.015741
0 0.654167 0.515741 0.018750 0.015741
0 0.655729 0.528241 0.018750 0.015741
0 0.656510 0.540278 0.018750 0.015741
0 0.657552 0.552778 0.018750 0.015741
0 0.659245 0.565278 0.019531 0.015741
0 0.660286 0.576852 0.019531 0.015741
0 0.662109 0.590741 0.019531 0.015741
0 0.665625 0.444907 0.018229 0.012963
0 0.666927 0.456944 0.018229 0.012963
0 0.668229 0.468056 0.018229 0.012963
0 0.669271 0.480093 0.018229 0.012963
0 0.670312 0.492130 0.018229 0.012963
0 0.671875 0.503704 0.018229 0.012963
0 0.673177 0.515741 0.019271 0.012963
0 0.674740 0.526389 0.019271 0.012963
0 0.675781 0.540046 0.019792 0.015278
0 0.677344 0.551157 0.019792 0.015278
0 0.678906 0.565046 0.019792 0.015278
0 0.680469 0.577083 0.019792 0.015278
0 0.682031 0.589120 0.019792 0.015278
0 0.682292 0.445370 0.018229 0.012963
0 0.683073 0.456944 0.018229 0.012963
0 0.684766 0.467824 0.019010 0.014352
0 0.686328 0.479398 0.019010 0.014352
0 0.687630 0.491898 0.019010 0.014352
0 0.688672 0.503009 0.019010 0.014352
0 0.690234 0.515509 0.019010 0.014352
0 0.692318 0.527546 0.019010 0.014352
0 0.693099 0.538194 0.019010 0.014352
0 0.694661 0.551157 0.019010 0.014352
0 0.696224 0.564583 0.019010 0.014352
0 0.697526 0.577083 0.019010 0.014352
0 0.699609 0.589583 0.019010 0.014352
0 0.311068 0.630787 0.020052 0.017130
0 0.309766 0.645602 0.020052 0.017130
0 0.308984 0.662269 0.020052 0.017130
0 0.308464 0.678009 0.020052 0.017130
0 0.308984 0.694213 0.020052 0.017130
0 0.307943 0.709954 0.020052 0.017130
0 0.306901 0.725694 0.020052 0.017130
0 0.307422 0.742361 0.020052 0.017130
0 0.306380 0.759491 0.020052 0.017130
0 0.305599 0.776157 0.020052 0.017130
0 0.304557 0.792361 0.020052 0.017130
0 0.303776 0.809491 0.020052 0.017130
0 0.303776 0.826620 0.020052 0.017130
0 0.303516 0.844213 0.020052 0.017130
0 0.301823 0.861343 0.020833 0.018981
0 0.302214 0.879167 0.020052 0.019444
0 0.301432 0.896759 0.020052 0.019444
0 0.300911 0.914815 0.020052 0.019444
0 0.328776 0.630324 0.020052 0.017130
0 0.328255 0.644676 0.020052 0.017130
0 0.327214 0.660880 0.020052 0.017130
0 0.327474 0.677083 0.020052 0.017130
0 0.326953 0.692824 0.020052 0.017130
0 0.326172 0.709028 0.020052 0.017130
0 0.325911 0.725694 0.020052 0.017130
0 0.324870 0.741435 0.020052 0.017130
0 0.324089 0.758565 0.020052 0.017130
0 0.323307 0.775231 0.020052 0.017130
0 0.323307 0.792824 0.020052 0.017130
0 0.322786 0.808796 0.020052 0.016667
0 0.322396 0.825926 0.020313 0.020370
0 0.321354 0.843519 0.020313 0.020370
0 0.320573 0.861111 0.020313 0.020370
0 0.320833 0.878704 0.020313 0.020370
0 0.320312 0.895833 0.020313 0.020370
0 0.320052 0.913426 0.020313 0.020370
0 0.349089 0.628935 0.020052 0.017130
0 0.348568 0.643287 0.020052 0.017130
0 0.347786 0.660417 0.020052 0.017130
0 0.347266 0.675231 0.020052 0.017130
0 0.346745 0.691898 0.020052 0.017130
0 0.346745 0.709491 0.020052 0.017130
0 0.345964 0.725231 0.020052 0.017130
0 0.344922 0.741435 0.020052 0.017130
0 0.344922 0.757176 0.020052 0.017130
0 0.344661 0.774769 0.020052 0.017130
0 0.343880 0.790972 0.020052 0.017130
0 0.342839 0.808565 0.020052 0.017130
0 0.342057 0.826157 0.020052 0.017130
0 0.342057 0.841898 0.020052 0.017130
0 0.341406 0.860648 0.021354 0.020370
0 0.342187 0.877778 0.020833 0.020370
0 0.341406 0.896759 0.020833 0.020370
0 0.340625 0.912500 0.020833 0.020370
0 0.367057 0.628472 0.020052 0.017130
0 0.366797 0.644676 0.020052 0.017130
0 0.366276 0.659028 0.020052 0.017130
0 0.365755 0.675694 0.020052 0.017130
0 0.365234 0.691898 0.020052 0.017130
0 0.364714 0.707639 0.020052 0.017130
0 0.365234 0.723843 0.020052 0.017130
0 0.363411 0.740972 0.020052 0.017130
0 0.362891 0.756250 0.020052 0.017130
0 0.363672 0.773843 0.020052 0.017130
0 0.362370 0.791435 0.020052 0.017130
0 0.361849 0.808102 0.020052 0.017130
0 0.361328 0.824306 0.020052 0.017130
0 0.360807 0.841435 0.020052 0.017130
0 0.360807 0.859491 0.020052 0.017130
0 0.360807 0.877546 0.020052 0.017130
0 0.360286 0.894676 0.020573 0.019907
0 0.360026 0.912731 0.020573 0.019907
0 0.386849 0.627546 0.020052 0.017130
0 0.385807 0.642361 0.020052 0.017130
0 0.385547 0.657176 0.020052 0.017130
0 0.384766 0.673843 0.020052 0.017130
0 0.384505 0.690046 0.020052 0.017130
0 0.383984 0.707639 0.020052 0.017130
0 0.383724 0.722917 0.020052 0.017130
0 0.383724 0.739120 0.020052 0.017130
0 0.382943 0.755324 0.020052 0.017130
0 0.382943 0.772917 0.020052 0.017130
0 0.382422 0.789583 0.020052 0.017130
0 0.382161 0.806250 0.020052 0.017130
0 0.381901 0.824306 0.020052 0.017130
0 0.381771 0.841204 0.020313 0.019444
0 0.382031 0.858796 0.020313 0.019444
0 0.381250 0.875926 0.020313 0.019444
0 0.381250 0.894907 0.020313 0.019444
0 0.381250 0.912037 0.020313 0.019444
0 0.404297 0.626389 0.019010 0.016667
0 0.403516 0.641667 0.019010 0.016667
0 0.403646 0.658565 0.019792 0.018056
0 0.404167 0.674306 0.019792 0.018056
0 0.403385 0.690046 0.019792 0.018056
0 0.403125 0.706713 0.019792 0.018056
0 0.402604 0.722454 0.019792 0.018056
0 0.402083 0.738194 0.019792 0.018056
0 0.402083 0.754861 0.019792 0.018056
0 0.401302 0.771528 0.019792 0.018056
0 0.401823 0.788657 0.019792 0.018056
0 0.401042 0.805787 0.019792 0.018056
0 0.401302 0.824306 0.019792 0.018056
0 0.401042 0.841435 0.019792 0.018056
0 0.400521 0.857176 0.019792 0.018056
0 0.400521 0.875694 0.019792 0.018056
0 0.399740 0.893287 0.019792 0.018056
0 0.399740 0.911343 0.019792 0.018056
0 0.423828 0.626389 0.019010 0.016667
0 0.422786 0.641667 0.019010 0.016667
0 0.423047 0.657407 0.019010 0.016667
0 0.422266 0.671759 0.019010 0.016667
0 0.422266 0.689120 0.019531 0.018056
0 0.422526 0.704861 0.019531 0.018056
0 0.421745 0.721528 0.019531 0.018056
0 0.422786 0.736806 0.019531 0.018056
0 0.421745 0.754398 0.019531 0.018056
0 0.420703 0.772454 0.019531 0.018056
0 0.421354 0.788889 0.020833 0.019444
0 0.421094 0.805093 0.020833 0.019444
0 0.421615 0.824537 0.020833 0.019444
0 0.421615 0.840278 0.020833 0.019444
0 0.421094 0.858333 0.020833 0.019444
0 0.421094 0.873611 0.020833 0.019444
0 0.420573 0.892130 0.020833 0.019444
0 0.420052 0.911111 0.020833 0.019444
0 0.441536 0.625463 0.019010 0.016667
0 0.441276 0.640741 0.019010 0.016667
0 0.441016 0.657870 0.019010 0.016667
0 0.441536 0.672685 0.019010 0.016667
0 0.440234 0.687500 0.019010 0.016667
0 0.440495 0.703704 0.019010 0.016667
0 0.440495 0.720833 0.019010 0.016667
0 0.440495 0.737963 0.019010 0.016667
0 0.440495 0.753009 0.020573 0.019907
0 0.440234 0.771528 0.020573 0.019907
0 0.439974 0.788194 0.020573 0.019907
0 0.440234 0.805324 0.020573 0.019907
0 0.439974 0.823380 0.020573 0.019907
0 0.440234 0.839120 0.020573 0.019907
0 0.439714 0.857639 0.020573 0.019907
0 0.440234 0.874769 0.020573 0.019907
0 0.439453 0.892361 0.020573 0.019907
0 0.439974 0.910880 0.020573 0.019907
0 0.460807 0.623611 0.019010 0.016667
0 0.461068 0.640278 0.019010 0.016667
0 0.460807 0.655556 0.019010 0.016667
0 0.461068 0.671296 0.019010 0.016667
0 0.460286 0.688426 0.019010 0.016667
0 0.460807 0.702315 0.019010 0.016667
0 0.460286 0.718981 0.019010 0.016667
0 0.460938 0.736806 0.019271 0.018056
0 0.460156 0.753935 0.019271 0.018056
0 0.460156 0.769676 0.019271 0.018056
0 0.459896 0.786806 0.019271 0.018056
0 0.460677 0.804861 0.019271 0.018056
0 0.460156 0.821528 0.019271 0.018056
0 0.460938 0.838657 0.019271 0.018056
0 0.460156 0.855324 0.019271 0.018056
0 0.460417 0.873380 0.019271 0.018056
0 0.460156 0.890972 0.020313 0.018981
0 0.460677 0.908565 0.020313 0.018981
0 0.479297 0.624074 0.019010 0.016667
0 0.478776 0.638889 0.019010 0.016667
0 0.478776 0.654167 0.019010 0.016667
0 0.478776 0.670833 0.019010 0.016667
0 0.478776 0.687500 0.019010 0.016667
0 0.479036 0.702778 0.019010 0.016667
0 0.478516 0.719444 0.019010 0.016667
0 0.479297 0.735185 0.019010 0.016667
0 0.478776 0.752315 0.019010 0.016667
0 0.478516 0.768981 0.019010 0.016667
0 0.478906 0.785648 0.019271 0.018519
0 0.478646 0.803241 0.019271 0.018519
0 0.479167 0.821296 0.019271 0.018519
0 0.479687 0.837500 0.020833 0.020370
0 0.479687 0.855556 0.020833 0.020370
0 0.479427 0.874074 0.020833 0.020370
0 0.479427 0.890741 0.020833 0.020370
0 0.479427 0.908333 0.020833 0.020370
0 0.497526 0.622222 0.019010 0.016667
0 0.498047 0.637500 0.019010 0.016667
0 0.497786 0.653704 0.019010 0.016667
0 0.497786 0.669444 0.019010 0.016667
0 0.498828 0.686111 0.019010 0.016667
0 0.498307 0.703241 0.019010 0.016667
0 0.498828 0.719444 0.019010 0.016667
0 0.498568 0.735185 0.019010 0.016667
0 0.499349 0.752315 0.019010 0.016667
0 0.499349 0.768519 0.019010 0.016667
0 0.499349 0.785185 0.019010 0.016667
0 0.499870 0.803704 0.019010 0.016667
0 0.500651 0.819907 0.019010 0.016667
0 0.500000 0.837731 0.019271 0.018056
0 0.500000 0.855324 0.019271 0.018056
0 0.500391 0.873148 0.020052 0.020370
0 0.500651 0.890278 0.020052 0.020370
0 0.500911 0.906481 0.020052 0.020370
0 0.515755 0.621759 0.019010 0.016667
0 0.515495 0.637037 0.019010 0.016667
0 0.516276 0.654630 0.019010 0.016667
0 0.516276 0.668519 0.019010 0.016667
0 0.517057 0.718519 0.019010 0.016667
0 0.516276 0.684259 0.019010 0.016667
0 0.516536 0.700463 0.019010 0.016667
0 0.517057 0.733796 0.019010 0.016667
0 0.517318 0.751389 0.019010 0.016667
0 0.518099 0.767130 0.019010 0.016667
0 0.518359 0.785417 0.019010 0.018981
0 0.518359 0.801620 0.019010 0.018981
0 0.518880 0.819676 0.019010 0.018981
0 0.518359 0.836343 0.019010 0.018981
0 0.518880 0.855324 0.019010 0.018981
0 0.519401 0.872454 0.019010 0.018981
0 0.519922 0.889583 0.019010 0.018981
0 0.519922 0.907176 0.019010 0.018981
0 0.533724 0.622222 0.019010 0.016667
0 0.533724 0.637500 0.019010 0.016667
0 0.533464 0.654630 0.019010 0.016667
0 0.534766 0.668981 0.019010 0.016667
0 0.534766 0.685185 0.019010 0.016667
0 0.535026 0.700926 0.019010 0.016667
0 0.535286 0.717593 0.019010 0.016667
0 0.535286 0.734722 0.019010 0.016667
0 0.536068 0.750463 0.019010 0.016667
0 0.536328 0.767130 0.019010 0.016667
0 0.536849 0.784259 0.019010 0.016667
0 0.537109 0.801389 0.019010 0.016667
0 0.537370 0.818981 0.019010 0.016667
0 0.537500 0.836111 0.020313 0.018519
0 0.538021 0.853704 0.020313 0.018519
0 0.538021 0.871759 0.020313 0.018519
0 0.538802 0.889815 0.020313 0.018519
0 0.539062 0.907870 0.020313 0.018519
0 0.550911 0.620833 0.019010 0.016667
0 0.551693 0.637500 0.019010 0.016667
0 0.551432 0.651852 0.019010 0.016667
0 0.552995 0.668056 0.019010 0.016667
0 0.552734 0.684722 0.019010 0.016667
0 0.552995 0.700000 0.019010 0.016667
0 0.553255 0.716667 0.019010 0.016667
0 0.553516 0.733796 0.019010 0.016667
0 0.554297 0.750463 0.019010 0.016667
0 0.554557 0.767130 0.019010 0.016667
0 0.554818 0.784722 0.019010 0.016667
0 0.555599 0.800926 0.019010 0.016667
0 0.556250 0.818981 0.019792 0.018519
0 0.556771 0.837037 0.019792 0.018519
0 0.557031 0.854167 0.019792 0.018519
0 0.557292 0.871296 0.019792 0.018519
0 0.557552 0.888889 0.019792 0.018519
0 0.558073 0.906481 0.019792 0.018519
0 0.570703 0.620833 0.019010 0.016667
0 0.570703 0.636111 0.019010 0.016667
0 0.571745 0.651852 0.019010 0.016667
0 0.572526 0.667593 0.019010 0.016667
0 0.573047 0.683796 0.019010 0.016667
0 0.573307 0.700000 0.019010 0.016667
0 0.574089 0.716667 0.019010 0.016667
0 0.574740 0.733102 0.019792 0.018056
0 0.575521 0.748843 0.019792 0.018056
0 0.575781 0.766898 0.019792 0.018056
0 0.576302 0.783565 0.019792 0.018056
0 0.576823 0.800694 0.019792 0.018056
0 0.577604 0.817361 0.019792 0.018056
0 0.578646 0.834954 0.019792 0.018056
0 0.578646 0.853009 0.019792 0.018056
0 0.579427 0.869676 0.019792 0.018056
0 0.580208 0.887731 0.019271 0.018981
0 0.580599 0.905093 0.019531 0.019444
0 0.588411 0.619907 0.019010 0.016667
0 0.589453 0.635648 0.019010 0.016667
0 0.589453 0.650926 0.019010 0.016667
0 0.590234 0.666667 0.019010 0.016667
0 0.591016 0.683333 0.019010 0.016667
0 0.591797 0.699074 0.019010 0.016667
0 0.592578 0.716204 0.019010 0.016667
0 0.593229 0.731944 0.019792 0.018519
0 0.594010 0.748611 0.019792 0.018519
0 0.594531 0.766667 0.019792 0.018519
0 0.594792 0.782870 0.019792 0.018519
0 0.595833 0.800463 0.019792 0.018519
0 0.596094 0.817593 0.019792 0.018519
0 0.597135 0.833796 0.019792 0.018519
0 0.597917 0.852315 0.019792 0.018519
0 0.598177 0.869907 0.019792 0.018519
0 0.598958 0.886111 0.019792 0.018519
0 0.599479 0.905093 0.019792 0.018519
0 0.608203 0.619907 0.019010 0.016667
0 0.609766 0.634259 0.019010 0.016667
0 0.610026 0.650000 0.019010 0.016667
0 0.610026 0.665741 0.019010 0.016667
0 0.611328 0.682870 0.019010 0.016667
0 0.611849 0.698148 0.019010 0.016667
0 0.612370 0.714815 0.019010 0.016667
0 0.612891 0.732407 0.019010 0.016667
0 0.614453 0.748611 0.019010 0.016667
0 0.614453 0.764815 0.019010 0.016667
0 0.614974 0.781481 0.019010 0.016667
0 0.616276 0.798148 0.020052 0.019444
0 0.616797 0.815741 0.020052 0.019444
0 0.616536 0.832870 0.020052 0.019444
0 0.618099 0.850926 0.020052 0.019444
0 0.618880 0.868519 0.020052 0.019444
0 0.619141 0.886111 0.020052 0.019444
0 0.620703 0.902778 0.020052 0.019444
0 0.626953 0.619444 0.019010 0.016667
0 0.627214 0.635648 0.019010 0.016667
0 0.627995 0.650926 0.019010 0.016667
0 0.629036 0.666204 0.019010 0.016667
0 0.629557 0.681481 0.019010 0.016667
0 0.630078 0.698611 0.019010 0.016667
0 0.630859 0.714352 0.019010 0.016667
0 0.631120 0.732407 0.019010 0.016667
0 0.632682 0.748148 0.019010 0.016667
0 0.632682 0.764352 0.019010 0.016667
0 0.633984 0.781944 0.019010 0.016667
0 0.635026 0.799537 0.020052 0.020370
0 0.635547 0.815741 0.020052 0.020370
0 0.635547 0.831481 0.020052 0.020370
0 0.637370 0.850463 0.020052 0.020370
0 0.637370 0.867130 0.020052 0.020370
0 0.638932 0.884259 0.020052 0.020370
0 0.638932 0.902778 0.020052 0.020370
0 0.646484 0.618056 0.019010 0.016667
0 0.647266 0.634259 0.019010 0.016667
0 0.648307 0.649537 0.019010 0.016667
0 0.649349 0.665741 0.019010 0.016667
0 0.650391 0.681944 0.019010 0.016667
0 0.650130 0.697685 0.019010 0.016667
0 0.651693 0.713889 0.019010 0.016667
0 0.651953 0.730093 0.019010 0.016667
0 0.653255 0.748148 0.019010 0.016667
0 0.653776 0.764352 0.019010 0.016667
0 0.654818 0.781019 0.019010 0.016667
0 0.655599 0.797685 0.019010 0.016667
0 0.656380 0.815278 0.019010 0.016667
0 0.657292 0.831944 0.020833 0.019444
0 0.657813 0.850463 0.020833 0.019444
0 0.659115 0.867130 0.020833 0.019444
0 0.660156 0.884259 0.020833 0.019444
0 0.660417 0.901852 0.020833 0.019444
0 0.664714 0.618519 0.019010 0.016667
0 0.666016 0.635185 0.019010 0.016667
0 0.665755 0.649537 0.019010 0.016667
0 0.667057 0.664352 0.019010 0.016667
0 0.668099 0.682407 0.019010 0.016667
0 0.669271 0.697917 0.020833 0.017130
0 0.670312 0.713657 0.020833 0.017130
0 0.671354 0.730787 0.020833 0.017130
0 0.672135 0.747454 0.020833 0.017130
0 0.672786 0.764120 0.021094 0.018981
0 0.673828 0.781250 0.021094 0.018981
0 0.674870 0.797454 0.021094 0.018981
0 0.675651 0.815046 0.021094 0.018981
0 0.676172 0.833565 0.021094 0.018981
0 0.676953 0.848380 0.021094 0.018981
0 0.676953 0.865972 0.021094 0.018981
0 0.678516 0.883565 0.021094 0.018981
0 0.678776 0.901157 0.021094 0.018981
0 0.683984 0.617593 0.019010 0.016667
0 0.685937 0.633102 0.020833 0.017130
0 0.686458 0.649306 0.020833 0.017130
0 0.687240 0.664583 0.020833 0.017130
0 0.687760 0.680324 0.020833 0.017130
0 0.689583 0.697222 0.020313 0.018519
0 0.689844 0.712963 0.020313 0.018519
0 0.690885 0.730093 0.020313 0.018519
0 0.691927 0.747685 0.020313 0.018519
0 0.692969 0.763426 0.020313 0.018519
0 0.694271 0.780093 0.020313 0.018519
0 0.695312 0.796759 0.020313 0.018519
0 0.696094 0.814815 0.020313 0.018519
0 0.697396 0.831944 0.020313 0.018519
0 0.697917 0.848611 0.020313 0.018519
0 0.699479 0.865278 0.020313 0.018519
0 0.700000 0.884259 0.020313 0.018519
0 0.701302 0.900463 0.020313 0.018519
0 0.702865 0.617130 0.019271 0.018519
0 0.703646 0.631944 0.019271 0.018519
0 0.703906 0.647917 0.020313 0.018981
0 0.705208 0.664815 0.019271 0.018519
0 0.706250 0.681481 0.019271 0.018519
0 0.707552 0.697454 0.020313 0.017130
0 0.708203 0.712963 0.020573 0.018519
0 0.709505 0.730556 0.020573 0.018519
0 0.710026 0.746296 0.020573 0.018519
0 0.711328 0.761574 0.020573 0.018519
0 0.712370 0.778241 0.020573 0.018519
0 0.713151 0.796296 0.020573 0.018519
0 0.715234 0.812963 0.020573 0.018519
0 0.715495 0.830556 0.020573 0.018519
0 0.717057 0.847685 0.020573 0.018519
0 0.717839 0.865741 0.020573 0.018519
0 0.719141 0.882870 0.020573 0.018519
0 0.720182 0.900463 0.020573 0.018519
0 0.256380 0.168750 0.008594 0.021759
0 0.263672 0.167361 0.008594 0.021759
0 0.270443 0.166898 0.008594 0.021759
0 0.276953 0.165509 0.008594 0.021759
0 0.284245 0.165046 0.008594 0.021759
0 0.291016 0.164583 0.008594 0.021759
0 0.298177 0.163426 0.008854 0.022222
0 0.304948 0.162963 0.008854 0.022222
0 0.311979 0.161574 0.008854 0.022222
0 0.254688 0.188657 0.008854 0.023611
0 0.261458 0.188657 0.008854 0.023611
0 0.268750 0.186806 0.008854 0.023611
0 0.276042 0.186343 0.008854 0.023611
0 0.283854 0.185417 0.008854 0.023611
0 0.290885 0.184491 0.008854 0.023611
0 0.297656 0.183565 0.008854 0.023611
0 0.304948 0.182639 0.008854 0.023611
0 0.312500 0.181713 0.008854 0.023611
0 0.252474 0.215972 0.008594 0.024537
0 0.259766 0.215741 0.009115 0.023148
0 0.266797 0.214815 0.009115 0.023148
0 0.274349 0.213426 0.009115 0.023148
0 0.281901 0.212500 0.009115 0.023148
0 0.288672 0.211574 0.009115 0.023148
0 0.295703 0.210648 0.009115 0.023148
0 0.303516 0.209722 0.009115 0.023148
0 0.310156 0.209259 0.008854 0.021296
0 0.250651 0.236574 0.009115 0.024074
0 0.257943 0.235185 0.009115 0.024074
0 0.264974 0.234722 0.009115 0.024074
0 0.273047 0.233796 0.009115 0.024074
0 0.280078 0.232870 0.009115 0.024074
0 0.287891 0.232870 0.009115 0.024074
0 0.294922 0.232407 0.009115 0.024074
0 0.302214 0.231944 0.009115 0.024074
0 0.309766 0.229630 0.009115 0.024074
