0 0.228516 0.197917 0.007552 0.021759
0 0.235026 0.195602 0.007552 0.021759
0 0.242057 0.192361 0.007552 0.021759
0 0.248828 0.189120 0.007552 0.021759
0 0.255599 0.185880 0.007552 0.021759
0 0.262630 0.184028 0.007552 0.021759
0 0.269401 0.180556 0.007552 0.023148
0 0.276432 0.177778 0.007552 0.023148
0 0.283203 0.174537 0.007552 0.023148
0 0.289714 0.171759 0.007552 0.023148
0 0.300911 0.171296 0.009115 0.024074
0 0.308724 0.171759 0.009115 0.024074
0 0.316016 0.173843 0.009635 0.022685
0 0.324349 0.173843 0.009635 0.022685
0 0.331380 0.174769 0.009635 0.022685
0 0.338932 0.176157 0.009635 0.022685
0 0.346224 0.176157 0.009635 0.022685
0 0.353516 0.178472 0.009635 0.022685
0 0.361328 0.179398 0.009635 0.022685
0 0.368880 0.179398 0.009635 0.022685
0 0.383464 0.179167 0.009115 0.023148
0 0.389974 0.176852 0.009115 0.023148
0 0.397005 0.174537 0.009115 0.023148
0 0.404036 0.171296 0.009115 0.023148
0 0.411328 0.168981 0.009115 0.023148
0 0.418099 0.167130 0.009115 0.023148
0 0.424870 0.163426 0.009115 0.023148
0 0.440234 0.159259 0.009115 0.023148
0 0.431901 0.160185 0.009115 0.023148
0 0.446745 0.155556 0.009115 0.023148
0 0.454557 0.153704 0.009115 0.023148
0 0.461328 0.150926 0.009115 0.023148
0 0.468620 0.148148 0.009115 0.023148
0 0.483203 0.147222 0.009115 0.023148
0 0.489974 0.147222 0.009115 0.023148
0 0.497005 0.147222 0.009115 0.023148
0 0.504297 0.147685 0.009115 0.023148
0 0.518099 0.148843 0.009635 0.023611
0 0.511068 0.148380 0.009635 0.023611
0 0.525651 0.149306 0.009635 0.023611
0 0.532422 0.149537 0.008594 0.023148
0 0.539714 0.149074 0.008594 0.023148
0 0.547135 0.151157 0.010417 0.025463
0 0.554167 0.151620 0.009896 0.023611
0 0.561198 0.151620 0.009896 0.023611
0 0.568490 0.152083 0.009896 0.023611
0 0.575781 0.152546 0.009896 0.023611
0 0.582031 0.153241 0.009896 0.022222
0 0.589583 0.152778 0.009896 0.022222
0 0.596615 0.153241 0.009896 0.022222
0 0.602995 0.154167 0.009115 0.022222
0 0.234375 0.215046 0.007812 0.023611
0 0.240885 0.212731 0.007812 0.023611
0 0.248438 0.209954 0.007812 0.023611
0 0.254688 0.207407 0.008333 0.025000
0 0.261979 0.204167 0.008333 0.025000
0 0.269531 0.201389 0.008333 0.025000
0 0.275911 0.198148 0.008594 0.023148
0 0.282161 0.194907 0.008594 0.023148
0 0.290234 0.191667 0.008594 0.023148
0 0.300391 0.191667 0.008594 0.023148
0 0.308464 0.193056 0.008594 0.023148
0 0.316016 0.193519 0.008594 0.023148
0 0.323307 0.194907 0.008594 0.023148
0 0.331380 0.196759 0.008594 0.023148
0 0.338672 0.197222 0.008594 0.023148
0 0.346745 0.197685 0.008594 0.023148
0 0.354036 0.198611 0.008594 0.023148
0 0.361328 0.199537 0.008594 0.023148
0 0.383464 0.199074 0.008594 0.023148
0 0.390755 0.196759 0.008594 0.023148
0 0.397786 0.193519 0.008594 0.023148
0 0.405078 0.191667 0.008594 0.023148
0 0.412109 0.188426 0.008594 0.023148
0 0.419141 0.186574 0.008594 0.023148
0 0.426432 0.183796 0.008594 0.023148
0 0.433464 0.181481 0.008594 0.023148
0 0.440885 0.178935 0.008854 0.023611
0 0.447656 0.176620 0.008854 0.023611
0 0.454688 0.174306 0.008854 0.023611
0 0.462500 0.171528 0.008854 0.023611
0 0.469531 0.168750 0.008854 0.023611
0 0.483594 0.167824 0.008854 0.023611
0 0.490625 0.167824 0.008854 0.023611
0 0.498698 0.167361 0.008854 0.023611
0 0.505469 0.168750 0.010417 0.024537
0 0.512891 0.169213 0.009115 0.024537
0 0.520312 0.168981 0.008854 0.023148
0 0.527344 0.168981 0.009896 0.023148
0 0.534115 0.168981 0.009896 0.023148
0 0.541927 0.170370 0.009896 0.023148
0 0.548177 0.170370 0.009896 0.023148
0 0.555729 0.171296 0.009896 0.023148
0 0.563542 0.171296 0.009896 0.023148
0 0.570052 0.171759 0.009896 0.023148
0 0.576823 0.172222 0.009896 0.023148
0 0.584766 0.171991 0.009635 0.020833
0 0.591406 0.172454 0.009896 0.021759
0 0.598437 0.172454 0.009896 0.021759
0 0.605469 0.172917 0.009896 0.021759
0 0.229427 0.239815 0.008854 0.025926
0 0.236719 0.237500 0.008854 0.025926
0 0.243229 0.233796 0.008854 0.025926
0 0.250521 0.229630 0.008854 0.025926
0 0.257031 0.226389 0.008854 0.025926
0 0.275521 0.219907 0.008854 0.025926
0 0.283073 0.216204 0.008854 0.025926
0 0.289583 0.214815 0.008854 0.025926
0 0.300130 0.214120 0.008594 0.022685
0 0.307812 0.215509 0.008333 0.024537
0 0.315885 0.215509 0.008333 0.024537
0 0.333984 0.218750 0.008594 0.022685
0 0.341797 0.218981 0.009115 0.023148
0 0.349609 0.220370 0.009115 0.023148
0 0.357161 0.221759 0.009115 0.023148
0 0.364193 0.222685 0.009115 0.023148
0 0.372266 0.223611 0.009115 0.023148
0 0.384245 0.220833 0.009115 0.023148
0 0.391536 0.219213 0.009115 0.024537
0 0.398568 0.215509 0.010156 0.024537
0 0.405859 0.213657 0.009635 0.024537
0 0.412891 0.211343 0.009635 0.024537
0 0.419922 0.209028 0.009635 0.024537
0 0.427474 0.206250 0.009635 0.024537
0 0.433984 0.203472 0.009635 0.024537
0 0.441536 0.201157 0.009635 0.024537
0 0.449089 0.198380 0.009635 0.024537
0 0.456120 0.196528 0.009635 0.024537
0 0.463932 0.193750 0.009635 0.024537
0 0.470964 0.190972 0.009635 0.024537
0 0.485286 0.188889 0.009635 0.023148
0 0.499609 0.189583 0.009115 0.023611
0 0.491797 0.188194 0.009115 0.023611
0 0.507161 0.190509 0.009115 0.023611
0 0.514193 0.190509 0.009115 0.023611
0 0.522005 0.190046 0.009115 0.023611
0 0.528776 0.191898 0.009115 0.023611
0 0.536589 0.190972 0.009115 0.023611
0 0.543099 0.190972 0.009115 0.023611
0 0.550391 0.191898 0.009115 0.023611
0 0.557422 0.192361 0.009115 0.023611
0 0.565234 0.193287 0.009115 0.023611
0 0.572526 0.194676 0.009115 0.023611
0 0.579818 0.194213 0.009115 0.023611
0 0.586849 0.195139 0.009115 0.023611
0 0.594401 0.195139 0.009115 0.023611
0 0.601432 0.195139 0.009115 0.023611
0 0.607682 0.196065 0.009115 0.023611
0 0.228906 0.260648 0.008854 0.025926
0 0.235156 0.258333 0.008854 0.025926
0 0.242448 0.255093 0.008854 0.025926
0 0.250260 0.252778 0.008854 0.025926
0 0.256250 0.249306 0.008333 0.025463
0 0.274740 0.241898 0.008333 0.025463
0 0.281250 0.238657 0.008333 0.025463
0 0.288802 0.235880 0.008333 0.025463
0 0.299740 0.235417 0.008333 0.025463
0 0.307552 0.236806 0.008333 0.025463
0 0.315104 0.237269 0.008333 0.025463
0 0.332943 0.239583 0.008073 0.024537
0 0.339714 0.240046 0.008073 0.024537
0 0.347786 0.240509 0.008073 0.024537
0 0.355599 0.242361 0.008073 0.024537
0 0.363672 0.244676 0.008073 0.024537
0 0.371224 0.245139 0.008073 0.024537
0 0.384245 0.242824 0.008073 0.024537
0 0.391667 0.239352 0.009375 0.024074
0 0.398698 0.237037 0.009375 0.024074
0 0.406510 0.234259 0.009375 0.024074
0 0.413281 0.232407 0.009375 0.024074
0 0.420573 0.228704 0.009375 0.024074
0 0.428385 0.227315 0.009896 0.025000
0 0.435417 0.224537 0.009896 0.025000
0 0.442708 0.222222 0.009896 0.025000
0 0.449740 0.220833 0.009896 0.025000
0 0.457813 0.218056 0.009896 0.025000
0 0.464974 0.215278 0.010156 0.025000
0 0.472526 0.212500 0.010156 0.025000
0 0.225000 0.285417 0.008854 0.024537
0 0.231250 0.282176 0.008854 0.024537
0 0.238281 0.278472 0.008854 0.024537
0 0.245312 0.276157 0.008854 0.024537
0 0.244792 0.275231 0.008854 0.024537
0 0.252604 0.272917 0.008854 0.024537
0 0.260417 0.270602 0.008854 0.024537
0 0.266667 0.266435 0.008854 0.024537
0 0.273698 0.264583 0.008854 0.024537
0 0.281250 0.261343 0.008854 0.024537
0 0.288802 0.257639 0.008854 0.024537
0 0.299479 0.258102 0.008854 0.024537
0 0.307552 0.259028 0.008854 0.024537
0 0.315625 0.259028 0.008854 0.024537
0 0.322917 0.259954 0.008854 0.024537
0 0.331771 0.260880 0.008854 0.024537
0 0.339323 0.262731 0.008854 0.024537
0 0.347396 0.263194 0.008854 0.024537
0 0.354948 0.263657 0.008854 0.024537
0 0.362240 0.265509 0.008854 0.024537
0 0.369531 0.267361 0.008854 0.024537
0 0.385156 0.265509 0.008854 0.024537
0 0.391927 0.263194 0.008854 0.024537
0 0.399740 0.260417 0.008854 0.024537
0 0.407031 0.258102 0.008854 0.024537
0 0.414323 0.255324 0.008854 0.024537
0 0.422135 0.253009 0.008854 0.024537
0 0.428385 0.249769 0.008854 0.024537
0 0.435677 0.246991 0.008854 0.024537
0 0.443750 0.245602 0.008854 0.024537
0 0.451302 0.242824 0.008854 0.024537
0 0.458854 0.239583 0.008854 0.024537
0 0.466146 0.236806 0.008854 0.024537
0 0.473438 0.234954 0.008854 0.024537
0 0.486458 0.209491 0.008854 0.024537
0 0.493490 0.209028 0.008854 0.024537
0 0.500781 0.209954 0.008854 0.024537
0 0.508594 0.211806 0.008854 0.024537
0 0.515365 0.211343 0.008854 0.024537
0 0.523177 0.211806 0.008854 0.024537
0 0.530729 0.211806 0.009896 0.023611
0 0.537500 0.213194 0.009896 0.023611
0 0.545052 0.212269 0.009896 0.023611
0 0.552214 0.212963 0.009635 0.024074
0 0.558984 0.214352 0.009635 0.024074
0 0.566667 0.213657 0.009896 0.023611
0 0.574219 0.214120 0.009896 0.023611
0 0.581250 0.213657 0.009896 0.023611
0 0.589063 0.214120 0.009896 0.023611
0 0.595833 0.215509 0.009896 0.023611
0 0.602865 0.215509 0.009896 0.023611
0 0.610156 0.215046 0.009896 0.023611
0 0.487500 0.232639 0.008854 0.024537
0 0.495052 0.233565 0.008854 0.024537
0 0.502344 0.234491 0.008854 0.024537
0 0.517188 0.233565 0.008854 0.024537
0 0.501823 0.233565 0.008854 0.024537
0 0.524740 0.234491 0.008854 0.024537
0 0.531771 0.234954 0.008854 0.024537
0 0.539583 0.236806 0.008854 0.024537
0 0.546875 0.236343 0.008854 0.024537
0 0.554427 0.235417 0.008854 0.024537
0 0.561458 0.236343 0.009896 0.023611
0 0.568620 0.236806 0.009115 0.023611
0 0.576172 0.237731 0.009115 0.023611
0 0.583464 0.238194 0.009115 0.023611
0 0.590495 0.237731 0.009115 0.023611
0 0.598177 0.237731 0.009896 0.023611
0 0.604688 0.239583 0.009896 0.023611
0 0.612760 0.238657 0.009896 0.023611
0 0.221615 0.307176 0.008854 0.024537
0 0.228646 0.304398 0.008854 0.024537
0 0.234896 0.302083 0.008854 0.024537
0 0.243229 0.298843 0.008854 0.024537
0 0.249740 0.296065 0.008854 0.024537
0 0.256771 0.292824 0.008854 0.024537
0 0.273698 0.287269 0.008854 0.024537
0 0.280208 0.283565 0.008854 0.024537
0 0.287760 0.280787 0.008854 0.024537
0 0.298698 0.278935 0.008854 0.024537
0 0.307031 0.280324 0.008854 0.024537
0 0.314844 0.281250 0.008854 0.024537
0 0.332422 0.284259 0.009635 0.025000
0 0.340495 0.284722 0.009635 0.025000
0 0.348047 0.285648 0.009635 0.025000
0 0.356120 0.285185 0.009635 0.025000
0 0.363932 0.287500 0.009635 0.025000
0 0.372005 0.287963 0.009635 0.025000
0 0.385026 0.287500 0.009635 0.025000
0 0.392057 0.284259 0.009635 0.025000
0 0.399870 0.281019 0.009635 0.025000
0 0.407943 0.279630 0.009635 0.025000
0 0.414974 0.277315 0.009635 0.025000
0 0.422266 0.274074 0.009635 0.025000
0 0.429036 0.271296 0.009635 0.025000
0 0.436589 0.269444 0.009635 0.025000
0 0.444141 0.267130 0.009635 0.025000
0 0.452474 0.265278 0.009635 0.025000
0 0.458724 0.262500 0.009635 0.025000
0 0.467057 0.259259 0.009635 0.025000
0 0.474609 0.256944 0.009635 0.025000
0 0.489193 0.255093 0.009635 0.025000
0 0.496224 0.255556 0.009635 0.025000
0 0.503776 0.255093 0.009635 0.025000
0 0.511068 0.255093 0.009635 0.025000
0 0.518880 0.256944 0.009635 0.025000
0 0.525911 0.256481 0.009635 0.025000
0 0.533464 0.257176 0.010677 0.023611
0 0.540495 0.256713 0.010677 0.023611
0 0.548307 0.257639 0.010677 0.023611
0 0.556120 0.258102 0.010677 0.023611
0 0.563932 0.258102 0.010677 0.023611
0 0.570443 0.257176 0.010677 0.023611
0 0.579557 0.259028 0.010677 0.023611
0 0.585547 0.257639 0.010677 0.023611
0 0.592839 0.259028 0.010677 0.023611
0 0.599870 0.259028 0.010677 0.023611
0 0.607682 0.259491 0.010677 0.023611
0 0.614714 0.259491 0.010677 0.023611
0 0.220052 0.330324 0.008854 0.024537
0 0.227083 0.329398 0.008854 0.024537
0 0.234375 0.325694 0.008854 0.024537
0 0.241406 0.322917 0.008854 0.024537
0 0.248438 0.319213 0.008854 0.024537
0 0.255990 0.317361 0.008854 0.024537
0 0.272917 0.310880 0.008854 0.024537
0 0.279427 0.307176 0.008854 0.024537
0 0.286979 0.304861 0.008854 0.024537
0 0.297917 0.303472 0.008854 0.024537
0 0.306510 0.303935 0.008854 0.024537
0 0.314063 0.304861 0.008854 0.024537
0 0.333854 0.308102 0.008854 0.024537
0 0.341667 0.308102 0.008854 0.024537
0 0.349740 0.309491 0.008854 0.024537
0 0.358073 0.310880 0.008854 0.024537
0 0.365885 0.310880 0.008854 0.024537
0 0.373437 0.312269 0.008854 0.024537
0 0.386458 0.310417 0.008854 0.024537
0 0.393490 0.307176 0.008854 0.024537
0 0.400521 0.305787 0.008854 0.024537
0 0.408073 0.302546 0.008854 0.024537
0 0.416146 0.299769 0.008854 0.024537
0 0.422656 0.296528 0.008854 0.024537
0 0.430729 0.294676 0.008854 0.024537
0 0.438021 0.292361 0.008854 0.024537
0 0.445573 0.289583 0.008854 0.024537
0 0.453125 0.288194 0.008854 0.024537
0 0.460417 0.284954 0.008854 0.024537
0 0.467969 0.283102 0.008854 0.024537
0 0.490104 0.279861 0.008854 0.024537
0 0.475260 0.278935 0.008854 0.024537
0 0.498177 0.279398 0.008854 0.024537
0 0.505208 0.279630 0.009375 0.024074
0 0.513281 0.280324 0.010417 0.023611
0 0.520833 0.280787 0.010417 0.023611
0 0.527865 0.280324 0.010417 0.023611
0 0.535417 0.280324 0.010417 0.023611
0 0.543750 0.280324 0.010417 0.023611
0 0.566146 0.282176 0.010417 0.023611
0 0.550521 0.279398 0.010417 0.023611
0 0.557552 0.279861 0.010417 0.023611
0 0.573177 0.281713 0.010417 0.023611
0 0.580469 0.282176 0.010417 0.023611
0 0.587500 0.282639 0.010417 0.023611
0 0.595313 0.281713 0.010417 0.023611
0 0.602344 0.281250 0.010417 0.023611
0 0.610417 0.281250 0.010417 0.023611
0 0.616927 0.282176 0.010417 0.023611
0 0.619792 0.303472 0.010417 0.023611
0 0.611719 0.303009 0.010417 0.023611
0 0.604948 0.303472 0.010417 0.023611
0 0.596875 0.304398 0.010417 0.023611
0 0.589323 0.304398 0.010417 0.023611
0 0.582031 0.303935 0.010417 0.023611
0 0.574479 0.303009 0.010417 0.023611
0 0.568229 0.302546 0.010417 0.023611
0 0.559896 0.301620 0.010417 0.023611
0 0.552083 0.303009 0.010417 0.023611
0 0.544271 0.302083 0.010417 0.023611
0 0.537500 0.301620 0.010417 0.023611
0 0.529427 0.303009 0.010417 0.023611
0 0.521354 0.302083 0.010417 0.023611
0 0.514583 0.302083 0.010417 0.023611
0 0.506250 0.301157 0.010417 0.023611
0 0.499219 0.300694 0.010417 0.023611
0 0.492448 0.300231 0.010417 0.023611
0 0.476953 0.302778 0.010677 0.025926
0 0.469531 0.304398 0.010417 0.025463
0 0.461719 0.307639 0.010417 0.025463
0 0.453385 0.309954 0.010417 0.025463
0 0.446615 0.312269 0.010417 0.025463
0 0.438802 0.315046 0.010417 0.025463
0 0.430990 0.316898 0.010417 0.025463
0 0.423177 0.318287 0.010417 0.025463
0 0.415885 0.321528 0.010417 0.025463
0 0.409115 0.324306 0.010417 0.025463
0 0.400781 0.327083 0.010417 0.025463
0 0.394271 0.328935 0.010417 0.025463
0 0.386458 0.332176 0.008854 0.025463
0 0.370052 0.334954 0.008854 0.025463
0 0.362760 0.334491 0.008854 0.025463
0 0.353906 0.333102 0.008854 0.025463
0 0.346354 0.332176 0.008854 0.025463
0 0.338281 0.331250 0.008854 0.025463
0 0.329427 0.329861 0.008854 0.025463
0 0.322135 0.329398 0.008854 0.025463
0 0.314063 0.328472 0.008854 0.025463
0 0.305729 0.327083 0.008854 0.025463
0 0.297396 0.326620 0.008854 0.025463
0 0.285677 0.327083 0.008854 0.025463
0 0.278646 0.329861 0.008854 0.025463
0 0.271094 0.332176 0.008854 0.025463
0 0.264062 0.335880 0.008854 0.025463
0 0.256771 0.338194 0.008854 0.025463
0 0.249479 0.341435 0.008854 0.025463
0 0.241927 0.344213 0.008854 0.025463
0 0.234375 0.346991 0.008854 0.025463
0 0.227083 0.350231 0.008854 0.025463
0 0.220573 0.351620 0.008854 0.025463
0 0.220052 0.350694 0.008854 0.025463
0 0.219010 0.378009 0.008854 0.025463
0 0.226823 0.375231 0.008854 0.025463
0 0.233854 0.373380 0.008854 0.025463
0 0.241146 0.369213 0.008854 0.025463
0 0.248438 0.367824 0.008854 0.025463
0 0.255990 0.364583 0.008854 0.025463
0 0.263021 0.360880 0.008854 0.025463
0 0.270964 0.358565 0.009115 0.027315
0 0.277995 0.356250 0.009115 0.027315
0 0.285286 0.353009 0.009115 0.027315
0 0.297005 0.351157 0.009115 0.027315
0 0.305339 0.351157 0.009115 0.027315
0 0.313411 0.353009 0.009115 0.027315
0 0.321745 0.353009 0.009115 0.027315
0 0.329818 0.353935 0.009115 0.027315
0 0.338411 0.353935 0.009115 0.027315
0 0.346354 0.356019 0.008854 0.025926
0 0.354948 0.356944 0.008854 0.025926
0 0.362760 0.356944 0.008854 0.025926
0 0.370312 0.357870 0.008854 0.025926
0 0.386458 0.356019 0.008854 0.025926
0 0.394271 0.354167 0.008854 0.025926
0 0.401562 0.350463 0.008854 0.025926
0 0.410156 0.349074 0.008854 0.025926
0 0.416927 0.345370 0.008854 0.025926
0 0.424479 0.343056 0.008854 0.025926
0 0.432552 0.342130 0.008854 0.025926
0 0.440104 0.338889 0.008854 0.025926
0 0.447656 0.335648 0.008854 0.025926
0 0.455469 0.334259 0.008854 0.025926
0 0.462760 0.331019 0.008854 0.025926
0 0.470833 0.329167 0.008854 0.025926
0 0.478646 0.326389 0.008854 0.025926
0 0.492969 0.326852 0.008854 0.025926
0 0.500781 0.326852 0.008854 0.025926
0 0.508594 0.328241 0.008854 0.025926
0 0.516406 0.327315 0.008854 0.025926
0 0.523958 0.327778 0.008854 0.025926
0 0.531771 0.326852 0.008854 0.025926
0 0.539844 0.326389 0.008854 0.025926
0 0.546615 0.328704 0.008854 0.025926
0 0.554948 0.328241 0.009896 0.026852
0 0.562500 0.328241 0.009896 0.026852
0 0.570312 0.329167 0.009896 0.026852
0 0.577344 0.329167 0.009896 0.026852
0 0.584896 0.328241 0.009896 0.026852
0 0.592448 0.329630 0.010417 0.026852
0 0.600130 0.329167 0.010156 0.025926
0 0.607943 0.329167 0.010156 0.025926
0 0.615234 0.330093 0.010156 0.025926
0 0.622786 0.329630 0.010156 0.025926
0 0.216797 0.402315 0.009115 0.026852
0 0.224089 0.399074 0.009115 0.026852
0 0.231380 0.397222 0.009115 0.026852
0 0.238411 0.393981 0.009115 0.026852
0 0.246224 0.391667 0.009115 0.026852
0 0.253776 0.388426 0.009115 0.026852
0 0.269661 0.382870 0.009115 0.027778
0 0.277734 0.379630 0.009115 0.027778
0 0.284505 0.376852 0.009115 0.027778
0 0.296484 0.375000 0.009115 0.027778
0 0.304818 0.375463 0.009115 0.027778
0 0.313151 0.376389 0.009115 0.027778
0 0.333724 0.378472 0.009115 0.026389
0 0.342057 0.379398 0.009115 0.026389
0 0.349609 0.380324 0.009635 0.026389
0 0.358464 0.381250 0.009635 0.026389
0 0.366016 0.380787 0.009635 0.026389
0 0.374089 0.382176 0.009635 0.026389
0 0.387109 0.378935 0.009635 0.026389
0 0.394401 0.377546 0.009635 0.026389
0 0.402214 0.374306 0.009635 0.026389
0 0.410026 0.371065 0.009635 0.026389
0 0.418359 0.368750 0.009635 0.026389
0 0.425391 0.367824 0.009635 0.026389
0 0.432943 0.364120 0.009635 0.026389
0 0.441016 0.362269 0.009635 0.026389
0 0.448568 0.359491 0.009635 0.026389
0 0.456380 0.356713 0.009635 0.026389
0 0.463672 0.354861 0.009635 0.026389
0 0.471745 0.353009 0.009635 0.026389
0 0.479557 0.350231 0.009635 0.026389
0 0.494922 0.349769 0.009635 0.026389
0 0.502734 0.350231 0.009635 0.026389
0 0.510026 0.351620 0.009635 0.026389
0 0.517839 0.349769 0.009635 0.026389
0 0.525911 0.351157 0.009635 0.026389
0 0.533203 0.350694 0.009635 0.026389
0 0.541536 0.350694 0.009635 0.026389
0 0.548828 0.350694 0.009635 0.026389
0 0.556901 0.351620 0.009635 0.026389
0 0.564714 0.351157 0.009635 0.026389
0 0.572005 0.352546 0.009635 0.026389
0 0.579557 0.351620 0.009635 0.026389
0 0.587109 0.351620 0.009635 0.026389
0 0.595182 0.351620 0.009635 0.026389
0 0.602734 0.352546 0.009635 0.026389
0 0.610286 0.352083 0.009635 0.026389
0 0.617318 0.352546 0.009635 0.026389
0 0.625130 0.353009 0.009635 0.026389
0 0.216016 0.427778 0.009115 0.026852
0 0.223568 0.425000 0.009115 0.026852
0 0.231380 0.422222 0.009115 0.026852
0 0.238411 0.419907 0.009115 0.026852
0 0.245964 0.417130 0.009115 0.026852
0 0.261589 0.411111 0.009115 0.026852
0 0.268880 0.409259 0.009115 0.026852
0 0.276432 0.406019 0.009115 0.026852
0 0.284245 0.402778 0.009115 0.026852
0 0.295964 0.402778 0.009115 0.026852
0 0.304297 0.402778 0.009115 0.026852
0 0.312891 0.403241 0.009115 0.026852
0 0.320964 0.404630 0.009115 0.026852
0 0.337891 0.405556 0.009115 0.026852
0 0.346745 0.406019 0.009115 0.026852
0 0.354818 0.406944 0.009115 0.026852
0 0.363672 0.406944 0.009115 0.026852
0 0.370964 0.407870 0.009115 0.026852
0 0.387370 0.405556 0.009115 0.026852
0 0.395182 0.404167 0.009115 0.026852
0 0.403516 0.401852 0.009115 0.026852
0 0.410547 0.398148 0.009115 0.026852
0 0.418880 0.395370 0.009115 0.026852
0 0.426172 0.393519 0.009115 0.026852
0 0.433984 0.389815 0.009115 0.026852
0 0.441536 0.388889 0.009115 0.026852
0 0.449609 0.386111 0.009115 0.026852
0 0.457422 0.382870 0.009115 0.026852
0 0.464974 0.380556 0.009115 0.026852
0 0.472786 0.378704 0.009115 0.026852
0 0.481120 0.375463 0.009115 0.026852
0 0.495964 0.374074 0.009115 0.026852
0 0.503776 0.373148 0.009115 0.026852
0 0.511328 0.373611 0.009115 0.026852
0 0.519922 0.373611 0.009115 0.026852
0 0.527474 0.374074 0.009115 0.026852
0 0.535286 0.374074 0.009115 0.026852
0 0.543359 0.374074 0.009115 0.026852
0 0.550521 0.374769 0.010417 0.025463
0 0.558854 0.374769 0.010417 0.025463
0 0.566146 0.374769 0.010417 0.025463
0 0.573958 0.374306 0.010417 0.025463
0 0.581510 0.375231 0.010417 0.025463
0 0.589323 0.375694 0.010417 0.025463
0 0.597396 0.375231 0.010417 0.025463
0 0.604427 0.375231 0.010417 0.025463
0 0.611979 0.375000 0.010937 0.025000
0 0.620313 0.376389 0.010937 0.025000
0 0.627865 0.375463 0.010937 0.025000
0 0.215104 0.452546 0.009375 0.028241
0 0.222396 0.450231 0.009375 0.028241
0 0.229687 0.447454 0.009375 0.028241
0 0.237500 0.444676 0.009375 0.028241
0 0.245052 0.441898 0.009375 0.028241
0 0.252865 0.440046 0.009375 0.028241
0 0.259896 0.437269 0.009375 0.028241
0 0.268229 0.433102 0.009375 0.028241
0 0.275781 0.430787 0.009375 0.028241
0 0.283333 0.427546 0.009375 0.028241
0 0.295573 0.427083 0.009375 0.028241
0 0.303906 0.426620 0.009375 0.028241
0 0.312500 0.427546 0.009375 0.028241
0 0.321094 0.428935 0.009375 0.028241
0 0.338021 0.429861 0.009375 0.028241
0 0.329167 0.428241 0.009896 0.026852
0 0.346354 0.431250 0.009375 0.028241
0 0.355208 0.431250 0.009375 0.028241
0 0.363281 0.431713 0.009375 0.028241
0 0.371615 0.432639 0.009375 0.028241
0 0.388542 0.429630 0.009896 0.025926
0 0.395313 0.426852 0.009896 0.025926
0 0.403385 0.424306 0.009896 0.028241
0 0.411979 0.421991 0.009896 0.028241
0 0.419531 0.419676 0.009896 0.028241
0 0.427344 0.417361 0.009896 0.028241
0 0.434635 0.415046 0.009896 0.028241
0 0.442448 0.412269 0.009896 0.028241
0 0.450260 0.410417 0.009896 0.028241
0 0.458594 0.407176 0.009896 0.028241
0 0.466927 0.405324 0.009896 0.028241
0 0.475000 0.401620 0.009896 0.028241
0 0.482812 0.400231 0.009896 0.028241
0 0.498047 0.397917 0.010677 0.026389
0 0.505599 0.397454 0.010677 0.026389
0 0.513151 0.396991 0.010677 0.026389
0 0.520964 0.396065 0.010677 0.026389
0 0.529036 0.398380 0.010677 0.026389
0 0.537370 0.398380 0.010677 0.026389
0 0.544661 0.397917 0.010677 0.026389
0 0.552995 0.398380 0.010677 0.026389
0 0.560547 0.397454 0.010677 0.026389
0 0.568359 0.397454 0.010677 0.026389
0 0.576172 0.396991 0.010677 0.026389
0 0.583984 0.398843 0.010677 0.026389
0 0.591536 0.398380 0.010677 0.026389
0 0.599609 0.398380 0.010677 0.026389
0 0.607422 0.398843 0.010677 0.026389
0 0.614974 0.398843 0.010677 0.026389
0 0.622526 0.399769 0.010677 0.026389
0 0.630339 0.398380 0.010677 0.026389
0 0.212500 0.478935 0.009375 0.028241
0 0.220052 0.476620 0.009375 0.028241
0 0.227344 0.473380 0.009375 0.028241
0 0.235417 0.470602 0.009375 0.028241
0 0.242708 0.467361 0.009375 0.028241
0 0.250781 0.464583 0.009375 0.028241
0 0.267188 0.458565 0.009375 0.028241
0 0.274740 0.456713 0.009375 0.028241
0 0.282552 0.453935 0.009375 0.028241
0 0.294531 0.452083 0.009375 0.028241
0 0.303646 0.452083 0.009375 0.028241
0 0.311979 0.452546 0.009375 0.028241
0 0.332552 0.454398 0.009375 0.028241
0 0.340885 0.454861 0.009375 0.028241
0 0.349219 0.456713 0.009375 0.028241
0 0.357552 0.456713 0.009375 0.028241
0 0.366406 0.457639 0.009375 0.028241
0 0.374479 0.457639 0.009375 0.028241
0 0.388542 0.456713 0.009375 0.028241
0 0.396094 0.453472 0.009375 0.028241
0 0.404948 0.451157 0.009375 0.028241
0 0.411719 0.449306 0.009375 0.028241
0 0.420312 0.446991 0.009375 0.028241
0 0.427865 0.444213 0.009375 0.028241
0 0.436198 0.441435 0.009375 0.028241
0 0.443229 0.440509 0.009375 0.028241
0 0.451823 0.437731 0.009375 0.028241
0 0.459896 0.434954 0.009375 0.028241
0 0.467969 0.431250 0.009375 0.028241
0 0.476302 0.429398 0.009375 0.028241
0 0.483854 0.425694 0.009375 0.028241
0 0.498958 0.423843 0.009375 0.028241
0 0.507031 0.422917 0.009375 0.028241
0 0.514583 0.424537 0.009896 0.026852
0 0.522396 0.423611 0.009896 0.026852
0 0.530729 0.424537 0.009896 0.026852
0 0.546615 0.424537 0.009896 0.026852
0 0.538802 0.423611 0.009896 0.026852
0 0.554427 0.424074 0.009896 0.026852
0 0.562500 0.425000 0.009896 0.026852
0 0.570052 0.424537 0.009896 0.026852
0 0.578385 0.425000 0.009896 0.026852
0 0.585938 0.425463 0.010937 0.026852
0 0.594531 0.425694 0.011458 0.026389
0 0.601562 0.425231 0.011458 0.026389
0 0.609896 0.425231 0.011458 0.026389
0 0.617448 0.425694 0.011458 0.026389
0 0.625260 0.425694 0.011458 0.026389
0 0.633594 0.425231 0.011458 0.026389
0 0.210938 0.503935 0.009375 0.028241
0 0.218229 0.501620 0.009375 0.028241
0 0.226042 0.498843 0.009375 0.028241
0 0.233854 0.495602 0.009375 0.028241
0 0.241406 0.494213 0.009375 0.028241
0 0.248958 0.490972 0.009375 0.028241
0 0.266667 0.484954 0.009375 0.028241
0 0.273958 0.481713 0.009375 0.028241
0 0.282031 0.479861 0.009375 0.028241
0 0.293750 0.478009 0.009375 0.028241
0 0.302604 0.477546 0.009375 0.028241
0 0.311198 0.477546 0.009375 0.028241
0 0.332292 0.480787 0.009375 0.028241
0 0.339844 0.480324 0.009375 0.028241
0 0.349219 0.479861 0.009375 0.028241
0 0.358073 0.481250 0.009375 0.028241
0 0.366536 0.481944 0.010156 0.027778
0 0.374870 0.481019 0.010156 0.027778
0 0.389453 0.480093 0.010156 0.027778
0 0.396484 0.478241 0.010156 0.027778
0 0.404818 0.476389 0.010156 0.027778
0 0.412891 0.472685 0.010156 0.027778
0 0.420443 0.470833 0.010156 0.027778
0 0.428776 0.468981 0.010156 0.027778
0 0.436849 0.465741 0.010156 0.027778
0 0.445182 0.463889 0.010156 0.027778
0 0.452214 0.461574 0.010156 0.027778
0 0.460807 0.459259 0.010156 0.027778
0 0.468620 0.456481 0.010156 0.027778
0 0.476953 0.453241 0.010156 0.027778
0 0.485286 0.451389 0.010156 0.027778
0 0.500130 0.449074 0.009635 0.025926
0 0.508464 0.449074 0.009635 0.025926
0 0.516536 0.448611 0.009635 0.025926
0 0.524349 0.449537 0.010156 0.025926
0 0.532161 0.448611 0.010156 0.025926
0 0.540495 0.449074 0.010156 0.025926
0 0.548828 0.449537 0.010156 0.025926
0 0.556380 0.449074 0.010156 0.025926
0 0.564714 0.449537 0.010156 0.025926
0 0.572526 0.450000 0.010156 0.025926
0 0.580078 0.449074 0.010156 0.025926
0 0.588932 0.448148 0.010156 0.025926
0 0.596224 0.449074 0.010156 0.025926
0 0.604297 0.449074 0.010156 0.025926
0 0.612109 0.448611 0.010156 0.025926
0 0.619922 0.449074 0.010156 0.025926
0 0.628516 0.449537 0.010156 0.025926
0 0.636068 0.449074 0.010156 0.025926
0 0.210938 0.532639 0.009375 0.028241
0 0.218229 0.529398 0.009375 0.028241
0 0.225781 0.527546 0.009375 0.028241
0 0.233854 0.523843 0.009375 0.028241
0 0.241927 0.521991 0.009375 0.028241
0 0.249740 0.518287 0.009375 0.028241
0 0.257812 0.516435 0.009375 0.028241
0 0.265104 0.513657 0.009375 0.028241
0 0.281250 0.508102 0.009375 0.029167
0 0.273177 0.509491 0.009375 0.028241
0 0.293229 0.507176 0.009375 0.029167
0 0.302604 0.508102 0.009375 0.029167
0 0.310937 0.507639 0.009375 0.029167
0 0.320052 0.509028 0.009375 0.029167
0 0.328646 0.508565 0.009375 0.029167
0 0.338021 0.509028 0.009375 0.029167
0 0.346615 0.509028 0.009375 0.029167
0 0.354687 0.511343 0.009375 0.029167
0 0.363151 0.510648 0.009635 0.027778
0 0.371484 0.510648 0.009635 0.027778
0 0.389193 0.508796 0.010156 0.030556
0 0.397266 0.506944 0.010156 0.030556
0 0.405599 0.505093 0.010156 0.030556
0 0.413151 0.500926 0.010156 0.030556
0 0.421484 0.500000 0.010156 0.030556
0 0.429557 0.496296 0.010156 0.030556
0 0.438151 0.494907 0.010156 0.030556
0 0.445182 0.491204 0.010156 0.030556
0 0.453516 0.489352 0.010156 0.030556
0 0.462370 0.485648 0.010156 0.030556
0 0.470182 0.485185 0.010156 0.030556
0 0.478255 0.481944 0.010677 0.029630
0 0.486068 0.479630 0.010677 0.029630
0 0.501823 0.476852 0.010417 0.028704
0 0.509896 0.476852 0.010417 0.028704
0 0.517708 0.476852 0.010417 0.028704
0 0.526302 0.475926 0.010417 0.028704
0 0.534115 0.475463 0.010417 0.028704
0 0.542448 0.476852 0.010417 0.028704
0 0.551042 0.476389 0.010417 0.028704
0 0.559375 0.476389 0.010417 0.028704
0 0.567448 0.476389 0.010417 0.028704
0 0.574479 0.476852 0.010417 0.028704
0 0.582552 0.476852 0.010417 0.028704
0 0.591146 0.477315 0.010417 0.028704
0 0.599219 0.477778 0.010417 0.028704
0 0.606771 0.476852 0.010417 0.028704
0 0.615625 0.475926 0.010417 0.028704
0 0.622656 0.475463 0.010417 0.028704
0 0.630729 0.476389 0.010417 0.028704
0 0.638802 0.475926 0.010417 0.028704
0 0.208724 0.559028 0.009635 0.030093
0 0.216536 0.556250 0.009635 0.030093
0 0.225130 0.553935 0.009635 0.030093
0 0.233464 0.551157 0.009635 0.030093
0 0.241016 0.548380 0.009635 0.030093
0 0.248047 0.546528 0.009635 0.030093
0 0.264453 0.540046 0.009635 0.031019
0 0.272396 0.537731 0.010937 0.031944
0 0.279687 0.534722 0.010417 0.030556
0 0.292708 0.534259 0.010417 0.030556
0 0.302865 0.533796 0.010417 0.030556
0 0.310156 0.534722 0.010417 0.030556
0 0.331771 0.535185 0.010417 0.030556
0 0.340365 0.537037 0.010417 0.030556
0 0.348958 0.536574 0.010417 0.030556
0 0.357292 0.537037 0.010417 0.030556
0 0.366146 0.537963 0.010417 0.030556
0 0.375521 0.537037 0.010417 0.030556
0 0.388542 0.535648 0.010417 0.030556
0 0.397917 0.533796 0.010417 0.030556
0 0.405208 0.530093 0.010417 0.030556
0 0.413802 0.527315 0.010417 0.030556
0 0.422135 0.525463 0.010417 0.030556
0 0.430990 0.522685 0.010417 0.030556
0 0.438542 0.520833 0.010417 0.030556
0 0.446094 0.518981 0.010417 0.030556
0 0.455469 0.515741 0.010417 0.030556
0 0.463542 0.512963 0.010417 0.030556
0 0.471615 0.510648 0.010417 0.030556
0 0.479687 0.506944 0.010417 0.030556
0 0.488542 0.505556 0.010937 0.028704
0 0.503125 0.502315 0.010937 0.028704
0 0.511198 0.501852 0.010937 0.028704
0 0.519792 0.502315 0.010937 0.028704
0 0.527865 0.501852 0.010937 0.028704
0 0.536198 0.503241 0.010937 0.028704
0 0.544531 0.501852 0.010937 0.028704
0 0.552604 0.502315 0.010937 0.028704
0 0.560417 0.502315 0.010937 0.028704
0 0.569271 0.501389 0.010937 0.028704
0 0.577344 0.502315 0.010937 0.028704
0 0.584896 0.501852 0.010937 0.028704
0 0.593229 0.501389 0.010937 0.028704
0 0.601302 0.501389 0.010937 0.028704
0 0.609635 0.501389 0.010937 0.028704
0 0.617188 0.501852 0.010937 0.028704
0 0.625781 0.502315 0.010937 0.028704
0 0.633333 0.501389 0.010937 0.028704
0 0.641406 0.500694 0.010937 0.027315
0 0.206901 0.586574 0.009635 0.030556
0 0.214714 0.585185 0.009635 0.030556
0 0.222786 0.582407 0.009635 0.030556
0 0.230078 0.579630 0.009635 0.030556
0 0.238151 0.577315 0.009635 0.030556
0 0.246224 0.574537 0.009635 0.030556
0 0.263151 0.568981 0.009635 0.030556
0 0.271224 0.566204 0.009635 0.030556
0 0.279557 0.562963 0.009635 0.030556
0 0.291927 0.563657 0.010417 0.030093
0 0.300781 0.562269 0.010417 0.030093
0 0.309115 0.563194 0.010417 0.030093
0 0.331250 0.564583 0.010417 0.030093
0 0.340625 0.564120 0.010417 0.030093
0 0.349219 0.564583 0.010417 0.030093
0 0.358073 0.564120 0.010417 0.030093
0 0.366667 0.565972 0.010417 0.030093
0 0.374740 0.565046 0.010417 0.030093
0 0.390365 0.563194 0.010417 0.030093
0 0.398438 0.561806 0.010417 0.030093
0 0.407292 0.558565 0.010417 0.030093
0 0.414583 0.555787 0.010417 0.030093
0 0.423177 0.553935 0.010417 0.030093
0 0.431250 0.550694 0.010417 0.030093
0 0.439063 0.549306 0.010417 0.030093
0 0.447917 0.546528 0.010417 0.030093
0 0.455990 0.544213 0.010417 0.030093
0 0.464844 0.541898 0.010417 0.030093
0 0.472917 0.538657 0.010417 0.030093
0 0.481250 0.536343 0.010417 0.030093
0 0.489583 0.534028 0.010417 0.030093
0 0.504687 0.532176 0.010417 0.030093
0 0.512760 0.531250 0.010417 0.030093
0 0.521094 0.530787 0.010417 0.030093
0 0.530208 0.531250 0.010417 0.030093
0 0.538281 0.530324 0.010417 0.030093
0 0.546354 0.530324 0.010417 0.030093
0 0.554688 0.530324 0.010417 0.030093
0 0.562760 0.530324 0.010417 0.030093
0 0.570833 0.531250 0.010417 0.030093
0 0.579557 0.530324 0.011198 0.030093
0 0.587630 0.530324 0.012240 0.028241
0 0.595703 0.529861 0.012240 0.028241
0 0.603776 0.528935 0.012240 0.028241
0 0.612370 0.529398 0.012240 0.028241
0 0.620182 0.528935 0.012240 0.028241
0 0.628255 0.528472 0.012240 0.028241
0 0.637109 0.529398 0.012240 0.028241
0 0.645182 0.528472 0.012240 0.028241
0 0.204818 0.615278 0.009635 0.030556
0 0.214193 0.612500 0.009635 0.030556
0 0.222266 0.610185 0.009635 0.030556
0 0.229818 0.607407 0.009635 0.030556
0 0.237891 0.605556 0.009635 0.030556
0 0.245964 0.601852 0.009635 0.030556
0 0.262109 0.596759 0.009635 0.030556
0 0.254036 0.599074 0.009635 0.030556
0 0.270703 0.593981 0.009635 0.030556
0 0.278776 0.590741 0.009635 0.030556
0 0.291146 0.590741 0.010417 0.030556
0 0.301042 0.590741 0.010417 0.030556
0 0.309635 0.591667 0.010417 0.030556
0 0.318750 0.593056 0.010417 0.030556
0 0.327604 0.593056 0.010417 0.030556
0 0.336719 0.593056 0.010417 0.030556
0 0.345573 0.592593 0.010417 0.030556
0 0.354687 0.593056 0.010417 0.030556
0 0.363542 0.593056 0.010417 0.030556
0 0.371875 0.593056 0.010417 0.030556
0 0.390365 0.590741 0.010417 0.030556
0 0.398958 0.587963 0.010417 0.030556
0 0.406771 0.585648 0.010417 0.030556
0 0.415365 0.583796 0.010417 0.030556
0 0.423438 0.580093 0.010417 0.030556
0 0.431771 0.577778 0.010417 0.030556
0 0.440885 0.575926 0.010417 0.030556
0 0.449219 0.572685 0.010417 0.030556
0 0.457552 0.570833 0.010417 0.030556
0 0.465625 0.568981 0.010417 0.030556
0 0.473698 0.566204 0.010417 0.030556
0 0.482552 0.563889 0.010417 0.030556
0 0.490885 0.560648 0.010417 0.030556
0 0.506771 0.557870 0.010417 0.030556
0 0.515625 0.557407 0.010417 0.030556
0 0.522656 0.556944 0.010417 0.030556
0 0.531771 0.556481 0.010417 0.030556
0 0.539844 0.557870 0.010417 0.030556
0 0.548438 0.556944 0.010417 0.030556
0 0.557031 0.556944 0.010417 0.030556
0 0.565104 0.556019 0.010417 0.030556
0 0.573958 0.556019 0.010417 0.030556
0 0.582292 0.555093 0.010417 0.030556
0 0.590625 0.556481 0.010417 0.030556
0 0.598698 0.555556 0.010417 0.030556
0 0.606771 0.555093 0.010417 0.030556
0 0.615365 0.555556 0.010417 0.030556
0 0.623958 0.556019 0.010417 0.030556
0 0.631250 0.556019 0.010417 0.030556
0 0.639583 0.555324 0.011458 0.029167
0 0.647656 0.554861 0.011458 0.029167
0 0.647135 0.553935 0.011458 0.029167
0 0.203516 0.646759 0.009635 0.030556
0 0.211849 0.643981 0.009635 0.030556
0 0.220443 0.641204 0.009635 0.030556
0 0.228516 0.639352 0.009635 0.030556
0 0.236328 0.637037 0.009635 0.030556
0 0.261589 0.629167 0.009635 0.030556
0 0.243099 0.632870 0.009635 0.030556
0 0.252734 0.629630 0.009635 0.030556
0 0.269141 0.625926 0.009635 0.030556
0 0.277734 0.623148 0.009635 0.032407
0 0.290755 0.622685 0.009635 0.030556
0 0.299609 0.621759 0.009635 0.030556
0 0.308984 0.621759 0.009635 0.030556
0 0.318229 0.622917 0.009896 0.029167
0 0.327083 0.621528 0.009896 0.029167
0 0.336719 0.621065 0.009896 0.029167
0 0.345573 0.622454 0.009896 0.029167
0 0.354427 0.621528 0.009896 0.029167
0 0.363281 0.621991 0.009896 0.029167
0 0.372005 0.622222 0.010677 0.029630
0 0.391016 0.620370 0.010677 0.029630
0 0.398958 0.618287 0.010937 0.031019
0 0.407682 0.615278 0.010677 0.029630
0 0.416536 0.613426 0.010677 0.029630
0 0.424089 0.610185 0.010677 0.029630
0 0.432943 0.608333 0.010677 0.029630
0 0.441276 0.606019 0.010677 0.029630
0 0.450130 0.602778 0.010677 0.029630
0 0.458724 0.600000 0.010677 0.029630
0 0.467578 0.598148 0.010677 0.029630
0 0.475391 0.594907 0.010677 0.029630
0 0.484505 0.593056 0.010677 0.029630
0 0.493099 0.590741 0.010677 0.029630
0 0.508203 0.587037 0.010677 0.029630
0 0.516536 0.587500 0.010677 0.029630
0 0.525391 0.586806 0.011719 0.030093
0 0.533724 0.587269 0.011719 0.030093
0 0.542318 0.585417 0.011719 0.030093
0 0.550651 0.585880 0.011719 0.030093
0 0.559766 0.586806 0.011719 0.030093
0 0.567839 0.586806 0.011719 0.030093
0 0.575911 0.586343 0.011719 0.030093
0 0.584766 0.585880 0.011719 0.030093
0 0.593359 0.584954 0.011719 0.030093
0 0.601693 0.585880 0.011719 0.030093
0 0.610026 0.584491 0.011719 0.030093
0 0.618099 0.584954 0.011719 0.030093
0 0.627474 0.584028 0.011719 0.030093
0 0.635026 0.584028 0.011719 0.030093
0 0.642839 0.585417 0.011719 0.030093
0 0.650911 0.584954 0.011719 0.030093
0 0.200000 0.676620 0.009896 0.031944
0 0.207813 0.674306 0.009896 0.031944
0 0.216406 0.670602 0.009896 0.031944
0 0.224740 0.669213 0.009896 0.031944
0 0.233333 0.666898 0.009896 0.031944
0 0.241146 0.663657 0.009896 0.031944
0 0.260677 0.657176 0.009896 0.031944
0 0.268750 0.655324 0.009896 0.031944
0 0.277083 0.652546 0.009896 0.031944
0 0.289974 0.651852 0.010156 0.031481
0 0.299349 0.650463 0.010156 0.031481
0 0.308464 0.650463 0.010156 0.031481
0 0.330599 0.651389 0.010156 0.031481
0 0.339974 0.651852 0.010156 0.031481
0 0.349089 0.651389 0.010156 0.031481
0 0.357943 0.650463 0.010156 0.031481
0 0.367057 0.650000 0.010156 0.031481
0 0.375911 0.651852 0.010156 0.031481
0 0.391016 0.649074 0.010156 0.031481
0 0.399870 0.646065 0.010156 0.032870
0 0.408724 0.644676 0.010156 0.032870
0 0.416797 0.641204 0.010677 0.031481
0 0.424870 0.638889 0.010677 0.031481
0 0.434375 0.635648 0.011458 0.031481
0 0.442708 0.634259 0.011458 0.031481
0 0.451302 0.631481 0.011458 0.031481
0 0.459635 0.628472 0.010937 0.030093
0 0.469010 0.626157 0.011458 0.031944
0 0.476562 0.623380 0.011458 0.031944
0 0.485156 0.620602 0.011458 0.031944
0 0.494271 0.618750 0.011458 0.031944
0 0.509896 0.615046 0.010417 0.031019
0 0.518490 0.615046 0.010417 0.031019
0 0.526823 0.614120 0.010417 0.031019
0 0.535417 0.615046 0.010417 0.031019
0 0.544531 0.614120 0.010417 0.031019
0 0.569661 0.614583 0.010677 0.030093
0 0.552865 0.614120 0.010417 0.031019
0 0.561198 0.615046 0.010417 0.031019
0 0.578255 0.613657 0.010677 0.030093
0 0.586849 0.612731 0.010677 0.030093
0 0.595703 0.613194 0.010677 0.030093
0 0.604036 0.612731 0.010677 0.030093
0 0.612370 0.612731 0.010677 0.030093
0 0.621224 0.611806 0.010677 0.030093
0 0.629297 0.612731 0.010677 0.030093
0 0.637630 0.611806 0.010677 0.030093
0 0.646224 0.612269 0.011719 0.030093
0 0.654297 0.612037 0.012240 0.029630
0 0.330599 0.680093 0.010156 0.031481
0 0.339714 0.680556 0.010156 0.031481
0 0.349349 0.680556 0.010156 0.031481
0 0.358984 0.681019 0.010156 0.031481
0 0.367057 0.681481 0.010156 0.031481
0 0.375651 0.680556 0.010156 0.031481
0 0.391276 0.679167 0.010156 0.031481
0 0.409245 0.675463 0.010156 0.031481
0 0.399349 0.677315 0.010156 0.031481
0 0.417578 0.672685 0.010156 0.031481
0 0.426432 0.669907 0.010156 0.031481
0 0.434766 0.668056 0.010156 0.031481
0 0.443359 0.664583 0.010677 0.032870
0 0.452995 0.662963 0.011198 0.032407
0 0.461328 0.659722 0.011198 0.032407
0 0.469141 0.658333 0.011198 0.032407
0 0.479036 0.654167 0.011198 0.032407
0 0.487109 0.652315 0.011198 0.032407
0 0.496484 0.650000 0.011198 0.032407
0 0.511719 0.648611 0.011458 0.031481
0 0.520573 0.647685 0.011458 0.031481
0 0.529687 0.648148 0.011458 0.031481
0 0.538021 0.647685 0.011458 0.031481
0 0.546615 0.646759 0.011458 0.031481
0 0.555729 0.645833 0.011458 0.031481
0 0.564323 0.645833 0.011458 0.031481
0 0.572135 0.645370 0.011458 0.031481
0 0.580990 0.646759 0.011458 0.031481
0 0.589323 0.644444 0.011458 0.031481
0 0.598698 0.644444 0.011458 0.031481
0 0.607031 0.644907 0.011458 0.031481
0 0.615365 0.644907 0.011458 0.031481
0 0.624219 0.644444 0.011458 0.031481
0 0.632552 0.644444 0.011458 0.031481
0 0.640885 0.642593 0.011458 0.031481
0 0.649740 0.642593 0.011458 0.031481
0 0.658073 0.642593 0.011458 0.031481
0 0.198437 0.704861 0.009896 0.031944
0 0.207031 0.703472 0.009896 0.031944
0 0.215104 0.701620 0.009896 0.031944
0 0.223698 0.698843 0.009896 0.031944
0 0.232031 0.696528 0.009896 0.031944
0 0.239844 0.694213 0.009896 0.031944
0 0.259896 0.687269 0.009896 0.031944
0 0.267448 0.684954 0.009896 0.031944
0 0.276302 0.681713 0.009896 0.031944
0 0.289583 0.681250 0.009896 0.031944
0 0.298177 0.679861 0.009896 0.031944
0 0.307812 0.678935 0.009896 0.031944
0 0.198698 0.740972 0.010417 0.033796
0 0.207031 0.739583 0.010417 0.033796
0 0.215365 0.734954 0.010417 0.033796
0 0.223177 0.733102 0.010417 0.033796
0 0.233073 0.731713 0.010417 0.033796
0 0.241146 0.728009 0.010417 0.033796
0 0.250260 0.726157 0.010417 0.033796
0 0.257812 0.723843 0.010417 0.033796
0 0.266927 0.720139 0.010417 0.033796
0 0.275781 0.718287 0.010417 0.033796
0 0.288281 0.715509 0.010417 0.033796
0 0.297656 0.715046 0.010417 0.033796
0 0.307292 0.714120 0.010417 0.033796
0 0.316406 0.715509 0.010417 0.033796
0 0.349219 0.715509 0.010417 0.033796
0 0.357812 0.715046 0.010417 0.033796
0 0.367708 0.715046 0.010417 0.033796
0 0.376042 0.713194 0.010417 0.033796
0 0.392188 0.709491 0.010417 0.033796
0 0.400521 0.708102 0.010417 0.033796
0 0.409115 0.705324 0.010417 0.033796
0 0.417969 0.702546 0.010417 0.033796
0 0.426823 0.699306 0.010417 0.033796
0 0.435677 0.697454 0.010417 0.033796
0 0.444792 0.695602 0.010417 0.033796
0 0.452865 0.691898 0.010417 0.033796
0 0.461979 0.689120 0.010417 0.033796
0 0.471354 0.687731 0.010417 0.033796
0 0.479427 0.684491 0.010417 0.033796
0 0.513932 0.678009 0.011198 0.031944
0 0.488802 0.681713 0.010417 0.033796
0 0.496354 0.678935 0.010417 0.033796
0 0.522526 0.677083 0.011198 0.031944
0 0.531120 0.676157 0.011198 0.031944
0 0.540234 0.675694 0.011198 0.031944
0 0.548828 0.676157 0.011198 0.031944
0 0.557682 0.675231 0.011198 0.031944
0 0.566536 0.676157 0.011198 0.031944
0 0.574870 0.675231 0.011198 0.031944
0 0.583724 0.674769 0.011198 0.031944
0 0.592318 0.674306 0.011198 0.031944
0 0.601172 0.674769 0.011198 0.031944
0 0.610026 0.673380 0.011198 0.031944
0 0.618359 0.674306 0.011198 0.031944
0 0.627344 0.673843 0.011979 0.031019
0 0.635938 0.672917 0.011979 0.031019
0 0.644010 0.671991 0.011979 0.031019
0 0.652865 0.671991 0.011979 0.031019
0 0.661458 0.671528 0.011979 0.031019
0 0.140234 0.821296 0.021615 0.020370
0 0.139974 0.837963 0.021615 0.020370
0 0.138932 0.855093 0.021615 0.020370
0 0.137891 0.871296 0.021615 0.020370
0 0.137370 0.887500 0.021615 0.020370
0 0.136328 0.902778 0.021615 0.020370
0 0.135417 0.921065 0.020833 0.021759
0 0.133333 0.939120 0.020833 0.021759
0 0.132812 0.956250 0.021354 0.022685
0 0.159245 0.813889 0.021615 0.020370
0 0.158854 0.831481 0.020313 0.021296
0 0.158464 0.848148 0.020573 0.022222
0 0.157161 0.864815 0.020573 0.022222
0 0.156120 0.882407 0.020573 0.022222
0 0.155339 0.900000 0.020573 0.022222
0 0.153776 0.917593 0.020573 0.022222
0 0.153776 0.935185 0.020573 0.022222
0 0.152474 0.952778 0.020573 0.022222
0 0.185677 0.809722 0.019792 0.021296
0 0.184896 0.826620 0.020833 0.020833
0 0.184635 0.842824 0.020833 0.020833
0 0.183594 0.859028 0.020833 0.020833
0 0.183073 0.876157 0.020833 0.020833
0 0.182292 0.894213 0.020833 0.020833
0 0.181250 0.911806 0.020833 0.020833
0 0.180990 0.930324 0.020833 0.020833
0 0.179688 0.946528 0.020833 0.020833
0 0.203906 0.806481 0.019792 0.021296
0 0.203646 0.823148 0.019792 0.021296
0 0.202865 0.839352 0.019792 0.021296
0 0.202344 0.856944 0.019792 0.021296
0 0.201823 0.874537 0.019792 0.024074
0 0.201042 0.891667 0.019792 0.024074
0 0.200260 0.909259 0.019792 0.024074
0 0.199740 0.925463 0.019792 0.024074
0 0.199089 0.943056 0.020573 0.023148
