0 0.327083 0.181250 0.017708 0.010648
0 0.343229 0.180787 0.017708 0.010648
0 0.326042 0.190046 0.017708 0.010648
0 0.324479 0.199769 0.017708 0.010648
0 0.323437 0.209491 0.017708 0.010648
0 0.322396 0.219676 0.017708 0.010648
0 0.321354 0.229398 0.017708 0.010648
0 0.319792 0.240046 0.017708 0.010648
0 0.318750 0.250231 0.018750 0.010648
0 0.317448 0.259954 0.018750 0.010648
0 0.316406 0.270602 0.018750 0.010648
0 0.315104 0.281713 0.018750 0.010648
0 0.313802 0.292130 0.019271 0.011111
0 0.312760 0.303704 0.019271 0.011111
0 0.311198 0.314352 0.019271 0.011111
0 0.309635 0.325463 0.019271 0.011111
0 0.308594 0.337037 0.019271 0.011111
0 0.307161 0.348148 0.020052 0.012037
0 0.305339 0.360185 0.020052 0.012037
0 0.342187 0.190046 0.017708 0.010648
0 0.341146 0.199769 0.017708 0.010648
0 0.339844 0.209954 0.017708 0.010648
0 0.338542 0.219676 0.017708 0.010648
0 0.338021 0.229398 0.017708 0.010648
0 0.336719 0.240509 0.017708 0.010648
0 0.335677 0.250694 0.017708 0.010648
0 0.334896 0.260417 0.017708 0.010648
0 0.333333 0.270602 0.017708 0.010648
0 0.332552 0.281481 0.018229 0.011111
0 0.331250 0.292824 0.018229 0.012500
0 0.329948 0.303241 0.019271 0.012037
0 0.328906 0.314352 0.019271 0.012037
0 0.327604 0.325463 0.019271 0.012037
0 0.326042 0.337500 0.019271 0.012037
0 0.325000 0.349074 0.019271 0.012037
0 0.323698 0.360185 0.019271 0.012037
0 0.362109 0.180556 0.017448 0.010185
0 0.360286 0.190046 0.017969 0.010648
0 0.360286 0.199769 0.017969 0.010648
0 0.358464 0.209954 0.017969 0.010648
0 0.357422 0.219676 0.017969 0.010648
0 0.356641 0.229398 0.018490 0.011574
0 0.355859 0.240046 0.018490 0.011574
0 0.354557 0.250231 0.018490 0.011574
0 0.353516 0.260417 0.018490 0.011574
0 0.352734 0.271528 0.018490 0.011574
0 0.351432 0.281481 0.019010 0.012037
0 0.350391 0.292593 0.019010 0.012037
0 0.349349 0.303704 0.019010 0.012037
0 0.348307 0.314815 0.019010 0.012037
0 0.347266 0.326157 0.019531 0.012500
0 0.345964 0.337269 0.019531 0.012500
0 0.344401 0.349306 0.019531 0.012500
0 0.343750 0.360417 0.019792 0.012500
0 0.377344 0.180556 0.017708 0.011111
0 0.377344 0.190278 0.017708 0.011111
0 0.376302 0.200000 0.017708 0.011111
0 0.375130 0.210417 0.017969 0.010648
0 0.374609 0.220139 0.017969 0.010648
0 0.373307 0.230324 0.017969 0.010648
0 0.372526 0.240509 0.017969 0.010648
0 0.371615 0.250463 0.018229 0.011111
0 0.371094 0.261111 0.018229 0.011111
0 0.369792 0.271296 0.018229 0.011111
0 0.368620 0.281944 0.018490 0.012037
0 0.367578 0.293056 0.018490 0.012037
0 0.366797 0.303704 0.019010 0.012037
0 0.366016 0.314815 0.019010 0.012037
0 0.364974 0.326620 0.019531 0.012500
0 0.364193 0.337731 0.019531 0.012500
0 0.363151 0.349306 0.019531 0.012500
0 0.361849 0.361343 0.019531 0.012500
0 0.395833 0.181019 0.017708 0.011111
0 0.395052 0.190741 0.017708 0.011111
0 0.394010 0.201389 0.017708 0.011111
0 0.393750 0.209722 0.017708 0.011111
0 0.392969 0.220370 0.017708 0.011111
0 0.392188 0.230556 0.017708 0.011111
0 0.391276 0.240741 0.018490 0.011111
0 0.390495 0.250463 0.018490 0.011111
0 0.390234 0.261574 0.018490 0.011111
0 0.389193 0.272222 0.018490 0.011111
0 0.388281 0.282639 0.018750 0.011574
0 0.387500 0.293287 0.018750 0.011574
0 0.387240 0.304861 0.018750 0.011574
0 0.386198 0.315509 0.018229 0.012500
0 0.385286 0.326620 0.019010 0.012500
0 0.384245 0.338194 0.019010 0.012500
0 0.383464 0.349769 0.019010 0.012500
0 0.382422 0.361806 0.019010 0.012500
0 0.411979 0.181481 0.017708 0.011111
0 0.411198 0.190278 0.017188 0.011111
0 0.410417 0.200926 0.017188 0.011111
0 0.410156 0.210648 0.017188 0.011111
0 0.409635 0.220833 0.017188 0.011111
0 0.408854 0.230556 0.017188 0.011111
0 0.408073 0.240741 0.017708 0.012037
0 0.407813 0.250926 0.017708 0.012037
0 0.407031 0.260648 0.017708 0.012037
0 0.406250 0.271759 0.017708 0.012037
0 0.405469 0.282407 0.017708 0.012037
0 0.404687 0.293287 0.018229 0.012500
0 0.403906 0.303935 0.018229 0.012500
0 0.403385 0.315509 0.018229 0.012500
0 0.402865 0.326157 0.018229 0.012500
0 0.401823 0.338194 0.018229 0.012500
0 0.401042 0.349306 0.018229 0.012500
0 0.400391 0.361111 0.018490 0.012963
0 0.429427 0.181019 0.017188 0.011111
0 0.428646 0.190741 0.017188 0.011111
0 0.428385 0.200926 0.017188 0.011111
0 0.427865 0.210648 0.017188 0.011111
0 0.427344 0.220833 0.017188 0.011111
0 0.427083 0.230556 0.017188 0.011111
0 0.426563 0.240278 0.017188 0.011111
0 0.426042 0.250694 0.017708 0.010648
0 0.425521 0.261343 0.017708 0.010648
0 0.424740 0.272454 0.017708 0.010648
0 0.424219 0.293981 0.018229 0.011111
0 0.423958 0.281713 0.017708 0.010648
0 0.423698 0.304630 0.018229 0.011111
0 0.423438 0.315278 0.018229 0.011111
0 0.422656 0.327315 0.018229 0.011111
0 0.422135 0.338426 0.018229 0.011111
0 0.421875 0.349769 0.019271 0.012500
0 0.421094 0.361806 0.019271 0.012500
0 0.445573 0.181481 0.017188 0.011111
0 0.445833 0.191667 0.017188 0.011111
0 0.444792 0.200926 0.017188 0.011111
0 0.444792 0.211111 0.017188 0.011111
0 0.444010 0.221296 0.017188 0.011111
0 0.443750 0.230556 0.017188 0.011111
0 0.443490 0.240278 0.017188 0.011111
0 0.442969 0.250926 0.017188 0.011111
0 0.442448 0.262037 0.017188 0.011111
0 0.442188 0.271759 0.017188 0.011111
0 0.441797 0.283102 0.017969 0.011574
0 0.441536 0.293750 0.017969 0.011574
0 0.441276 0.304861 0.017969 0.011574
0 0.440234 0.315509 0.017969 0.011574
0 0.440495 0.327546 0.017969 0.011574
0 0.439974 0.338657 0.018490 0.011574
0 0.439453 0.349769 0.018490 0.011574
0 0.438932 0.361806 0.019010 0.011574
0 0.464062 0.181944 0.017188 0.011111
0 0.464323 0.191204 0.017188 0.011111
0 0.464323 0.200926 0.017188 0.011111
0 0.464062 0.210648 0.017188 0.011111
0 0.463542 0.219907 0.017188 0.011111
0 0.462891 0.230556 0.016927 0.011111
0 0.462500 0.240741 0.017188 0.012037
0 0.462240 0.250926 0.017188 0.012037
0 0.462240 0.262037 0.017188 0.012037
0 0.461979 0.271759 0.017188 0.012037
0 0.461719 0.282870 0.017188 0.012037
0 0.460938 0.293519 0.017188 0.012037
0 0.460807 0.304398 0.017969 0.012500
0 0.460547 0.315509 0.017969 0.012500
0 0.460286 0.327083 0.017969 0.012500
0 0.459766 0.338657 0.017969 0.012500
0 0.459245 0.349769 0.017969 0.012500
0 0.459115 0.361343 0.018229 0.012500
0 0.480469 0.181481 0.017188 0.011111
0 0.480729 0.190741 0.017188 0.011111
0 0.480469 0.201852 0.017188 0.011111
0 0.480469 0.211111 0.017188 0.011111
0 0.479948 0.220833 0.017188 0.011111
0 0.479427 0.230556 0.017188 0.011111
0 0.479427 0.240509 0.018229 0.010648
0 0.479427 0.251157 0.018229 0.010648
0 0.479167 0.261806 0.018229 0.010648
0 0.479427 0.272454 0.018229 0.010648
0 0.478646 0.283333 0.018229 0.012037
0 0.478646 0.293981 0.018229 0.012037
0 0.478385 0.305093 0.018229 0.012037
0 0.478125 0.316204 0.018229 0.012037
0 0.477865 0.327083 0.018750 0.012500
0 0.477865 0.338657 0.018750 0.012500
0 0.477344 0.349769 0.018750 0.012500
0 0.477083 0.361343 0.018750 0.012500
0 0.496875 0.181481 0.017188 0.011111
0 0.513021 0.181019 0.017188 0.011111
0 0.531250 0.181019 0.017188 0.011111
0 0.547917 0.181019 0.017188 0.011111
0 0.565365 0.181019 0.017188 0.011111
0 0.497135 0.190741 0.017188 0.011111
0 0.496875 0.201389 0.017188 0.011111
0 0.496615 0.210648 0.017188 0.011111
0 0.496615 0.220833 0.017188 0.011111
0 0.496615 0.230556 0.017188 0.011111
0 0.496354 0.241204 0.017188 0.011111
0 0.496354 0.251852 0.017188 0.011111
0 0.496354 0.262037 0.017188 0.011111
0 0.495833 0.272685 0.017188 0.011111
0 0.495833 0.283333 0.017188 0.011111
0 0.496094 0.293981 0.017188 0.011111
0 0.495964 0.304861 0.017969 0.010648
0 0.496224 0.315972 0.018490 0.012500
0 0.495703 0.326620 0.018490 0.012500
0 0.495443 0.338657 0.018490 0.012500
0 0.495182 0.350000 0.019010 0.012963
0 0.495703 0.361574 0.019010 0.012963
0 0.513802 0.191204 0.017188 0.011111
0 0.513542 0.201389 0.017188 0.011111
0 0.513802 0.211111 0.017188 0.011111
0 0.513281 0.220833 0.017188 0.011111
0 0.513021 0.230556 0.017188 0.011111
0 0.513281 0.240278 0.017188 0.011111
0 0.513281 0.250926 0.017188 0.011111
0 0.513281 0.261574 0.017188 0.011111
0 0.513542 0.272685 0.017188 0.011111
0 0.513021 0.283333 0.017188 0.011111
0 0.513281 0.294444 0.017188 0.011111
0 0.513281 0.304398 0.017708 0.012500
0 0.513151 0.315509 0.018490 0.011574
0 0.513672 0.328009 0.018490 0.011574
0 0.513672 0.338657 0.018490 0.011574
0 0.513411 0.350694 0.018490 0.011574
0 0.513411 0.361574 0.019010 0.012963
0 0.531250 0.191204 0.017188 0.011111
0 0.531510 0.200463 0.017188 0.011111
0 0.531771 0.210185 0.017188 0.011111
0 0.531510 0.220833 0.017188 0.011111
0 0.532031 0.231019 0.017188 0.011111
0 0.531771 0.241204 0.017188 0.011111
0 0.532292 0.251389 0.017188 0.011111
0 0.531771 0.262037 0.017188 0.011111
0 0.532292 0.272685 0.017188 0.011111
0 0.532031 0.283796 0.017188 0.011111
0 0.532552 0.293750 0.017708 0.010648
0 0.532552 0.305324 0.018229 0.011574
0 0.532292 0.316435 0.018750 0.012500
0 0.532031 0.327546 0.018750 0.012500
0 0.533333 0.338657 0.018750 0.012500
0 0.533333 0.350694 0.018750 0.012500
0 0.532813 0.362731 0.018750 0.012500
0 0.547917 0.190741 0.017188 0.011111
0 0.548177 0.200463 0.017188 0.011111
0 0.548438 0.210185 0.017188 0.011111
0 0.548698 0.220833 0.017188 0.011111
0 0.548698 0.230556 0.017188 0.011111
0 0.549219 0.240741 0.017188 0.011111
0 0.549219 0.251852 0.017188 0.011111
0 0.548958 0.261574 0.017188 0.011111
0 0.549349 0.272222 0.017969 0.012037
0 0.549870 0.282870 0.017969 0.012037
0 0.549609 0.294444 0.017969 0.012037
0 0.549870 0.304630 0.017969 0.012037
0 0.550130 0.316204 0.017969 0.012037
0 0.550391 0.327315 0.017969 0.012037
0 0.550391 0.339352 0.017969 0.012037
0 0.550651 0.350926 0.017969 0.012037
0 0.551042 0.362731 0.018229 0.012500
0 0.581771 0.181019 0.017188 0.011111
0 0.565625 0.190278 0.017188 0.011111
0 0.581771 0.191204 0.017188 0.011111
0 0.582292 0.200463 0.017188 0.011111
0 0.565885 0.200926 0.017188 0.011111
0 0.566146 0.210185 0.017188 0.011111
0 0.582812 0.210648 0.017188 0.011111
0 0.566667 0.220370 0.017188 0.011111
0 0.583594 0.219907 0.017188 0.011111
0 0.566927 0.231019 0.017188 0.011111
0 0.583854 0.229630 0.017188 0.011111
0 0.567187 0.240741 0.017188 0.011111
0 0.584375 0.239815 0.017188 0.011111
0 0.567708 0.251620 0.017708 0.011574
0 0.584896 0.250694 0.017708 0.011574
0 0.567969 0.262269 0.017708 0.011574
0 0.585677 0.262269 0.017708 0.011574
0 0.568229 0.272454 0.017708 0.011574
0 0.585417 0.271991 0.017708 0.011574
0 0.569010 0.283102 0.017708 0.011574
0 0.586068 0.282870 0.018490 0.012037
0 0.569010 0.294213 0.017708 0.011574
0 0.586458 0.293287 0.017708 0.011574
0 0.587240 0.304861 0.017708 0.011574
0 0.569401 0.305324 0.018490 0.011574
0 0.570182 0.316435 0.018490 0.011574
0 0.587370 0.316435 0.018490 0.011574
0 0.570182 0.328009 0.018490 0.011574
0 0.588151 0.327083 0.018490 0.011574
0 0.570443 0.339120 0.018490 0.011574
0 0.588802 0.338657 0.018750 0.012500
0 0.570964 0.350694 0.018490 0.011574
0 0.589193 0.350231 0.018490 0.011574
0 0.589453 0.361806 0.018490 0.011574
0 0.599479 0.180556 0.017188 0.011111
0 0.600000 0.189815 0.017188 0.011111
0 0.600000 0.200000 0.017188 0.011111
0 0.600521 0.210185 0.017188 0.011111
0 0.601562 0.219907 0.017188 0.011111
0 0.602083 0.229167 0.017188 0.011111
0 0.602344 0.239352 0.017188 0.011111
0 0.602865 0.250463 0.017188 0.011111
0 0.603776 0.261111 0.017969 0.011111
0 0.604167 0.271759 0.017188 0.011111
0 0.605339 0.282176 0.019010 0.011574
0 0.605339 0.293287 0.019010 0.011574
0 0.606120 0.303935 0.019010 0.011574
0 0.606641 0.315046 0.019010 0.011574
0 0.607161 0.326620 0.019010 0.011574
0 0.607422 0.338657 0.019010 0.011574
0 0.608464 0.350694 0.019010 0.011574
0 0.608984 0.361343 0.019010 0.011574
0 0.615365 0.181019 0.017188 0.011111
0 0.616927 0.189815 0.017188 0.011111
0 0.617188 0.199537 0.017188 0.011111
0 0.617969 0.210648 0.017188 0.011111
0 0.618229 0.220370 0.017188 0.011111
0 0.619010 0.229630 0.017188 0.011111
0 0.620052 0.240278 0.017188 0.011111
0 0.620443 0.250231 0.017969 0.011574
0 0.621484 0.261343 0.017969 0.011574
0 0.621745 0.271991 0.017969 0.011574
0 0.622526 0.281713 0.017969 0.011574
0 0.623828 0.293287 0.017969 0.011574
0 0.623568 0.303935 0.017969 0.011574
0 0.624609 0.315972 0.017969 0.011574
0 0.625781 0.327083 0.018750 0.012500
0 0.626823 0.337731 0.018750 0.012500
0 0.627344 0.350694 0.018750 0.012500
0 0.627604 0.361806 0.018750 0.012500
0 0.647656 0.361343 0.018750 0.012500
0 0.666406 0.361111 0.019792 0.012963
0 0.686979 0.361111 0.019792 0.012963
0 0.705469 0.360648 0.019792 0.012963
0 0.647135 0.349769 0.018750 0.012500
0 0.665104 0.348843 0.018750 0.012500
0 0.685937 0.349306 0.018750 0.012500
0 0.704427 0.348843 0.019792 0.012500
0 0.703125 0.337269 0.019792 0.012500
0 0.684896 0.337731 0.019792 0.012500
0 0.664323 0.337731 0.019792 0.012500
0 0.646094 0.337731 0.019792 0.012500
0 0.645312 0.326620 0.019792 0.012500
0 0.663281 0.325231 0.019792 0.012500
0 0.683333 0.325231 0.019792 0.012500
0 0.701562 0.326157 0.019792 0.012500
0 0.633073 0.180556 0.017188 0.011111
0 0.634115 0.190278 0.017188 0.011111
0 0.635156 0.200000 0.017188 0.011111
0 0.636198 0.210185 0.017188 0.011111
0 0.636458 0.218519 0.017188 0.011111
0 0.637240 0.229630 0.018229 0.011111
0 0.638542 0.240046 0.018750 0.011574
0 0.638802 0.250694 0.018750 0.011574
0 0.639844 0.260880 0.018750 0.011574
0 0.640885 0.271528 0.018750 0.011574
0 0.641667 0.282176 0.018750 0.011574
0 0.642448 0.292824 0.018750 0.011574
0 0.642969 0.303472 0.018750 0.011574
0 0.644271 0.315046 0.018750 0.011574
0 0.661719 0.314583 0.018750 0.011574
0 0.682552 0.314583 0.018750 0.011574
0 0.700000 0.313657 0.018750 0.011574
0 0.661198 0.303009 0.018750 0.011574
0 0.681510 0.303935 0.018750 0.011574
0 0.698438 0.303472 0.018750 0.011574
0 0.660156 0.291898 0.018750 0.011574
0 0.680208 0.292824 0.018750 0.011574
0 0.697917 0.292824 0.018750 0.011574
0 0.659635 0.281250 0.018750 0.011574
0 0.678906 0.281713 0.018750 0.011574
0 0.695833 0.281250 0.018750 0.011574
0 0.658594 0.270602 0.018750 0.011574
0 0.678125 0.271065 0.018750 0.011574
0 0.694531 0.270602 0.018750 0.011574
0 0.657552 0.259954 0.018750 0.011574
0 0.676823 0.259954 0.018750 0.011574
0 0.694010 0.259259 0.018229 0.012963
0 0.656771 0.249769 0.018750 0.011574
0 0.675521 0.249306 0.018229 0.012500
0 0.692448 0.250000 0.018229 0.011111
0 0.655469 0.239120 0.017708 0.011574
0 0.674219 0.239120 0.017708 0.011574
0 0.691146 0.239583 0.017708 0.011574
0 0.654687 0.228704 0.018229 0.011111
0 0.673698 0.229630 0.018229 0.011111
0 0.690104 0.229167 0.018229 0.011111
0 0.653646 0.219444 0.017188 0.011111
0 0.671875 0.219907 0.017188 0.011111
0 0.688802 0.218981 0.017188 0.011111
0 0.652604 0.208796 0.017188 0.011111
0 0.671615 0.208796 0.017188 0.011111
0 0.688021 0.209259 0.017188 0.011111
0 0.651823 0.199537 0.017188 0.011111
0 0.670573 0.199074 0.017188 0.011111
0 0.686198 0.199537 0.017188 0.011111
0 0.685937 0.189815 0.017188 0.011111
0 0.668490 0.189352 0.017188 0.011111
0 0.650781 0.189815 0.017188 0.011111
0 0.634375 0.189815 0.017188 0.011111
0 0.650260 0.179630 0.017188 0.011111
0 0.668750 0.180556 0.017188 0.011111
0 0.684115 0.180556 0.017188 0.011111
0 0.304167 0.385648 0.019792 0.016667
0 0.303385 0.400463 0.019792 0.016667
0 0.302865 0.414815 0.019792 0.016667
0 0.301563 0.430556 0.019792 0.016667
0 0.300521 0.446759 0.019792 0.016667
0 0.299219 0.462037 0.019792 0.016667
0 0.298958 0.477778 0.019792 0.016667
0 0.297656 0.494444 0.019792 0.016667
0 0.297135 0.510185 0.019792 0.016667
0 0.296875 0.527778 0.019792 0.016667
0 0.295833 0.542593 0.019792 0.016667
0 0.294792 0.559722 0.019792 0.016667
0 0.294010 0.575926 0.019792 0.016667
0 0.322396 0.386111 0.019792 0.016667
0 0.321615 0.400463 0.019792 0.016667
0 0.321094 0.415278 0.019792 0.016667
0 0.319792 0.430556 0.019792 0.016667
0 0.319792 0.446296 0.019792 0.016667
0 0.318229 0.462963 0.019792 0.016667
0 0.318490 0.479630 0.019792 0.016667
0 0.317708 0.494907 0.019792 0.016667
0 0.316406 0.511111 0.019792 0.016667
0 0.315885 0.526852 0.019792 0.016667
0 0.314844 0.543519 0.019792 0.016667
0 0.314583 0.559259 0.019792 0.016667
0 0.313542 0.575463 0.019792 0.016667
0 0.342708 0.385648 0.019792 0.016667
0 0.342187 0.400463 0.019792 0.016667
0 0.341667 0.416667 0.019792 0.016667
0 0.340104 0.430556 0.019792 0.016667
0 0.340365 0.449074 0.019792 0.016667
0 0.340104 0.461111 0.019792 0.016667
0 0.338411 0.479167 0.021094 0.015741
0 0.337760 0.494444 0.019792 0.016667
0 0.337240 0.510648 0.019792 0.016667
0 0.337240 0.527315 0.019792 0.016667
0 0.336198 0.542130 0.019792 0.016667
0 0.335677 0.559259 0.019792 0.016667
0 0.334505 0.575926 0.020573 0.015741
0 0.361719 0.385648 0.019792 0.016667
0 0.361719 0.400926 0.019792 0.016667
0 0.360938 0.431481 0.019792 0.016667
0 0.360938 0.416204 0.019792 0.016667
0 0.359896 0.446296 0.019792 0.016667
0 0.358594 0.462963 0.019792 0.016667
0 0.358073 0.478241 0.019792 0.016667
0 0.357292 0.493981 0.019792 0.016667
0 0.356510 0.510648 0.019792 0.016667
0 0.356510 0.526852 0.019792 0.016667
0 0.355729 0.542593 0.019792 0.016667
0 0.354948 0.559722 0.019792 0.016667
0 0.354427 0.575463 0.019792 0.016667
0 0.381771 0.386574 0.019792 0.016667
0 0.381510 0.400926 0.019792 0.016667
0 0.380729 0.416204 0.019792 0.016667
0 0.380990 0.431481 0.019792 0.016667
0 0.379688 0.447685 0.019792 0.016667
0 0.378646 0.463426 0.019792 0.016667
0 0.378385 0.479630 0.019792 0.016667
0 0.377604 0.495370 0.019792 0.016667
0 0.377604 0.511111 0.019792 0.016667
0 0.376302 0.526852 0.019792 0.016667
0 0.375260 0.575463 0.019792 0.016667
0 0.375781 0.541667 0.019792 0.016667
0 0.376042 0.558796 0.019792 0.016667
0 0.400260 0.385648 0.019792 0.016667
0 0.399740 0.401389 0.019792 0.016667
0 0.398698 0.416204 0.019792 0.016667
0 0.398438 0.432870 0.019792 0.016667
0 0.398438 0.447222 0.019792 0.016667
0 0.398177 0.463426 0.019792 0.016667
0 0.397656 0.478704 0.019792 0.016667
0 0.396875 0.494444 0.019792 0.016667
0 0.396875 0.511111 0.019792 0.016667
0 0.396354 0.526852 0.019792 0.016667
0 0.396094 0.543519 0.019792 0.016667
0 0.394792 0.559259 0.019792 0.016667
0 0.394531 0.575926 0.019792 0.016667
0 0.419010 0.386111 0.019792 0.016667
0 0.418750 0.402315 0.019792 0.016667
0 0.418750 0.416204 0.019792 0.016667
0 0.418490 0.432407 0.019792 0.016667
0 0.418229 0.447222 0.019792 0.016667
0 0.417708 0.463426 0.019792 0.016667
0 0.417187 0.477778 0.019792 0.016667
0 0.417187 0.494907 0.019792 0.016667
0 0.416667 0.510185 0.019792 0.016667
0 0.415625 0.525926 0.019792 0.016667
0 0.415365 0.543056 0.019792 0.016667
0 0.415365 0.558796 0.019792 0.016667
0 0.414583 0.575463 0.019792 0.016667
0 0.434375 0.575463 0.019792 0.016667
0 0.438281 0.387500 0.019792 0.016667
0 0.437240 0.401389 0.019792 0.016667
0 0.437760 0.416667 0.019792 0.016667
0 0.437240 0.432407 0.019792 0.016667
0 0.436979 0.447685 0.019792 0.016667
0 0.437240 0.462500 0.019792 0.016667
0 0.435937 0.478704 0.019792 0.016667
0 0.435417 0.494444 0.019792 0.016667
0 0.435417 0.509722 0.019792 0.016667
0 0.434635 0.527315 0.019792 0.016667
0 0.435156 0.542130 0.019792 0.016667
0 0.435156 0.558333 0.019792 0.016667
0 0.434635 0.575926 0.019792 0.016667
0 0.457161 0.386806 0.019531 0.017130
0 0.475391 0.386806 0.019531 0.017130
0 0.457161 0.400231 0.019531 0.017130
0 0.456380 0.415972 0.019531 0.017130
0 0.456380 0.431250 0.019531 0.017130
0 0.456641 0.447917 0.019531 0.017130
0 0.456120 0.463657 0.019531 0.017130
0 0.455859 0.477546 0.019531 0.017130
0 0.455599 0.493750 0.019531 0.017130
0 0.455859 0.510880 0.019531 0.017130
0 0.455339 0.526157 0.019531 0.017130
0 0.454818 0.542824 0.019531 0.017130
0 0.455599 0.559028 0.019531 0.017130
0 0.454557 0.574769 0.019531 0.017130
0 0.475911 0.399769 0.019531 0.017130
0 0.475391 0.415046 0.019531 0.017130
0 0.475391 0.432176 0.019531 0.017130
0 0.475391 0.447454 0.019531 0.017130
0 0.474870 0.463194 0.019531 0.017130
0 0.474870 0.478935 0.019531 0.017130
0 0.474870 0.494676 0.019531 0.017130
0 0.474609 0.510880 0.019531 0.017130
0 0.474870 0.527083 0.019531 0.017130
0 0.474089 0.543287 0.019531 0.017130
0 0.474089 0.559028 0.019531 0.017130
0 0.474089 0.576157 0.019531 0.017130
0 0.496224 0.386806 0.019531 0.017130
0 0.495573 0.401852 0.019271 0.016667
0 0.495312 0.417130 0.019271 0.016667
0 0.496094 0.432870 0.019271 0.016667
0 0.495833 0.447222 0.019271 0.016667
0 0.495573 0.463426 0.019271 0.016667
0 0.495573 0.478241 0.019271 0.016667
0 0.495312 0.494907 0.019271 0.016667
0 0.494792 0.509722 0.019271 0.016667
0 0.494792 0.526852 0.019271 0.016667
0 0.495573 0.543056 0.019271 0.016667
0 0.495312 0.559722 0.019271 0.016667
0 0.495312 0.575463 0.019271 0.016667
0 0.514062 0.386806 0.018750 0.017130
0 0.514062 0.401620 0.018750 0.017130
0 0.514062 0.416898 0.018750 0.017130
0 0.514323 0.431713 0.018750 0.017130
0 0.513802 0.447917 0.018750 0.017130
0 0.514323 0.463194 0.018750 0.017130
0 0.514323 0.478472 0.018750 0.017130
0 0.513542 0.494213 0.018750 0.017130
0 0.514323 0.510880 0.018750 0.017130
0 0.514062 0.526620 0.018750 0.017130
0 0.514062 0.542824 0.018750 0.017130
0 0.514323 0.558102 0.018750 0.017130
0 0.514062 0.574306 0.018750 0.017130
0 0.533854 0.386806 0.018750 0.017130
0 0.552604 0.386343 0.018750 0.017130
0 0.534115 0.402083 0.018750 0.017130
0 0.552083 0.402083 0.018750 0.017130
0 0.533724 0.416435 0.019010 0.016204
0 0.533854 0.431713 0.018750 0.016204
0 0.534245 0.447685 0.019531 0.016667
0 0.534766 0.462963 0.019531 0.016667
0 0.534245 0.479167 0.019531 0.016667
0 0.534766 0.494444 0.019531 0.016667
0 0.534505 0.511111 0.019531 0.016667
0 0.535026 0.527315 0.019531 0.016667
0 0.535286 0.542593 0.019531 0.016667
0 0.534766 0.559722 0.019531 0.016667
0 0.534766 0.575000 0.019531 0.016667
0 0.552604 0.401157 0.018750 0.017130
0 0.552865 0.415509 0.018750 0.017130
0 0.552865 0.431250 0.018750 0.017130
0 0.553125 0.447917 0.018750 0.017130
0 0.552604 0.463194 0.018750 0.017130
0 0.553125 0.478472 0.018750 0.017130
0 0.553385 0.496065 0.018750 0.017130
0 0.553125 0.511343 0.018750 0.017130
0 0.553646 0.526620 0.018750 0.017130
0 0.554167 0.542361 0.018750 0.017130
0 0.554167 0.559028 0.018750 0.017130
0 0.553906 0.575694 0.018750 0.017130
0 0.572656 0.385648 0.018750 0.015741
0 0.572656 0.400926 0.018750 0.015741
0 0.572656 0.417593 0.018750 0.015741
0 0.572917 0.432639 0.019271 0.016204
0 0.572917 0.447917 0.019271 0.016204
0 0.573698 0.463194 0.019271 0.016204
0 0.573698 0.478472 0.019271 0.016204
0 0.573958 0.494676 0.019792 0.017130
0 0.573828 0.511111 0.020573 0.016667
0 0.575000 0.527083 0.019792 0.017130
0 0.575000 0.542824 0.019792 0.017130
0 0.575521 0.559491 0.019792 0.017130
0 0.575781 0.575231 0.019792 0.017130
0 0.591146 0.385648 0.018750 0.015741
0 0.611198 0.386111 0.018750 0.015741
0 0.629427 0.385648 0.018750 0.015741
0 0.590885 0.401852 0.018750 0.015741
0 0.591667 0.416204 0.018750 0.015741
0 0.591536 0.432407 0.019531 0.016667
0 0.592057 0.448148 0.019531 0.016667
0 0.592578 0.462500 0.019531 0.016667
0 0.592839 0.478241 0.019531 0.016667
0 0.592839 0.494444 0.019531 0.016667
0 0.593359 0.511111 0.019531 0.016667
0 0.594141 0.527778 0.019531 0.016667
0 0.593880 0.543056 0.019531 0.016667
0 0.594401 0.558796 0.019531 0.016667
0 0.594661 0.575000 0.019531 0.016667
0 0.611458 0.401389 0.018750 0.015741
0 0.611458 0.416204 0.018750 0.015741
0 0.611979 0.432407 0.018750 0.015741
0 0.612760 0.447222 0.018750 0.015741
0 0.613021 0.463426 0.018750 0.015741
0 0.613281 0.479167 0.018750 0.015741
0 0.613802 0.494907 0.018750 0.015741
0 0.613802 0.511111 0.018750 0.015741
0 0.614583 0.525926 0.018750 0.015741
0 0.614844 0.543519 0.018750 0.015741
0 0.615495 0.559491 0.020052 0.016204
0 0.616016 0.576389 0.019531 0.017593
0 0.629948 0.400463 0.018750 0.015741
0 0.630729 0.415741 0.018750 0.015741
0 0.631250 0.431019 0.018750 0.015741
0 0.631250 0.448148 0.018750 0.015741
0 0.632292 0.462963 0.018750 0.015741
0 0.632292 0.479167 0.018750 0.015741
0 0.632812 0.494444 0.018750 0.015741
0 0.633203 0.510648 0.019010 0.016667
0 0.634245 0.527315 0.020052 0.017593
0 0.634505 0.543056 0.020052 0.017593
0 0.634766 0.560648 0.020052 0.017593
0 0.635547 0.575926 0.020052 0.017593
0 0.650000 0.384722 0.018750 0.015741
0 0.650391 0.400694 0.019531 0.017130
0 0.651172 0.415972 0.019531 0.017130
0 0.651172 0.431713 0.019531 0.017130
0 0.651953 0.446528 0.019531 0.017130
0 0.652995 0.461806 0.019531 0.017130
0 0.653255 0.478009 0.019531 0.017130
0 0.653776 0.494213 0.019531 0.017130
0 0.654297 0.510880 0.019531 0.017130
0 0.654818 0.527083 0.019531 0.017130
0 0.655208 0.544444 0.020833 0.017593
0 0.656771 0.559259 0.020833 0.017593
0 0.657031 0.575926 0.020833 0.017593
0 0.668750 0.385185 0.018750 0.015741
0 0.669271 0.400463 0.019792 0.015741
0 0.669792 0.415741 0.019792 0.015741
0 0.670573 0.430556 0.019792 0.015741
0 0.671354 0.446759 0.019792 0.015741
0 0.672396 0.462500 0.019792 0.015741
0 0.672396 0.478704 0.019792 0.015741
0 0.672917 0.494676 0.020313 0.018056
0 0.673958 0.509954 0.020313 0.018056
0 0.674740 0.527083 0.020313 0.018056
0 0.675000 0.543750 0.020313 0.018056
0 0.675260 0.560417 0.020313 0.018056
0 0.676302 0.577083 0.020313 0.018056
0 0.689063 0.385185 0.018750 0.015741
0 0.689323 0.399769 0.019792 0.016204
0 0.690104 0.415972 0.019792 0.016204
0 0.690885 0.430787 0.019792 0.016204
0 0.691406 0.446528 0.019792 0.016204
0 0.691927 0.461806 0.019792 0.016204
0 0.692969 0.478472 0.019792 0.016204
0 0.694010 0.494444 0.020313 0.016667
0 0.694531 0.511574 0.020313 0.016667
0 0.695312 0.526852 0.020313 0.016667
0 0.696094 0.543056 0.020313 0.016667
0 0.696875 0.559722 0.020313 0.016667
0 0.697656 0.576852 0.020313 0.016667
0 0.707552 0.384722 0.018750 0.015741
0 0.708073 0.400000 0.018750 0.015741
0 0.708854 0.415741 0.018750 0.015741
0 0.709505 0.431250 0.019531 0.015278
0 0.710547 0.447222 0.020052 0.017593
0 0.711849 0.462037 0.020052 0.017593
0 0.712630 0.477778 0.020052 0.017593
0 0.712891 0.493519 0.020052 0.017593
0 0.713932 0.510648 0.020052 0.017593
0 0.714453 0.526389 0.020052 0.017593
0 0.715495 0.542593 0.020052 0.017593
0 0.716536 0.559259 0.020052 0.017593
0 0.717057 0.575926 0.020052 0.017593
0 0.291927 0.605093 0.021875 0.014815
0 0.289844 0.619444 0.021875 0.014815
0 0.288281 0.633333 0.021875 0.014815
0 0.286328 0.648380 0.022135 0.016204
0 0.284635 0.662731 0.022396 0.016204
0 0.282552 0.677778 0.022396 0.016667
0 0.280469 0.693519 0.022917 0.017593
0 0.278646 0.708796 0.022917 0.017593
0 0.276693 0.724306 0.023177 0.017130
0 0.274609 0.740046 0.023177 0.017130
0 0.309896 0.618981 0.021875 0.014815
0 0.308333 0.634259 0.021875 0.014815
0 0.306510 0.648611 0.021875 0.014815
0 0.304167 0.662963 0.021875 0.016667
0 0.302865 0.678009 0.022396 0.017130
0 0.300781 0.693287 0.022396 0.017130
0 0.299479 0.708102 0.022917 0.017130
0 0.297396 0.723380 0.022917 0.017130
0 0.295182 0.740972 0.023177 0.018056
0 0.333724 0.600694 0.021094 0.015278
0 0.332031 0.614583 0.021875 0.015278
0 0.330208 0.628472 0.021875 0.015278
0 0.329036 0.642824 0.022135 0.016204
0 0.327474 0.657176 0.022135 0.016204
0 0.325651 0.672454 0.022135 0.016204
0 0.321875 0.708565 0.022917 0.016204
0 0.320312 0.724306 0.022917 0.016204
0 0.318490 0.740972 0.022917 0.017130
0 0.353255 0.603472 0.021094 0.015278
0 0.351693 0.616435 0.021094 0.015278
0 0.350130 0.631713 0.021094 0.015278
0 0.348568 0.645139 0.021094 0.015278
0 0.347526 0.659954 0.021094 0.015278
0 0.346224 0.674306 0.021094 0.015278
0 0.342448 0.708333 0.021875 0.016667
0 0.341146 0.724537 0.021875 0.016667
0 0.339583 0.739352 0.022396 0.017593
0 0.361589 0.739815 0.023177 0.016667
0 0.373307 0.605324 0.021094 0.015278
0 0.372005 0.618750 0.021094 0.015278
0 0.371484 0.633565 0.021094 0.015278
0 0.370443 0.648380 0.021094 0.015278
0 0.368099 0.662500 0.021615 0.015741
0 0.367578 0.677778 0.021615 0.015741
0 0.365755 0.693056 0.021615 0.015741
0 0.364453 0.708333 0.021615 0.015741
0 0.363672 0.724074 0.021615 0.015741
0 0.362109 0.740741 0.021615 0.015741
0 0.392318 0.603009 0.021094 0.015278
0 0.392318 0.616204 0.021094 0.015741
0 0.391016 0.630787 0.021094 0.015278
0 0.390234 0.645139 0.021094 0.015278
0 0.388932 0.660417 0.021094 0.015278
0 0.387891 0.674769 0.021094 0.015278
0 0.385807 0.709028 0.021094 0.015278
0 0.384505 0.725231 0.021094 0.015278
0 0.383203 0.740046 0.021094 0.015278
0 0.415234 0.599769 0.021094 0.015278
0 0.414714 0.614120 0.021094 0.015278
0 0.413932 0.628472 0.021094 0.015278
0 0.412370 0.642824 0.021094 0.015278
0 0.412109 0.656250 0.021094 0.015278
0 0.411589 0.671528 0.021094 0.015278
0 0.408594 0.707639 0.021875 0.016204
0 0.407552 0.724306 0.021875 0.016204
0 0.406250 0.740046 0.021875 0.016204
0 0.435026 0.605324 0.021094 0.015278
0 0.433984 0.618750 0.021094 0.015278
0 0.432682 0.632639 0.021094 0.015278
0 0.432422 0.647917 0.021094 0.015278
0 0.432682 0.663194 0.021094 0.015278
0 0.432161 0.677546 0.021094 0.015278
0 0.430859 0.691898 0.021094 0.015278
0 0.429297 0.708102 0.021094 0.015278
0 0.427995 0.724306 0.021094 0.015278
0 0.427474 0.740972 0.021094 0.015278
0 0.454818 0.604861 0.019531 0.015278
0 0.454297 0.619213 0.021094 0.015278
0 0.453516 0.633102 0.021094 0.015278
0 0.452995 0.647917 0.021094 0.015278
0 0.452995 0.662731 0.021094 0.015278
0 0.451693 0.678009 0.021094 0.015278
0 0.451172 0.692824 0.021094 0.015278
0 0.451172 0.708565 0.021094 0.015278
0 0.450651 0.724537 0.021615 0.015741
0 0.449870 0.740046 0.021615 0.015278
0 0.474089 0.599537 0.019531 0.014815
0 0.473828 0.613426 0.019531 0.014815
0 0.473568 0.628704 0.019531 0.014815
0 0.473047 0.642130 0.019531 0.014815
0 0.472526 0.656944 0.019531 0.014815
0 0.473047 0.670833 0.019531 0.014815
0 0.471875 0.707870 0.020833 0.014815
0 0.471094 0.724074 0.020833 0.014815
0 0.471354 0.740278 0.020833 0.014815
0 0.495703 0.605093 0.019531 0.014815
0 0.496224 0.618981 0.019531 0.014815
0 0.496224 0.633796 0.019531 0.014815
0 0.495964 0.646991 0.020052 0.016204
0 0.495182 0.662269 0.020052 0.016204
0 0.495703 0.692824 0.020052 0.016204
0 0.495573 0.708333 0.020833 0.015741
0 0.495312 0.724537 0.020833 0.016667
0 0.495052 0.740278 0.021875 0.015741
0 0.514974 0.606019 0.019531 0.014815
0 0.515234 0.618981 0.019531 0.014815
0 0.515495 0.633796 0.019531 0.014815
0 0.515495 0.647685 0.019531 0.014815
0 0.515495 0.662037 0.019531 0.014815
0 0.515495 0.678241 0.019531 0.014815
0 0.516146 0.692593 0.020833 0.015741
0 0.515885 0.708796 0.020833 0.015741
0 0.515885 0.724769 0.021875 0.015278
0 0.516146 0.740509 0.021875 0.015278
0 0.535026 0.601389 0.019531 0.014815
0 0.535547 0.614815 0.019531 0.014815
0 0.535547 0.628704 0.019531 0.014815
0 0.535807 0.643056 0.019531 0.014815
0 0.536068 0.658333 0.019531 0.014815
0 0.536068 0.673148 0.019531 0.014815
0 0.537240 0.709259 0.020833 0.015741
0 0.537240 0.724537 0.020833 0.015741
0 0.538021 0.740741 0.020833 0.015741
0 0.554557 0.600926 0.019531 0.014815
0 0.554557 0.615278 0.019531 0.014815
0 0.555078 0.629167 0.019531 0.014815
0 0.555859 0.643056 0.019531 0.014815
0 0.556380 0.657870 0.019531 0.014815
0 0.556901 0.674074 0.020573 0.015741
0 0.557682 0.708796 0.020573 0.015741
0 0.558464 0.725463 0.020573 0.015741
0 0.558724 0.741898 0.021094 0.016204
0 0.577214 0.606019 0.019531 0.014815
0 0.577474 0.620833 0.019531 0.014815
0 0.577734 0.635185 0.019531 0.014815
0 0.578255 0.649537 0.019531 0.014815
0 0.579297 0.664815 0.021615 0.014815
0 0.579557 0.679167 0.021615 0.014815
0 0.579818 0.695370 0.021615 0.014815
0 0.580599 0.710648 0.021615 0.014815
0 0.581510 0.725926 0.022917 0.016667
0 0.582292 0.743056 0.022917 0.016667
0 0.595964 0.602315 0.021094 0.015741
0 0.596484 0.616667 0.021094 0.015741
0 0.597526 0.631481 0.021094 0.015741
0 0.599089 0.644444 0.021094 0.015741
0 0.599609 0.659259 0.021094 0.015741
0 0.599609 0.675463 0.021094 0.015741
0 0.601953 0.710185 0.021094 0.015741
0 0.602865 0.727778 0.021875 0.017593
0 0.604297 0.743287 0.022656 0.018981
0 0.617057 0.601852 0.021094 0.015741
0 0.617839 0.617130 0.022135 0.014815
0 0.618359 0.630093 0.022135 0.014815
0 0.619661 0.645833 0.022135 0.014815
0 0.619922 0.659722 0.022135 0.014815
0 0.621224 0.674074 0.022135 0.014815
0 0.624349 0.711343 0.022656 0.018056
0 0.625651 0.727546 0.022656 0.018056
0 0.626172 0.742824 0.022656 0.018056
0 0.637109 0.607407 0.021094 0.015741
0 0.641016 0.650463 0.021094 0.015741
0 0.638411 0.623148 0.021094 0.015741
0 0.639453 0.635185 0.021094 0.015741
0 0.642318 0.665278 0.021094 0.015741
0 0.643099 0.680556 0.021094 0.015741
0 0.644141 0.695833 0.021615 0.016667
0 0.645703 0.712037 0.022135 0.015741
0 0.647005 0.727778 0.021094 0.015741
0 0.648568 0.744444 0.021094 0.015741
0 0.658203 0.607870 0.021094 0.015741
0 0.659505 0.623148 0.021094 0.015741
0 0.660807 0.636574 0.021094 0.015741
0 0.661849 0.651389 0.021094 0.015741
0 0.664193 0.666667 0.022135 0.015741
0 0.664453 0.680556 0.022135 0.015741
0 0.666536 0.695833 0.022135 0.015741
0 0.668490 0.712500 0.022917 0.015741
0 0.669271 0.727315 0.022917 0.015741
0 0.671094 0.743981 0.022917 0.015741
0 0.677995 0.601852 0.021094 0.015741
0 0.679557 0.617593 0.021094 0.015741
0 0.680859 0.631944 0.021094 0.015741
0 0.683203 0.646296 0.021094 0.015741
0 0.684245 0.661574 0.021094 0.015741
0 0.685807 0.675463 0.021094 0.015741
0 0.689714 0.712269 0.022656 0.018056
0 0.691536 0.728009 0.022656 0.018056
0 0.693359 0.744213 0.022656 0.018056
0 0.698047 0.601852 0.021094 0.015741
0 0.699609 0.617130 0.021094 0.015741
0 0.701432 0.631944 0.021094 0.015741
0 0.702734 0.645370 0.021094 0.015741
0 0.704557 0.660417 0.022135 0.017130
0 0.706250 0.675694 0.022917 0.016204
0 0.710026 0.712500 0.023698 0.017593
0 0.712630 0.729167 0.023698 0.017593
0 0.714453 0.744444 0.023698 0.017593
0 0.720964 0.603704 0.021094 0.015741
0 0.722526 0.617593 0.021094 0.015741
0 0.724349 0.631481 0.021094 0.015741
0 0.726172 0.645833 0.022135 0.014815
0 0.732031 0.697685 0.023958 0.016667
0 0.734766 0.712731 0.023177 0.017130
0 0.736979 0.727778 0.022396 0.016667
0 0.738411 0.744444 0.023177 0.015741
0 0.271875 0.766435 0.023438 0.021759
0 0.271354 0.785417 0.023438 0.021759
0 0.270313 0.804861 0.023438 0.021759
0 0.269271 0.824769 0.023438 0.021759
0 0.269010 0.844213 0.023438 0.021759
0 0.267969 0.864583 0.023438 0.021759
0 0.267188 0.884028 0.023438 0.021759
0 0.266146 0.905324 0.023438 0.021759
0 0.265365 0.926157 0.023438 0.021759
0 0.263021 0.946065 0.023438 0.021759
0 0.292969 0.765509 0.023438 0.021759
0 0.291667 0.785417 0.023438 0.021759
0 0.291667 0.805787 0.023438 0.021759
0 0.291406 0.823843 0.023438 0.021759
0 0.289844 0.844213 0.023438 0.021759
0 0.288802 0.865046 0.023438 0.021759
0 0.287500 0.885417 0.023438 0.021759
0 0.287500 0.905787 0.023438 0.021759
0 0.286458 0.926157 0.023438 0.021759
0 0.316146 0.766435 0.023438 0.021759
0 0.315365 0.786343 0.023438 0.021759
0 0.314063 0.804398 0.023438 0.021759
0 0.313021 0.855787 0.023438 0.021759
0 0.311198 0.876620 0.023438 0.021759
0 0.310677 0.896991 0.023438 0.021759
0 0.310417 0.917361 0.023438 0.021759
0 0.309115 0.937269 0.023438 0.021759
0 0.334245 0.856481 0.022656 0.021296
0 0.333984 0.875926 0.022656 0.021296
0 0.333724 0.896296 0.022656 0.021296
0 0.333203 0.917130 0.022656 0.021296
0 0.331641 0.938889 0.022656 0.021296
0 0.338021 0.765972 0.023438 0.021759
0 0.336979 0.785880 0.023438 0.021759
0 0.336719 0.804398 0.023438 0.021759
0 0.360156 0.765509 0.023438 0.021759
0 0.360677 0.784954 0.023438 0.021759
0 0.359896 0.804861 0.023438 0.021759
0 0.359375 0.826157 0.023438 0.021759
0 0.357552 0.844676 0.023438 0.021759
0 0.357812 0.865046 0.023438 0.021759
0 0.357031 0.884954 0.023438 0.021759
0 0.356510 0.905787 0.023438 0.021759
0 0.355990 0.925694 0.023438 0.021759
0 0.354427 0.945602 0.023438 0.021759
0 0.381250 0.765972 0.023438 0.021759
0 0.382031 0.784954 0.023438 0.021759
0 0.379167 0.850694 0.023438 0.021759
0 0.380729 0.802546 0.023438 0.021759
0 0.378906 0.870602 0.023438 0.021759
0 0.377865 0.890972 0.023438 0.021759
0 0.377865 0.911806 0.023438 0.021759
0 0.377604 0.932176 0.023438 0.021759
0 0.376563 0.952546 0.023438 0.021759
0 0.402344 0.851157 0.023438 0.021759
0 0.404427 0.764583 0.023438 0.021759
0 0.404427 0.784954 0.023438 0.021759
0 0.403385 0.803009 0.023438 0.021759
0 0.402083 0.871528 0.023438 0.021759
0 0.401302 0.891435 0.023438 0.021759
0 0.400521 0.911806 0.023438 0.021759
0 0.400781 0.932639 0.023438 0.021759
0 0.400260 0.953472 0.023438 0.021759
0 0.426823 0.766435 0.023438 0.021759
0 0.426042 0.786343 0.023438 0.021759
0 0.425000 0.805324 0.023438 0.021759
0 0.424479 0.825694 0.023438 0.021759
0 0.424609 0.846296 0.022656 0.021296
0 0.423828 0.866667 0.022656 0.021296
0 0.423307 0.885185 0.022656 0.021296
0 0.423307 0.905556 0.022656 0.021296
0 0.423568 0.927778 0.022656 0.024074
0 0.423307 0.948148 0.022656 0.024074
0 0.449219 0.765509 0.023438 0.021759
0 0.448698 0.785880 0.023438 0.021759
0 0.448177 0.806713 0.023438 0.021759
0 0.448437 0.825694 0.023438 0.021759
0 0.447135 0.846991 0.023438 0.021759
0 0.447917 0.866898 0.023438 0.021759
0 0.446875 0.887269 0.023438 0.021759
0 0.447656 0.907176 0.023438 0.021759
0 0.446875 0.928935 0.023438 0.021759
0 0.446615 0.947454 0.023438 0.021759
0 0.470052 0.767361 0.023438 0.021759
0 0.470964 0.785880 0.022656 0.021759
0 0.470964 0.806481 0.022135 0.022222
0 0.470182 0.850463 0.022135 0.022222
0 0.469661 0.869444 0.022135 0.022222
0 0.469141 0.890278 0.022135 0.022222
0 0.469922 0.912037 0.022135 0.022222
0 0.469401 0.931019 0.022135 0.022222
0 0.469141 0.951389 0.022135 0.022222
0 0.494661 0.766435 0.022656 0.021759
0 0.493880 0.785880 0.022656 0.021759
0 0.494141 0.806250 0.022656 0.021759
0 0.493880 0.825694 0.022656 0.021759
0 0.493359 0.868287 0.022656 0.021759
0 0.493620 0.888657 0.022656 0.021759
0 0.493620 0.908565 0.022656 0.021759
0 0.493359 0.929398 0.024219 0.021759
0 0.493750 0.950000 0.023438 0.021296
0 0.516536 0.766898 0.022656 0.021759
0 0.515495 0.785880 0.022656 0.021759
0 0.515755 0.807639 0.022656 0.021759
0 0.516016 0.827546 0.022656 0.021759
0 0.516016 0.847917 0.022656 0.021759
0 0.515495 0.868287 0.022656 0.021759
0 0.515234 0.886806 0.022656 0.021759
0 0.516276 0.908565 0.022656 0.021759
0 0.516276 0.928009 0.022656 0.021759
0 0.516276 0.949306 0.022656 0.021759
0 0.536849 0.768287 0.022656 0.021759
0 0.537891 0.787269 0.022656 0.021759
0 0.537891 0.805787 0.022656 0.021759
0 0.538672 0.850231 0.022656 0.021759
0 0.538411 0.870602 0.022656 0.021759
0 0.538932 0.891898 0.022656 0.021759
0 0.539193 0.911806 0.022656 0.021759
0 0.538932 0.932639 0.022656 0.021759
0 0.538932 0.952546 0.022656 0.021759
0 0.558984 0.768750 0.022656 0.021759
0 0.559245 0.786806 0.022656 0.021759
0 0.559505 0.806250 0.022656 0.021759
0 0.560026 0.849769 0.022656 0.021759
0 0.561328 0.871528 0.022656 0.021759
0 0.560286 0.892824 0.022656 0.021759
0 0.560547 0.912731 0.022656 0.021759
0 0.561328 0.934028 0.022656 0.021759
0 0.560547 0.953009 0.022656 0.021759
0 0.582682 0.767824 0.022656 0.021759
0 0.582161 0.788194 0.022656 0.021759
0 0.582161 0.808565 0.022656 0.021759
0 0.583724 0.828935 0.022656 0.021759
0 0.582682 0.847917 0.022656 0.021759
0 0.584245 0.868287 0.022656 0.021759
0 0.584245 0.888194 0.022656 0.021759
0 0.584766 0.908102 0.022656 0.021759
0 0.584245 0.929861 0.024219 0.022685
0 0.584896 0.950694 0.023438 0.023611
0 0.604297 0.769213 0.022656 0.021759
0 0.604818 0.788194 0.022656 0.021759
0 0.604557 0.808102 0.022656 0.021759
0 0.605599 0.848380 0.022656 0.021759
0 0.605859 0.869213 0.022656 0.021759
0 0.606380 0.888889 0.023698 0.020370
0 0.606641 0.910185 0.023698 0.020370
0 0.606771 0.930556 0.023438 0.022222
0 0.607292 0.950926 0.023438 0.022222
0 0.626693 0.770139 0.022656 0.021759
0 0.627474 0.789583 0.022656 0.021759
0 0.627734 0.808565 0.022656 0.021759
0 0.627995 0.850694 0.022656 0.021759
0 0.628776 0.872917 0.022656 0.021759
0 0.628776 0.893287 0.022656 0.021759
0 0.629557 0.913657 0.022656 0.021759
0 0.629297 0.932639 0.022656 0.021759
0 0.630339 0.953009 0.022656 0.021759
0 0.648047 0.771065 0.022656 0.021759
0 0.648828 0.790046 0.022656 0.021759
0 0.648568 0.810417 0.022656 0.021759
0 0.649349 0.830324 0.022656 0.021759
0 0.650130 0.849769 0.022656 0.021759
0 0.650391 0.868750 0.022656 0.021759
0 0.650651 0.890046 0.022656 0.021759
0 0.651172 0.910880 0.022656 0.021759
0 0.652734 0.932176 0.022656 0.021759
0 0.652734 0.951157 0.022656 0.021759
0 0.671484 0.769213 0.022656 0.021759
0 0.672526 0.790046 0.022656 0.021759
0 0.673828 0.809028 0.022656 0.021759
0 0.673568 0.829398 0.022656 0.021759
0 0.675130 0.850231 0.022656 0.021759
0 0.675391 0.868287 0.022656 0.021759
0 0.675911 0.891435 0.022656 0.021759
0 0.676432 0.909491 0.022656 0.021759
0 0.677734 0.932639 0.022656 0.021759
0 0.677734 0.952546 0.022656 0.021759
0 0.694661 0.770602 0.022656 0.021759
0 0.694922 0.789583 0.022656 0.021759
0 0.695703 0.809028 0.022656 0.021759
0 0.696484 0.856713 0.022656 0.021759
0 0.697786 0.876157 0.022656 0.021759
0 0.699349 0.897917 0.022656 0.021759
0 0.699609 0.917361 0.022656 0.021759
0 0.700130 0.938194 0.022656 0.021759
0 0.700911 0.959491 0.022656 0.021759
0 0.716016 0.769676 0.022656 0.021759
0 0.717318 0.789120 0.022656 0.021759
0 0.717057 0.809491 0.022656 0.021759
0 0.719141 0.854861 0.022656 0.021759
0 0.719661 0.875694 0.022656 0.021759
0 0.720964 0.896065 0.022656 0.021759
0 0.721484 0.915972 0.022656 0.021759
0 0.722526 0.937731 0.022656 0.021759
0 0.722786 0.958102 0.022656 0.021759
0 0.741016 0.769676 0.022656 0.021759
0 0.741016 0.790046 0.022656 0.021759
0 0.741797 0.810880 0.022656 0.021759
0 0.743099 0.829861 0.022656 0.021759
0 0.743880 0.851620 0.022656 0.021759
0 0.744922 0.869676 0.022656 0.021759
0 0.745182 0.890046 0.022656 0.021759
0 0.747266 0.911343 0.022656 0.021759
0 0.747786 0.932639 0.022656 0.021759
0 0.748568 0.953472 0.022656 0.021759
0 0.788932 0.944907 0.015885 0.043519
0 0.799089 0.944444 0.015885 0.043519
0 0.810286 0.945370 0.015885 0.043519
0 0.820964 0.945370 0.015885 0.043519
0 0.831901 0.946296 0.015885 0.043519
0 0.842839 0.946759 0.015885 0.043519
0 0.854036 0.946759 0.015885 0.043519
0 0.864714 0.945833 0.015885 0.043519
0 0.875391 0.947222 0.015885 0.043519
0 0.791927 0.982407 0.015104 0.035185
0 0.803125 0.982407 0.016146 0.035185
0 0.814323 0.982407 0.016146 0.035185
0 0.826042 0.982407 0.016146 0.035185
0 0.836458 0.982407 0.016146 0.035185
0 0.847396 0.982407 0.016146 0.035185
0 0.858854 0.982407 0.016146 0.035185
0 0.869792 0.982407 0.016146 0.035185
0 0.880339 0.983333 0.014844 0.033333
