0 0.332161 0.293981 0.010677 0.023148
0 0.329688 0.316667 0.009896 0.023148
0 0.339453 0.293056 0.010677 0.023148
0 0.347266 0.292593 0.010677 0.023148
0 0.354818 0.292593 0.009635 0.024074
0 0.326562 0.340741 0.009896 0.023148
0 0.324219 0.363889 0.009896 0.023148
0 0.320833 0.389815 0.009896 0.023148
0 0.318229 0.413194 0.009896 0.024537
0 0.362109 0.291204 0.009635 0.024074
0 0.369401 0.290741 0.009635 0.024074
0 0.376953 0.290278 0.009635 0.024074
0 0.384766 0.289352 0.009635 0.024074
0 0.391797 0.289352 0.009635 0.024074
0 0.399870 0.288426 0.009635 0.024074
0 0.406641 0.287963 0.009635 0.024074
0 0.414453 0.287963 0.009635 0.024074
0 0.422526 0.287037 0.009635 0.024074
0 0.430339 0.286111 0.009635 0.024074
0 0.438411 0.286574 0.009635 0.024074
0 0.445703 0.285648 0.009635 0.024074
0 0.453255 0.284722 0.009635 0.024074
0 0.460547 0.283796 0.009635 0.024074
0 0.336979 0.316204 0.009896 0.023148
0 0.344531 0.315278 0.009896 0.023148
0 0.351562 0.314352 0.009896 0.023148
0 0.360156 0.314352 0.009896 0.023148
0 0.367448 0.313889 0.009896 0.023148
0 0.375000 0.312963 0.009896 0.023148
0 0.382292 0.312500 0.009896 0.023148
0 0.389844 0.312037 0.009896 0.023148
0 0.397135 0.311574 0.009896 0.023148
0 0.404948 0.310648 0.009896 0.023148
0 0.413281 0.310648 0.009896 0.023148
0 0.421615 0.309722 0.010937 0.023148
0 0.428776 0.309491 0.009115 0.023611
0 0.436068 0.308565 0.009115 0.023611
0 0.443880 0.308102 0.009115 0.023611
0 0.452214 0.307639 0.009115 0.023611
0 0.459505 0.307176 0.009115 0.023611
0 0.334115 0.340741 0.009896 0.023148
0 0.341927 0.339352 0.009896 0.023148
0 0.348958 0.338889 0.009896 0.023148
0 0.356771 0.338889 0.009896 0.023148
0 0.364583 0.339352 0.009896 0.023148
0 0.372396 0.338426 0.009896 0.023148
0 0.380469 0.337963 0.009896 0.023148
0 0.388021 0.337500 0.009896 0.023148
0 0.395052 0.337037 0.009896 0.023148
0 0.403125 0.336574 0.009896 0.023148
0 0.410938 0.335648 0.009896 0.023148
0 0.434896 0.334722 0.009896 0.023148
0 0.418490 0.334259 0.009896 0.023148
0 0.426302 0.334722 0.009896 0.023148
0 0.442448 0.334259 0.009896 0.023148
0 0.449740 0.333333 0.009896 0.023148
0 0.458203 0.333796 0.010156 0.025000
0 0.331250 0.364352 0.009896 0.023148
0 0.339062 0.363426 0.009896 0.023148
0 0.347917 0.362963 0.009896 0.023148
0 0.354427 0.362037 0.009896 0.023148
0 0.362500 0.362037 0.010417 0.025000
0 0.370573 0.361574 0.010417 0.025000
0 0.377865 0.361111 0.010417 0.025000
0 0.385937 0.360185 0.010417 0.025000
0 0.393750 0.359722 0.010417 0.025000
0 0.402083 0.360185 0.010417 0.025000
0 0.409635 0.358796 0.010417 0.025000
0 0.416927 0.358796 0.010417 0.025000
0 0.425521 0.358333 0.010417 0.025000
0 0.433333 0.358796 0.010417 0.025000
0 0.440625 0.357870 0.010417 0.025000
0 0.448698 0.356944 0.010417 0.025000
0 0.456771 0.356944 0.010417 0.025000
0 0.329427 0.389352 0.009896 0.023148
0 0.336719 0.388889 0.009896 0.023148
0 0.344271 0.388426 0.009896 0.023148
0 0.352474 0.388426 0.009635 0.025926
0 0.359766 0.387037 0.009635 0.025926
0 0.367839 0.387037 0.009635 0.025926
0 0.375651 0.387037 0.009635 0.025926
0 0.383984 0.386111 0.009635 0.025926
0 0.391667 0.386574 0.009896 0.025926
0 0.399740 0.386111 0.009896 0.025926
0 0.407292 0.385648 0.009896 0.025926
0 0.415104 0.384722 0.009896 0.025926
0 0.423177 0.384259 0.009896 0.025926
0 0.431250 0.383333 0.009896 0.025926
0 0.439323 0.383333 0.009896 0.025926
0 0.447135 0.382870 0.009896 0.025926
0 0.455208 0.383333 0.009896 0.025926
0 0.326042 0.413657 0.009896 0.024537
0 0.334375 0.413657 0.009896 0.024537
0 0.342187 0.413194 0.009896 0.024537
0 0.350260 0.411806 0.009896 0.024537
0 0.357552 0.411806 0.009896 0.024537
0 0.365365 0.411806 0.009896 0.024537
0 0.373437 0.411574 0.010937 0.024074
0 0.381510 0.411111 0.010937 0.024074
0 0.389323 0.409722 0.010937 0.024074
0 0.397656 0.410185 0.010937 0.024074
0 0.405729 0.410185 0.010937 0.024074
0 0.413802 0.409259 0.010937 0.024074
0 0.421354 0.408796 0.010937 0.024074
0 0.429427 0.408333 0.010937 0.024074
0 0.438542 0.407870 0.010937 0.024074
0 0.445573 0.407870 0.010937 0.024074
0 0.453906 0.407176 0.010417 0.025463
0 0.315495 0.440509 0.011198 0.026389
0 0.323307 0.440046 0.011198 0.026389
0 0.331380 0.439583 0.011198 0.026389
0 0.339453 0.439120 0.011198 0.026389
0 0.347005 0.439120 0.011198 0.026389
0 0.355078 0.438194 0.011198 0.026389
0 0.363411 0.437269 0.011198 0.026389
0 0.371224 0.437269 0.011198 0.026389
0 0.379036 0.437269 0.011198 0.026389
0 0.387370 0.436343 0.011198 0.026389
0 0.395182 0.435880 0.011198 0.026389
0 0.403516 0.435880 0.011198 0.026389
0 0.411589 0.435880 0.011198 0.026389
0 0.419661 0.435648 0.010677 0.025926
0 0.428516 0.435185 0.010677 0.025926
0 0.435547 0.435185 0.010677 0.025926
0 0.444401 0.434259 0.010677 0.025926
0 0.451953 0.433796 0.010677 0.025926
0 0.312630 0.465046 0.011198 0.025463
0 0.320443 0.465046 0.011198 0.025463
0 0.327995 0.465046 0.011198 0.025463
0 0.336328 0.464583 0.011198 0.025463
0 0.344922 0.464120 0.011198 0.025463
0 0.352734 0.464120 0.011198 0.025463
0 0.361068 0.463657 0.011198 0.025463
0 0.368620 0.463194 0.011198 0.025463
0 0.377474 0.463194 0.011198 0.025463
0 0.385026 0.462269 0.011198 0.025463
0 0.393359 0.462269 0.011198 0.025463
0 0.400911 0.461343 0.011198 0.025463
0 0.409245 0.461806 0.011198 0.025463
0 0.417318 0.460417 0.011198 0.025463
0 0.426432 0.461343 0.011198 0.025463
0 0.433464 0.460417 0.011198 0.025463
0 0.441797 0.459491 0.011198 0.025463
0 0.451042 0.459722 0.009896 0.025000
0 0.308984 0.493519 0.011719 0.027778
0 0.317578 0.492593 0.011719 0.027778
0 0.325391 0.493056 0.011719 0.027778
0 0.333464 0.492593 0.011719 0.027778
0 0.341536 0.492130 0.011719 0.027778
0 0.350130 0.492130 0.011719 0.027778
0 0.357943 0.491667 0.011719 0.027778
0 0.366276 0.491204 0.011719 0.027778
0 0.366146 0.490972 0.011458 0.027315
0 0.374219 0.491435 0.011458 0.027315
0 0.382552 0.490972 0.011458 0.027315
0 0.390625 0.490509 0.011458 0.027315
0 0.399219 0.489583 0.011458 0.027315
0 0.407552 0.489583 0.011458 0.027315
0 0.415365 0.489583 0.011458 0.027315
0 0.423958 0.489120 0.011458 0.027315
0 0.432422 0.488889 0.010677 0.026852
0 0.441016 0.488889 0.010677 0.026852
0 0.448828 0.488889 0.010677 0.026852
0 0.306380 0.519907 0.011719 0.027778
0 0.314193 0.518981 0.011719 0.027778
0 0.323307 0.518519 0.011719 0.027778
0 0.330859 0.518519 0.011719 0.027778
0 0.338411 0.518056 0.011719 0.027778
0 0.347266 0.517130 0.011719 0.027778
0 0.355339 0.516667 0.011719 0.027778
0 0.363932 0.517130 0.011719 0.027778
0 0.371224 0.517130 0.011719 0.027778
0 0.380339 0.516667 0.011719 0.027778
0 0.387891 0.516667 0.011719 0.027778
0 0.396484 0.516667 0.011719 0.027778
0 0.405859 0.515741 0.011719 0.027778
0 0.413672 0.515741 0.011719 0.027778
0 0.422005 0.515741 0.011719 0.027778
0 0.430859 0.515741 0.011198 0.028704
0 0.439193 0.515278 0.011198 0.028704
0 0.447135 0.515046 0.010417 0.028241
0 0.303125 0.548380 0.011458 0.027315
0 0.310677 0.548380 0.011458 0.027315
0 0.319010 0.547917 0.011458 0.027315
0 0.327083 0.547454 0.011458 0.027315
0 0.336198 0.547454 0.011458 0.027315
0 0.343490 0.547917 0.011458 0.027315
0 0.352083 0.546991 0.011458 0.027315
0 0.360156 0.546065 0.011458 0.027315
0 0.369010 0.546065 0.011458 0.027315
0 0.376823 0.545602 0.011458 0.027315
0 0.385937 0.545139 0.011458 0.027315
0 0.394531 0.545139 0.011458 0.027315
0 0.402604 0.545602 0.011458 0.027315
0 0.410417 0.545602 0.011458 0.027315
0 0.419531 0.545139 0.011458 0.027315
0 0.428125 0.545139 0.011458 0.027315
0 0.436198 0.544213 0.011458 0.027315
0 0.444531 0.543287 0.011458 0.027315
0 0.443750 0.571528 0.011458 0.029167
0 0.299609 0.575926 0.011719 0.029630
0 0.307682 0.575926 0.011719 0.029630
0 0.316016 0.575926 0.011719 0.029630
0 0.324609 0.575463 0.011719 0.029630
0 0.332682 0.575463 0.011719 0.029630
0 0.341276 0.574537 0.011719 0.029630
0 0.349609 0.574537 0.011719 0.029630
0 0.357943 0.574074 0.011719 0.029630
0 0.366536 0.574074 0.011719 0.029630
0 0.374870 0.573611 0.011719 0.029630
0 0.383203 0.574074 0.011719 0.029630
0 0.392057 0.573148 0.011719 0.029630
0 0.400651 0.573148 0.011719 0.029630
0 0.409245 0.572685 0.011719 0.029630
0 0.417839 0.572685 0.011719 0.029630
0 0.426432 0.573148 0.011719 0.029630
0 0.434766 0.571759 0.011719 0.029630
0 0.295964 0.604167 0.011719 0.029630
0 0.304557 0.604167 0.011719 0.029630
0 0.313151 0.603241 0.011719 0.029630
0 0.321484 0.603241 0.011719 0.029630
0 0.329818 0.603241 0.011719 0.029630
0 0.338151 0.602778 0.011719 0.029630
0 0.346484 0.602778 0.011719 0.029630
0 0.355339 0.602315 0.011719 0.029630
0 0.363411 0.602315 0.011719 0.029630
0 0.372526 0.601852 0.011719 0.029630
0 0.380859 0.601852 0.011719 0.029630
0 0.389453 0.600926 0.011719 0.029630
0 0.398828 0.600926 0.011719 0.029630
0 0.407422 0.600926 0.011719 0.029630
0 0.415495 0.600463 0.011719 0.029630
0 0.424349 0.600463 0.011719 0.029630
0 0.432943 0.600463 0.011719 0.029630
0 0.441667 0.600463 0.011458 0.029630
0 0.293359 0.631481 0.011719 0.029630
0 0.301172 0.631481 0.011719 0.029630
0 0.309505 0.631019 0.011719 0.029630
0 0.317318 0.631944 0.011719 0.029630
0 0.326693 0.631481 0.011719 0.029630
0 0.335026 0.631019 0.011719 0.029630
0 0.343880 0.631481 0.011719 0.029630
0 0.352214 0.631019 0.011719 0.029630
0 0.360807 0.631019 0.011719 0.029630
0 0.369141 0.631019 0.011719 0.029630
0 0.377995 0.630093 0.011719 0.029630
0 0.386849 0.630556 0.011719 0.029630
0 0.395964 0.630556 0.011719 0.029630
0 0.404557 0.630093 0.011719 0.029630
0 0.431641 0.629630 0.011719 0.029630
0 0.413411 0.629167 0.011719 0.029630
0 0.422526 0.629167 0.011719 0.029630
0 0.439844 0.629861 0.011458 0.030093
0 0.288932 0.666204 0.011719 0.029630
0 0.297786 0.666667 0.011719 0.029630
0 0.305859 0.665741 0.011719 0.029630
0 0.314714 0.665741 0.011719 0.029630
0 0.323568 0.665741 0.011719 0.029630
0 0.331901 0.664815 0.011719 0.029630
0 0.340495 0.665278 0.011719 0.029630
0 0.349870 0.664815 0.011719 0.029630
0 0.358203 0.664815 0.011719 0.029630
0 0.366536 0.663889 0.011719 0.029630
0 0.375130 0.664352 0.011719 0.029630
0 0.384245 0.664352 0.011719 0.029630
0 0.393359 0.663426 0.011719 0.029630
0 0.401693 0.663426 0.011719 0.029630
0 0.411068 0.662500 0.011719 0.029630
0 0.429297 0.662963 0.011719 0.029630
0 0.419141 0.662500 0.011719 0.029630
0 0.437109 0.662500 0.011719 0.029630
0 0.285547 0.695833 0.011719 0.029630
0 0.294401 0.696296 0.011719 0.029630
0 0.311328 0.695833 0.011719 0.029630
0 0.302214 0.694907 0.011719 0.029630
0 0.320182 0.695370 0.011719 0.029630
0 0.328776 0.694444 0.011719 0.029630
0 0.337370 0.694907 0.011719 0.029630
0 0.345964 0.695370 0.011719 0.029630
0 0.354818 0.695370 0.011719 0.029630
0 0.363932 0.694676 0.011719 0.031019
0 0.372526 0.694676 0.011719 0.031019
0 0.381641 0.694676 0.011719 0.031019
0 0.391016 0.694213 0.011719 0.031019
0 0.399609 0.694213 0.011719 0.031019
0 0.408724 0.693750 0.011719 0.031019
0 0.417318 0.693287 0.011719 0.031019
0 0.427474 0.693750 0.011719 0.031019
0 0.435547 0.693287 0.011719 0.031019
0 0.281510 0.729167 0.013021 0.032407
0 0.290625 0.727778 0.013021 0.032407
0 0.299219 0.728704 0.013021 0.032407
0 0.307552 0.728241 0.013021 0.032407
0 0.316927 0.728241 0.013021 0.032407
0 0.325000 0.728241 0.013021 0.032407
0 0.334635 0.728241 0.013021 0.032407
0 0.343490 0.728472 0.012500 0.032870
0 0.352344 0.728009 0.012500 0.032870
0 0.361458 0.728472 0.012500 0.032870
0 0.370052 0.729398 0.012500 0.032870
0 0.378646 0.728472 0.012500 0.032870
0 0.388021 0.728472 0.012500 0.032870
0 0.397135 0.728472 0.012500 0.032870
0 0.406250 0.728935 0.012500 0.032870
0 0.415104 0.728935 0.012500 0.032870
0 0.424219 0.728935 0.012500 0.032870
0 0.433854 0.728935 0.011979 0.032870
0 0.278516 0.759722 0.012760 0.032407
0 0.286849 0.760185 0.012760 0.032407
0 0.295703 0.760185 0.012760 0.032407
0 0.304557 0.760648 0.012760 0.032407
0 0.313932 0.760648 0.012760 0.032407
0 0.322526 0.760185 0.012760 0.032407
0 0.331120 0.759722 0.012760 0.032407
0 0.339453 0.759722 0.012760 0.032407
0 0.348568 0.759259 0.012760 0.032407
0 0.358203 0.760185 0.012760 0.032407
0 0.367318 0.761111 0.012760 0.032407
0 0.376693 0.760648 0.012760 0.032407
0 0.385547 0.761111 0.012760 0.032407
0 0.394922 0.761111 0.012760 0.032407
0 0.403516 0.761574 0.013281 0.033333
0 0.413932 0.760648 0.012760 0.032407
0 0.422917 0.760417 0.012500 0.033796
0 0.432292 0.760880 0.012500 0.033796
0 0.274349 0.795139 0.013281 0.033796
0 0.283203 0.795602 0.013281 0.033796
0 0.291797 0.795602 0.013281 0.033796
0 0.301172 0.795139 0.013281 0.033796
0 0.310286 0.795602 0.013281 0.033796
0 0.318880 0.796528 0.013281 0.033796
0 0.327995 0.796528 0.013281 0.033796
0 0.336849 0.796991 0.013281 0.033796
0 0.346224 0.797454 0.013281 0.033796
0 0.355339 0.796991 0.013281 0.033796
0 0.364193 0.797454 0.013281 0.033796
0 0.373568 0.797454 0.013281 0.033796
0 0.383203 0.797454 0.013281 0.033796
0 0.392057 0.797917 0.013281 0.033796
0 0.401432 0.798380 0.013281 0.033796
0 0.411068 0.797917 0.013281 0.033796
0 0.419922 0.798380 0.013281 0.033796
0 0.429427 0.798611 0.012500 0.033333
0 0.270703 0.827546 0.013281 0.033796
0 0.279297 0.828009 0.013281 0.033796
0 0.288411 0.828935 0.013281 0.033796
0 0.306120 0.828935 0.013281 0.033796
0 0.297005 0.827546 0.013281 0.033796
0 0.315234 0.829398 0.013281 0.033796
0 0.323828 0.829861 0.013281 0.033796
0 0.334245 0.830324 0.013281 0.033796
0 0.342839 0.829861 0.013281 0.033796
0 0.351432 0.830324 0.013281 0.033796
0 0.361068 0.829861 0.013281 0.033796
0 0.371224 0.830324 0.013281 0.033796
0 0.380339 0.830556 0.012760 0.033333
0 0.389453 0.831481 0.012760 0.033333
0 0.398828 0.831481 0.012760 0.033333
0 0.408203 0.832176 0.012760 0.034722
0 0.417839 0.832639 0.012760 0.034722
0 0.427214 0.832639 0.012760 0.034722
0 0.266016 0.865972 0.013281 0.033796
0 0.275130 0.865972 0.013281 0.033796
0 0.284245 0.866435 0.013281 0.033796
0 0.293880 0.866435 0.013281 0.033796
0 0.302734 0.866435 0.013281 0.033796
0 0.311849 0.867361 0.013281 0.033796
0 0.320964 0.867824 0.013281 0.033796
0 0.330339 0.867361 0.013281 0.033796
0 0.339974 0.868287 0.013281 0.033796
0 0.349609 0.868287 0.013281 0.033796
0 0.357943 0.867824 0.013281 0.033796
0 0.367839 0.868750 0.013281 0.033796
0 0.376432 0.868750 0.013281 0.033796
0 0.386328 0.869676 0.013281 0.033796
0 0.395964 0.869213 0.013281 0.033796
0 0.405990 0.869676 0.013021 0.035648
0 0.415104 0.870602 0.011979 0.035648
0 0.424479 0.870602 0.011979 0.035648
0 0.261849 0.900694 0.013281 0.033796
0 0.271224 0.900231 0.013802 0.034722
0 0.280078 0.900231 0.013802 0.034722
0 0.289453 0.901157 0.013802 0.034722
0 0.298828 0.900694 0.013802 0.034722
0 0.307943 0.901620 0.013802 0.034722
0 0.317839 0.902083 0.013802 0.034722
0 0.326693 0.902546 0.013802 0.034722
0 0.336068 0.902546 0.013802 0.034722
0 0.345703 0.903472 0.013802 0.034722
0 0.355339 0.903472 0.013802 0.034722
0 0.364974 0.903935 0.013802 0.034722
0 0.374089 0.904398 0.013802 0.034722
0 0.383984 0.904398 0.013802 0.034722
0 0.393229 0.904630 0.013542 0.036111
0 0.403646 0.905556 0.013542 0.036111
0 0.413151 0.904861 0.012760 0.037500
0 0.422786 0.906250 0.012760 0.036574
0 0.475130 0.285185 0.009635 0.026852
0 0.482812 0.287500 0.009375 0.025000
0 0.490625 0.290278 0.009375 0.025000
0 0.498437 0.292130 0.009375 0.025000
0 0.506250 0.293981 0.009375 0.025000
0 0.514323 0.296296 0.009375 0.025000
0 0.521354 0.298148 0.009375 0.025000
0 0.529427 0.300926 0.009375 0.025000
0 0.537240 0.301852 0.009375 0.025000
0 0.544792 0.304630 0.009375 0.025000
0 0.552344 0.306481 0.009375 0.025000
0 0.560156 0.309259 0.009375 0.025000
0 0.567448 0.310648 0.009375 0.025000
0 0.473958 0.308102 0.009375 0.025463
0 0.481510 0.310417 0.009375 0.025463
0 0.489323 0.311806 0.009375 0.025463
0 0.497656 0.315046 0.009375 0.025463
0 0.505208 0.316435 0.009375 0.025463
0 0.513021 0.318750 0.009375 0.026389
0 0.520833 0.320602 0.009375 0.026389
0 0.528906 0.323380 0.009375 0.026389
0 0.536458 0.325694 0.009375 0.026389
0 0.544531 0.327546 0.009375 0.026389
0 0.551562 0.329861 0.009375 0.026389
0 0.559635 0.331713 0.009375 0.026389
0 0.567187 0.333796 0.008333 0.025926
0 0.472656 0.332639 0.009375 0.025463
0 0.480729 0.334954 0.009375 0.025463
0 0.488802 0.337269 0.009375 0.025463
0 0.496875 0.339583 0.009375 0.025463
0 0.504687 0.341435 0.009375 0.025463
0 0.512240 0.344213 0.009375 0.025463
0 0.520052 0.346528 0.009375 0.025463
0 0.527604 0.348380 0.009375 0.025463
0 0.535677 0.349769 0.009375 0.025463
0 0.543750 0.352083 0.009375 0.025463
0 0.551562 0.353935 0.009375 0.025463
0 0.559115 0.356250 0.009375 0.025463
0 0.566797 0.358565 0.008594 0.025463
0 0.471615 0.356250 0.009375 0.025463
0 0.479427 0.358565 0.009375 0.025463
0 0.487240 0.360417 0.009375 0.025463
0 0.495833 0.362731 0.009375 0.025463
0 0.503646 0.365972 0.009375 0.025463
0 0.511719 0.367361 0.009375 0.025463
0 0.519531 0.369676 0.009375 0.025463
0 0.527344 0.372454 0.009375 0.025463
0 0.535417 0.372917 0.009375 0.025463
0 0.542969 0.375694 0.009375 0.025463
0 0.551042 0.378009 0.009375 0.025463
0 0.558594 0.380324 0.009375 0.025463
0 0.566146 0.382176 0.008854 0.025463
0 0.470182 0.382870 0.009635 0.026852
0 0.478255 0.383796 0.009635 0.026852
0 0.486589 0.386574 0.009635 0.026852
0 0.494922 0.389352 0.009635 0.026852
0 0.502474 0.391204 0.009635 0.026852
0 0.510807 0.393981 0.009635 0.026852
0 0.518359 0.396296 0.009635 0.026852
0 0.526432 0.398148 0.009635 0.026852
0 0.534505 0.399074 0.009635 0.026852
0 0.542318 0.401852 0.009635 0.026852
0 0.550391 0.404167 0.009635 0.026852
0 0.558724 0.406019 0.009635 0.026852
0 0.566016 0.406944 0.009635 0.026852
0 0.468880 0.407407 0.009635 0.026852
0 0.476693 0.409259 0.009635 0.026852
0 0.485286 0.412037 0.009635 0.026852
0 0.492839 0.414352 0.009635 0.026852
0 0.501432 0.415278 0.009635 0.026852
0 0.509245 0.418056 0.009635 0.026852
0 0.517578 0.420833 0.009635 0.026852
0 0.525911 0.422222 0.009635 0.026852
0 0.533464 0.424537 0.009635 0.026852
0 0.541276 0.426389 0.009635 0.026852
0 0.550130 0.428241 0.009635 0.026852
0 0.557422 0.430556 0.009635 0.026852
0 0.566016 0.432870 0.008594 0.026852
0 0.467578 0.434491 0.009635 0.027315
0 0.475391 0.436343 0.009635 0.027315
0 0.483724 0.438657 0.009635 0.027315
0 0.492318 0.440972 0.009635 0.027315
0 0.500391 0.443287 0.009635 0.027315
0 0.508724 0.444213 0.009635 0.027315
0 0.517057 0.447454 0.009635 0.027315
0 0.525130 0.449306 0.009635 0.027315
0 0.532682 0.452083 0.009635 0.027315
0 0.541276 0.453009 0.009635 0.027315
0 0.549089 0.454861 0.009635 0.027315
0 0.557422 0.457639 0.009635 0.027315
0 0.565104 0.459722 0.009375 0.026852
0 0.466276 0.460417 0.009635 0.027315
0 0.474609 0.462269 0.009635 0.027315
0 0.482682 0.464120 0.009635 0.027315
0 0.491016 0.465972 0.009635 0.027315
0 0.499089 0.467824 0.009635 0.027315
0 0.507422 0.470602 0.009635 0.027315
0 0.515495 0.472454 0.009635 0.027315
0 0.523828 0.474769 0.009635 0.027315
0 0.532161 0.476620 0.009635 0.027315
0 0.540234 0.478472 0.009635 0.027315
0 0.548307 0.480324 0.009635 0.027315
0 0.556901 0.483565 0.009635 0.027315
0 0.564974 0.484954 0.009635 0.027315
0 0.464844 0.488426 0.009896 0.028704
0 0.472917 0.491204 0.009896 0.028704
0 0.481510 0.493519 0.009896 0.028704
0 0.490104 0.494444 0.009896 0.028704
0 0.498437 0.496759 0.009896 0.028704
0 0.507031 0.499074 0.009896 0.028704
0 0.514583 0.500926 0.009896 0.028704
0 0.523438 0.502778 0.009896 0.028704
0 0.531510 0.504630 0.009896 0.028704
0 0.540104 0.507407 0.009896 0.028704
0 0.547656 0.509259 0.009896 0.028704
0 0.556250 0.511574 0.009896 0.028704
0 0.564453 0.513426 0.009115 0.028704
0 0.462760 0.515278 0.009896 0.028704
0 0.471615 0.517130 0.009896 0.028704
0 0.479948 0.518981 0.009896 0.028704
0 0.488802 0.521759 0.009896 0.028704
0 0.496875 0.523148 0.009896 0.028704
0 0.505208 0.525926 0.009896 0.028704
0 0.514062 0.526852 0.009896 0.028704
0 0.522396 0.529167 0.009896 0.028704
0 0.530208 0.531944 0.009896 0.028704
0 0.539062 0.533333 0.009896 0.028704
0 0.547917 0.535648 0.009896 0.028704
0 0.555208 0.537500 0.009896 0.028704
0 0.564063 0.540046 0.009375 0.028241
0 0.461458 0.544444 0.009896 0.028704
0 0.470313 0.546296 0.009896 0.028704
0 0.479167 0.549074 0.009896 0.028704
0 0.487240 0.550463 0.009896 0.028704
0 0.496094 0.553241 0.009896 0.028704
0 0.504427 0.555093 0.009896 0.028704
0 0.512760 0.556019 0.009896 0.028704
0 0.521615 0.558333 0.009896 0.028704
0 0.530729 0.561111 0.009896 0.028704
0 0.538281 0.562963 0.009896 0.028704
0 0.546875 0.564352 0.009896 0.028704
0 0.555729 0.567130 0.009896 0.028704
0 0.563281 0.568981 0.009896 0.028704
0 0.459896 0.572685 0.009896 0.028704
0 0.468229 0.574074 0.009896 0.028704
0 0.477344 0.576389 0.009896 0.028704
0 0.486198 0.578241 0.009896 0.028704
0 0.494531 0.580556 0.009896 0.028704
0 0.503385 0.582407 0.009896 0.028704
0 0.512500 0.584722 0.009896 0.028704
0 0.520573 0.586574 0.009896 0.028704
0 0.528906 0.587963 0.009896 0.028704
0 0.537760 0.590278 0.009896 0.028704
0 0.546615 0.592593 0.009896 0.028704
0 0.555208 0.595370 0.009896 0.028704
0 0.563542 0.597685 0.009375 0.029630
0 0.458203 0.604167 0.010156 0.031481
0 0.467318 0.605093 0.010156 0.031481
0 0.476172 0.607407 0.010156 0.031481
0 0.484766 0.610648 0.010156 0.031481
0 0.493359 0.611574 0.010156 0.031481
0 0.502474 0.613889 0.010156 0.031481
0 0.511068 0.615741 0.010156 0.031481
0 0.520182 0.617593 0.010156 0.031481
0 0.528776 0.620370 0.010156 0.031481
0 0.537109 0.623148 0.010156 0.031481
0 0.545964 0.624074 0.010156 0.031481
0 0.554818 0.626389 0.010156 0.031481
0 0.563021 0.627546 0.009896 0.031019
0 0.456380 0.632870 0.010156 0.031481
0 0.465495 0.635185 0.010156 0.031481
0 0.474349 0.637500 0.010156 0.031481
0 0.483464 0.639352 0.010156 0.031481
0 0.492057 0.640741 0.010156 0.031481
0 0.501693 0.643056 0.010156 0.031481
0 0.510026 0.645833 0.010156 0.031481
0 0.519141 0.646759 0.010156 0.031481
0 0.527474 0.650000 0.010156 0.031481
0 0.536068 0.651389 0.010156 0.031481
0 0.545182 0.653704 0.010156 0.031481
0 0.554036 0.656481 0.010156 0.031481
0 0.562500 0.658333 0.009375 0.031481
0 0.455208 0.665509 0.010937 0.032870
0 0.464323 0.666898 0.010937 0.032870
0 0.472656 0.669213 0.010937 0.032870
0 0.481771 0.671528 0.010937 0.032870
0 0.491146 0.673380 0.010937 0.032870
0 0.500000 0.674769 0.010937 0.032870
0 0.509115 0.677083 0.010937 0.032870
0 0.517969 0.678935 0.010937 0.032870
0 0.526823 0.681250 0.010937 0.032870
0 0.535937 0.683102 0.010937 0.032870
0 0.544531 0.685417 0.010937 0.032870
0 0.553646 0.686806 0.010937 0.032870
0 0.562109 0.689352 0.010677 0.033333
0 0.452995 0.696296 0.011719 0.033333
0 0.462109 0.698148 0.011719 0.033333
0 0.471484 0.699074 0.011719 0.033333
0 0.480599 0.701389 0.011719 0.033333
0 0.489974 0.703241 0.011719 0.033333
0 0.498568 0.706019 0.011719 0.033333
0 0.508203 0.707870 0.011719 0.033333
0 0.516927 0.709954 0.010937 0.033796
0 0.526042 0.712731 0.010937 0.033796
0 0.535156 0.714120 0.010937 0.033796
0 0.544010 0.716435 0.010937 0.033796
0 0.552865 0.719213 0.010937 0.033796
0 0.561719 0.719676 0.009896 0.033796
0 0.451432 0.730093 0.011719 0.033333
0 0.460807 0.731481 0.011719 0.033333
0 0.469922 0.733333 0.011719 0.033333
0 0.479297 0.736111 0.011719 0.033333
0 0.488411 0.737500 0.011719 0.033333
0 0.497266 0.739352 0.011719 0.033333
0 0.507682 0.741667 0.011719 0.033333
0 0.516016 0.743981 0.011719 0.033333
0 0.525651 0.745833 0.011719 0.033333
0 0.534245 0.748148 0.011719 0.033333
0 0.543750 0.750000 0.010937 0.033333
0 0.552604 0.751852 0.010937 0.033333
0 0.561458 0.753241 0.010937 0.033333
0 0.449609 0.762269 0.011719 0.035648
0 0.458984 0.765046 0.011719 0.035648
0 0.468880 0.766435 0.011719 0.035648
0 0.477734 0.768287 0.011719 0.035648
0 0.487240 0.770370 0.011979 0.034259
0 0.496224 0.771991 0.011719 0.035648
0 0.505859 0.774306 0.011719 0.035648
0 0.515495 0.775694 0.011719 0.035648
0 0.524089 0.778009 0.011719 0.035648
0 0.533594 0.780787 0.010937 0.034722
0 0.542578 0.781944 0.010156 0.034259
0 0.551953 0.783796 0.010677 0.034259
0 0.561198 0.786111 0.010417 0.035185
0 0.447266 0.797454 0.011719 0.035648
0 0.456901 0.800694 0.011719 0.035648
0 0.467318 0.802083 0.011719 0.035648
0 0.475911 0.803472 0.011719 0.035648
0 0.485286 0.806250 0.011719 0.035648
0 0.495182 0.808102 0.011719 0.035648
0 0.504557 0.810880 0.011719 0.035648
0 0.513932 0.812269 0.011719 0.035648
0 0.524089 0.814583 0.011719 0.035648
0 0.532813 0.815972 0.010937 0.034722
0 0.542318 0.818287 0.010677 0.035648
0 0.551693 0.820139 0.011719 0.035648
0 0.560677 0.822454 0.010417 0.035648
0 0.445703 0.832639 0.011719 0.035648
0 0.455078 0.834028 0.011719 0.035648
0 0.464974 0.836343 0.011719 0.035648
0 0.474870 0.837731 0.011719 0.035648
0 0.484766 0.840046 0.011719 0.036574
0 0.493620 0.841898 0.011719 0.036574
0 0.503125 0.843750 0.011458 0.036574
0 0.513021 0.846065 0.011458 0.036574
0 0.522656 0.848843 0.011458 0.036574
0 0.532292 0.849769 0.011458 0.036574
0 0.542188 0.851157 0.011458 0.036574
0 0.551042 0.853935 0.011458 0.036574
0 0.560417 0.856019 0.010417 0.036111
0 0.443229 0.871528 0.011979 0.037500
0 0.453385 0.872454 0.011979 0.037500
0 0.463281 0.874306 0.011979 0.037500
0 0.472917 0.877546 0.011979 0.037500
0 0.482812 0.879398 0.011979 0.037500
0 0.492448 0.879861 0.011979 0.037500
0 0.502083 0.882176 0.011979 0.037500
0 0.512630 0.884954 0.011719 0.037500
0 0.521484 0.886806 0.011719 0.037500
0 0.531380 0.888657 0.011719 0.037500
0 0.541016 0.890046 0.011719 0.037500
0 0.551172 0.891435 0.011719 0.037500
0 0.559766 0.893519 0.011198 0.037037
0 0.441667 0.906713 0.011979 0.037500
0 0.451562 0.909491 0.011979 0.037500
0 0.461198 0.910880 0.011979 0.037500
0 0.471094 0.913194 0.011979 0.037500
0 0.481250 0.914352 0.011979 0.038889
0 0.491406 0.916204 0.013021 0.038889
0 0.501302 0.918287 0.011979 0.039352
0 0.510677 0.920139 0.012500 0.036574
0 0.521224 0.921759 0.012240 0.038889
0 0.530859 0.923148 0.012240 0.037963
0 0.540234 0.925000 0.012240 0.037963
0 0.549479 0.927315 0.012500 0.037963
0 0.559115 0.928472 0.011979 0.036574
0 0.581380 0.309954 0.008594 0.024537
0 0.588932 0.308102 0.008594 0.024537
0 0.596745 0.307639 0.008594 0.024537
0 0.604818 0.306713 0.008594 0.024537
0 0.632422 0.302083 0.008594 0.024537
0 0.640755 0.300694 0.008594 0.024537
0 0.648828 0.299306 0.008594 0.024537
0 0.656901 0.297454 0.008594 0.024537
0 0.580599 0.335880 0.008594 0.024537
0 0.588672 0.335880 0.008594 0.024537
0 0.596745 0.333565 0.008594 0.024537
0 0.604818 0.332639 0.008594 0.024537
0 0.612891 0.330787 0.008594 0.024537
0 0.620703 0.329861 0.008594 0.024537
0 0.641016 0.325694 0.008594 0.024537
0 0.649349 0.324769 0.008594 0.024537
0 0.657161 0.323380 0.008594 0.024537
0 0.580599 0.359491 0.008594 0.024537
0 0.588672 0.358565 0.008594 0.024537
0 0.596745 0.356713 0.008594 0.024537
0 0.604818 0.355787 0.008594 0.024537
0 0.612630 0.354861 0.008594 0.024537
0 0.620443 0.353935 0.008594 0.024537
0 0.641276 0.350231 0.008594 0.024537
0 0.649609 0.348843 0.008594 0.024537
0 0.657943 0.347454 0.008594 0.024537
0 0.583724 0.382639 0.008594 0.024537
0 0.591797 0.382176 0.008594 0.024537
0 0.599349 0.381250 0.008594 0.024537
0 0.607682 0.379398 0.008594 0.024537
0 0.616276 0.378472 0.008594 0.024537
0 0.624609 0.376620 0.009635 0.025463
0 0.633464 0.375694 0.009635 0.025463
0 0.640755 0.373843 0.009635 0.025463
0 0.649609 0.372917 0.009635 0.025463
0 0.658464 0.372454 0.009635 0.025463
0 0.583464 0.408565 0.008594 0.024537
0 0.591536 0.408102 0.008594 0.024537
0 0.599870 0.406250 0.008594 0.024537
0 0.608203 0.404861 0.008594 0.024537
0 0.616797 0.404861 0.008594 0.024537
0 0.624479 0.403241 0.008854 0.025926
0 0.633073 0.402315 0.008854 0.025926
0 0.641927 0.400926 0.008854 0.025926
0 0.650000 0.400000 0.008854 0.025926
0 0.659115 0.398611 0.008854 0.025926
0 0.580339 0.434028 0.008594 0.024537
0 0.588542 0.433102 0.008854 0.025463
0 0.596354 0.432176 0.008854 0.025463
0 0.605208 0.430787 0.008854 0.025463
0 0.613151 0.429630 0.009635 0.025926
0 0.622135 0.428472 0.008854 0.027315
0 0.642188 0.425694 0.009896 0.026389
0 0.650521 0.424769 0.009896 0.026389
0 0.659635 0.424074 0.009375 0.026852
0 0.579557 0.460880 0.009115 0.026389
0 0.587891 0.459028 0.009115 0.026389
0 0.596484 0.457639 0.009115 0.026389
0 0.605078 0.456713 0.009115 0.026389
0 0.613672 0.456250 0.009115 0.026389
0 0.642318 0.452546 0.009115 0.026389
0 0.621484 0.453935 0.009115 0.026389
0 0.651432 0.452083 0.009115 0.026389
0 0.660286 0.451157 0.009115 0.026389
0 0.582422 0.484954 0.009115 0.026389
0 0.590755 0.484954 0.009115 0.026389
0 0.598828 0.484028 0.009115 0.026389
0 0.607682 0.483102 0.009115 0.026389
0 0.616536 0.482176 0.009115 0.026389
0 0.624870 0.481250 0.009115 0.026389
0 0.634245 0.479861 0.009115 0.026389
0 0.642578 0.478472 0.009115 0.026389
0 0.651432 0.478009 0.009115 0.026389
0 0.660286 0.477546 0.009115 0.026389
0 0.579167 0.514815 0.008854 0.026852
0 0.587240 0.513889 0.008854 0.026852
0 0.595833 0.512963 0.008854 0.026852
0 0.604427 0.511574 0.008854 0.026852
0 0.613542 0.511574 0.008854 0.026852
0 0.622135 0.510648 0.008854 0.026852
0 0.642969 0.508796 0.008854 0.026852
0 0.652083 0.507870 0.008854 0.026852
0 0.660937 0.507407 0.008854 0.026852
0 0.578646 0.541204 0.008854 0.026852
0 0.587370 0.540741 0.008594 0.027778
0 0.596224 0.540046 0.009115 0.028241
0 0.604818 0.538657 0.009115 0.028241
0 0.613672 0.537731 0.009115 0.028241
0 0.622526 0.537731 0.009115 0.028241
0 0.643099 0.535880 0.009115 0.028241
0 0.652214 0.534954 0.009115 0.028241
0 0.661589 0.534491 0.009115 0.028241
0 0.581510 0.568519 0.008854 0.027778
0 0.590104 0.568056 0.008854 0.027778
0 0.598698 0.567130 0.008854 0.027778
0 0.607552 0.566204 0.008854 0.027778
0 0.616667 0.565509 0.009896 0.028241
0 0.625781 0.564583 0.009896 0.028241
0 0.634375 0.564583 0.009896 0.028241
0 0.644271 0.563657 0.009896 0.028241
0 0.652604 0.562731 0.009896 0.028241
0 0.661979 0.561806 0.009896 0.028241
0 0.581250 0.596296 0.008854 0.027778
0 0.589844 0.595370 0.009375 0.027778
0 0.598698 0.594907 0.009375 0.027778
0 0.608073 0.593981 0.009375 0.027778
0 0.616927 0.592593 0.009375 0.027778
0 0.635156 0.591667 0.009375 0.027778
0 0.644010 0.591667 0.009375 0.027778
0 0.653385 0.591435 0.010417 0.029167
0 0.662500 0.590509 0.010417 0.029167
0 0.577344 0.628009 0.009375 0.029167
0 0.585938 0.628009 0.009375 0.029167
0 0.594792 0.627546 0.009375 0.029167
0 0.604167 0.627083 0.009375 0.029167
0 0.613281 0.627083 0.009375 0.029167
0 0.622135 0.626620 0.009375 0.029167
0 0.644792 0.624769 0.009375 0.029167
0 0.654036 0.624537 0.010677 0.030556
0 0.663151 0.625463 0.010677 0.030556
0 0.580469 0.658102 0.009896 0.030093
0 0.589583 0.657176 0.009896 0.030093
0 0.598698 0.657639 0.009896 0.030093
0 0.607552 0.656713 0.009896 0.030093
0 0.617188 0.656250 0.009896 0.030093
0 0.626302 0.655787 0.009896 0.030093
0 0.635938 0.655787 0.009896 0.030093
0 0.645182 0.655324 0.010677 0.030093
0 0.654297 0.654398 0.010677 0.030093
0 0.664193 0.654398 0.010677 0.030093
0 0.580469 0.688657 0.009896 0.030093
0 0.589453 0.689120 0.010156 0.031944
0 0.598828 0.688194 0.010156 0.031944
0 0.608203 0.687731 0.010156 0.031944
0 0.617578 0.688194 0.010156 0.031944
0 0.627214 0.687269 0.010156 0.031944
0 0.636589 0.687731 0.010156 0.031944
0 0.645964 0.687269 0.010156 0.031944
0 0.655599 0.686343 0.010156 0.031944
0 0.664974 0.686343 0.010156 0.031944
0 0.576823 0.719676 0.009896 0.030093
0 0.586198 0.720139 0.009896 0.030093
0 0.594792 0.720139 0.009896 0.030093
0 0.604427 0.718981 0.010417 0.032407
0 0.613542 0.718519 0.010417 0.032407
0 0.623177 0.718981 0.010417 0.032407
0 0.645833 0.718981 0.010417 0.032407
0 0.655729 0.718056 0.010417 0.032407
0 0.665365 0.718056 0.010417 0.032407
0 0.577995 0.755093 0.010156 0.032407
0 0.587630 0.755093 0.010156 0.032407
0 0.596745 0.754630 0.010156 0.032407
0 0.606380 0.754167 0.010156 0.032407
0 0.615755 0.754167 0.010156 0.032407
0 0.625130 0.753704 0.010156 0.032407
0 0.646745 0.753704 0.010156 0.032407
0 0.656641 0.753241 0.010156 0.032407
0 0.666276 0.753704 0.010156 0.032407
0 0.580078 0.787037 0.010156 0.032407
0 0.589453 0.787500 0.010156 0.032407
0 0.599089 0.787963 0.010156 0.032407
0 0.608203 0.787037 0.010156 0.032407
0 0.618099 0.787037 0.010156 0.032407
0 0.627734 0.787037 0.010156 0.032407
0 0.637370 0.787037 0.010156 0.032407
0 0.647266 0.786574 0.010677 0.033333
0 0.657422 0.786574 0.010677 0.033333
0 0.667057 0.786574 0.010677 0.033333
0 0.577995 0.822685 0.010156 0.032407
0 0.587370 0.822685 0.010156 0.032407
0 0.597266 0.822222 0.010156 0.032407
0 0.607161 0.822685 0.010156 0.032407
0 0.616536 0.822685 0.010156 0.032407
0 0.626172 0.822685 0.010156 0.032407
0 0.647656 0.822685 0.010417 0.033333
0 0.657813 0.822685 0.010417 0.034259
0 0.668099 0.822917 0.011198 0.035648
0 0.576302 0.856481 0.010417 0.035185
0 0.585677 0.856944 0.010417 0.035185
0 0.595313 0.855556 0.010417 0.035185
0 0.604948 0.856019 0.010417 0.035185
0 0.615365 0.855556 0.010417 0.035185
0 0.624740 0.856019 0.010417 0.035185
0 0.648698 0.856019 0.010417 0.035185
0 0.658594 0.856481 0.010417 0.035185
0 0.667969 0.856944 0.010417 0.035185
0 0.589063 0.894907 0.010417 0.035185
0 0.598698 0.894907 0.010417 0.035185
0 0.608333 0.894907 0.010417 0.035185
0 0.618750 0.894444 0.010417 0.035185
0 0.628906 0.894907 0.010417 0.035185
0 0.639193 0.895139 0.010677 0.034722
0 0.649089 0.895370 0.010677 0.035185
0 0.659245 0.895370 0.010677 0.035185
0 0.669922 0.895139 0.010677 0.034722
0 0.578906 0.929167 0.010417 0.035185
0 0.588802 0.930093 0.010417 0.035185
0 0.598958 0.929167 0.010417 0.035185
0 0.608594 0.930093 0.010417 0.035185
0 0.619010 0.930093 0.010417 0.035185
0 0.628516 0.930787 0.010677 0.036574
0 0.639453 0.930787 0.010677 0.036574
0 0.649870 0.931250 0.010677 0.036574
0 0.659896 0.931481 0.010937 0.037963
0 0.670312 0.931481 0.010937 0.037963
0 0.668229 0.298611 0.008854 0.025926
0 0.676302 0.300463 0.008854 0.025926
0 0.683724 0.303935 0.008594 0.025463
0 0.690755 0.305787 0.008594 0.025463
0 0.699089 0.309028 0.008594 0.025463
0 0.706380 0.311343 0.008594 0.025463
0 0.713411 0.313657 0.008594 0.025463
0 0.721224 0.316898 0.008594 0.025463
0 0.729036 0.319213 0.008594 0.025463
0 0.735938 0.321759 0.008333 0.025926
0 0.669141 0.325694 0.008594 0.026389
0 0.676693 0.327546 0.008594 0.026389
0 0.684245 0.329861 0.008594 0.026389
0 0.702214 0.336806 0.008594 0.026389
0 0.708984 0.339120 0.008594 0.026389
0 0.716927 0.341204 0.009375 0.027778
0 0.723958 0.344444 0.009375 0.026852
0 0.732292 0.346991 0.009375 0.027315
0 0.739323 0.349769 0.009375 0.027315
0 0.670182 0.349769 0.008594 0.026389
0 0.677474 0.352083 0.008594 0.026389
0 0.685547 0.353935 0.008594 0.026389
0 0.702995 0.359491 0.008594 0.026389
0 0.710807 0.362269 0.008594 0.026389
0 0.718359 0.364120 0.008594 0.026389
0 0.725911 0.367361 0.008594 0.026389
0 0.733724 0.369676 0.008594 0.026389
0 0.741016 0.372454 0.008594 0.026389
0 0.670703 0.374306 0.008594 0.026389
0 0.678255 0.376620 0.008594 0.026389
0 0.685807 0.378009 0.008594 0.026389
0 0.694141 0.380787 0.008594 0.026389
0 0.701432 0.384028 0.008594 0.026389
0 0.709245 0.386343 0.008594 0.026389
0 0.717057 0.388657 0.008594 0.026389
0 0.725130 0.391898 0.008594 0.026389
0 0.732422 0.393750 0.008594 0.026389
0 0.740234 0.396065 0.008594 0.026389
0 0.670573 0.401157 0.009375 0.028241
0 0.678906 0.403472 0.009375 0.028241
0 0.686719 0.406250 0.009375 0.028241
0 0.694792 0.409028 0.009375 0.028241
0 0.702344 0.411343 0.009375 0.028241
0 0.710417 0.414120 0.009375 0.028241
0 0.718229 0.416435 0.009375 0.028241
0 0.726042 0.418750 0.009375 0.028241
0 0.733594 0.421528 0.009375 0.028241
0 0.741146 0.424769 0.009375 0.028241
0 0.671615 0.427083 0.009375 0.028241
0 0.679688 0.429398 0.009375 0.028241
0 0.687240 0.431713 0.009375 0.028241
0 0.703906 0.437731 0.009375 0.028241
0 0.712240 0.439120 0.009375 0.028241
0 0.720313 0.441435 0.009375 0.028241
0 0.728125 0.444676 0.009375 0.028241
0 0.735938 0.446528 0.009375 0.028241
0 0.743620 0.449769 0.009115 0.028241
0 0.672135 0.453472 0.009375 0.028241
0 0.680208 0.456250 0.009375 0.028241
0 0.688281 0.458102 0.009375 0.028241
0 0.704427 0.463194 0.009375 0.028241
0 0.712500 0.465509 0.009375 0.028241
0 0.720573 0.467824 0.009375 0.028241
0 0.728646 0.471065 0.009375 0.028241
0 0.735938 0.473843 0.009375 0.028241
0 0.743750 0.476157 0.009375 0.028241
0 0.672135 0.479398 0.009375 0.028241
0 0.680990 0.482176 0.009375 0.028241
0 0.689063 0.484491 0.009375 0.028241
0 0.697396 0.487269 0.009375 0.028241
0 0.704948 0.489583 0.009375 0.028241
0 0.713281 0.491435 0.009375 0.028241
0 0.721354 0.495139 0.009375 0.028241
0 0.729167 0.496991 0.009375 0.028241
0 0.737500 0.499769 0.009375 0.028241
0 0.745573 0.502083 0.009375 0.028241
0 0.673698 0.509491 0.009375 0.028241
0 0.681510 0.510417 0.009375 0.028241
0 0.690365 0.513657 0.009375 0.028241
0 0.707161 0.518519 0.010156 0.028704
0 0.716536 0.520833 0.010156 0.028704
0 0.724349 0.523611 0.010156 0.028704
0 0.733203 0.525000 0.010156 0.028704
0 0.740234 0.528704 0.010156 0.028704
0 0.748307 0.531944 0.009635 0.029630
0 0.674740 0.535880 0.009375 0.028241
0 0.682813 0.538194 0.009375 0.028241
0 0.691406 0.540972 0.009375 0.028241
0 0.709115 0.545370 0.009375 0.029630
0 0.716927 0.547685 0.009375 0.029630
0 0.725260 0.550463 0.009375 0.029630
0 0.733594 0.553241 0.009375 0.029630
0 0.741406 0.556019 0.009375 0.029630
0 0.749740 0.558333 0.009375 0.029630
0 0.675391 0.563889 0.009635 0.029630
0 0.683464 0.567593 0.010156 0.031481
0 0.691797 0.570833 0.010156 0.031481
0 0.700521 0.572685 0.010417 0.031481
0 0.708984 0.574537 0.010156 0.030556
0 0.716797 0.577315 0.010156 0.030556
0 0.725130 0.579630 0.010156 0.030556
0 0.733203 0.581944 0.010156 0.030556
0 0.741797 0.583796 0.010156 0.030556
0 0.749740 0.586806 0.009375 0.031019
0 0.676172 0.592824 0.010156 0.031019
0 0.684505 0.595139 0.010156 0.031019
0 0.692578 0.598380 0.010156 0.031019
0 0.701172 0.600694 0.010156 0.031019
0 0.718880 0.605787 0.010156 0.031019
0 0.726172 0.608102 0.010156 0.031019
0 0.734766 0.609954 0.010156 0.031019
0 0.743099 0.612731 0.010156 0.031019
0 0.751172 0.615046 0.010156 0.031019
0 0.676953 0.625694 0.010156 0.031944
0 0.685547 0.628009 0.010156 0.031944
0 0.693620 0.629861 0.010156 0.031944
0 0.712370 0.634954 0.010156 0.031944
0 0.720964 0.637731 0.010156 0.031944
0 0.729557 0.640509 0.010156 0.031944
0 0.738151 0.643287 0.010156 0.031019
0 0.746224 0.645139 0.010156 0.031019
0 0.754557 0.647917 0.010156 0.031019
0 0.677734 0.655324 0.010156 0.031944
0 0.686328 0.657870 0.010156 0.032407
0 0.694661 0.660185 0.010156 0.032407
0 0.703255 0.662963 0.010156 0.032407
0 0.712109 0.664815 0.010156 0.032407
0 0.720443 0.667593 0.010156 0.032407
0 0.729297 0.670370 0.010156 0.032407
0 0.737370 0.673148 0.010156 0.032407
0 0.746224 0.674537 0.010156 0.032407
0 0.754297 0.676852 0.010156 0.032407
0 0.677995 0.689352 0.010156 0.033333
0 0.687370 0.691898 0.011198 0.033796
0 0.695964 0.694213 0.011198 0.033796
0 0.704818 0.696065 0.010677 0.034722
0 0.713151 0.699537 0.010677 0.033333
0 0.722266 0.701389 0.010677 0.033333
0 0.730859 0.703704 0.010677 0.033333
0 0.739714 0.705093 0.010677 0.033333
0 0.747526 0.707407 0.010677 0.033333
0 0.756380 0.710185 0.010677 0.033333
0 0.678776 0.720833 0.010156 0.033333
0 0.688411 0.723148 0.010156 0.033333
0 0.696484 0.724074 0.010156 0.033333
0 0.716406 0.729861 0.010417 0.034722
0 0.725130 0.733333 0.010156 0.033333
0 0.733984 0.734954 0.010677 0.033796
0 0.742839 0.737731 0.010677 0.033796
0 0.751693 0.740046 0.010677 0.033796
0 0.759505 0.742130 0.010156 0.033333
0 0.680078 0.755556 0.010156 0.033333
0 0.688411 0.756481 0.010156 0.033333
0 0.698047 0.758796 0.010156 0.033333
0 0.717839 0.765278 0.010156 0.033333
0 0.726953 0.766667 0.010156 0.033333
0 0.735807 0.768519 0.010156 0.033333
0 0.744661 0.770833 0.010156 0.033333
0 0.753255 0.773148 0.010156 0.033333
0 0.761589 0.775463 0.010156 0.033333
0 0.680729 0.787731 0.010937 0.035648
0 0.689844 0.790509 0.010937 0.035648
0 0.698698 0.792824 0.010937 0.035648
0 0.707552 0.795602 0.010937 0.035648
0 0.716406 0.797917 0.010937 0.035648
0 0.725521 0.800231 0.010937 0.035648
0 0.734896 0.802546 0.010937 0.035648
0 0.743490 0.803935 0.010937 0.035648
0 0.752214 0.806019 0.011198 0.035185
0 0.761198 0.808102 0.011979 0.033796
0 0.681771 0.823843 0.010937 0.035648
0 0.691146 0.826157 0.010937 0.035648
0 0.700521 0.828472 0.010937 0.035648
0 0.723177 0.833565 0.010937 0.035648
0 0.732552 0.835880 0.010937 0.035648
0 0.682813 0.859028 0.010937 0.037500
0 0.750781 0.840046 0.010937 0.035648
0 0.742057 0.837963 0.011719 0.035185
0 0.759375 0.840509 0.010937 0.035648
0 0.692187 0.861343 0.010937 0.037500
0 0.701302 0.863194 0.010937 0.037500
0 0.724609 0.868981 0.011719 0.037963
0 0.733724 0.870370 0.011719 0.037963
0 0.743359 0.872222 0.011719 0.037963
0 0.752734 0.875463 0.011719 0.037963
0 0.761068 0.876389 0.011719 0.037963
0 0.684115 0.897454 0.010937 0.037500
0 0.692969 0.900231 0.010937 0.037500
0 0.703125 0.901157 0.010937 0.037500
0 0.711979 0.903009 0.010937 0.037500
0 0.721094 0.905324 0.010937 0.037500
0 0.730208 0.908102 0.010937 0.037500
0 0.740104 0.908796 0.011458 0.039815
0 0.749089 0.911111 0.011719 0.037963
0 0.758073 0.912963 0.010937 0.037963
0 0.684896 0.933565 0.010937 0.037500
0 0.694271 0.934954 0.010937 0.037500
0 0.703906 0.937731 0.011458 0.038426
0 0.713542 0.939120 0.011458 0.038426
0 0.723177 0.941435 0.011458 0.038426
0 0.732552 0.943750 0.011458 0.038426
0 0.741667 0.945139 0.011458 0.038426
0 0.751042 0.947454 0.011458 0.038426
0 0.760417 0.949306 0.011458 0.038426
0 0.769401 0.951852 0.011198 0.037037
0 0.721224 0.203704 0.016406 0.012963
0 0.721745 0.213889 0.016406 0.012963
0 0.722266 0.223611 0.016406 0.012963
0 0.722786 0.233796 0.016406 0.012963
0 0.723568 0.244444 0.016406 0.012963
0 0.724349 0.254167 0.016406 0.012963
0 0.725130 0.263889 0.016406 0.012963
0 0.725911 0.274537 0.016406 0.012963
0 0.726562 0.284722 0.017188 0.012963
0 0.736068 0.205556 0.016406 0.012963
0 0.736849 0.215278 0.016406 0.012963
0 0.736849 0.224074 0.016406 0.012963
0 0.738151 0.234722 0.016406 0.012963
0 0.738672 0.245370 0.016406 0.012963
0 0.739974 0.254630 0.016406 0.012963
0 0.740495 0.265741 0.016406 0.012963
0 0.741276 0.275463 0.016406 0.012963
0 0.742578 0.286574 0.016406 0.012963
0 0.757161 0.206019 0.016406 0.012963
0 0.757422 0.216204 0.016406 0.012963
0 0.758203 0.225926 0.016406 0.012963
0 0.759245 0.235648 0.016406 0.012963
0 0.760547 0.246296 0.016406 0.012963
0 0.760807 0.255556 0.016406 0.012963
0 0.761589 0.266204 0.016406 0.012963
0 0.762240 0.276852 0.016667 0.012963
0 0.763672 0.287500 0.016406 0.012963
0 0.771745 0.206019 0.015365 0.014815
0 0.772526 0.216204 0.016406 0.012963
0 0.773307 0.225926 0.016406 0.012963
0 0.774089 0.236111 0.016406 0.012963
0 0.775260 0.246296 0.016146 0.012963
0 0.776042 0.256481 0.016146 0.012963
0 0.776823 0.266204 0.016146 0.012963
0 0.778125 0.275463 0.016146 0.012963
0 0.779167 0.286111 0.016146 0.012963
